1 0.3445792684749681 0.07600546419931438 0.009505914182079108 0.011940898425714132
1 0.3141591013694296 0.07528789065027539 0.009845110834861247 0.011463771159207936
1 0.4406155566779935 0.4799857675030977 0.016975169279137444 0.019753750849699638
1 0.055825364832975434 0.45908487937342835 0.014851463084318202 0.018544308535077565
1 0.5615587039869658 0.48710822046670393 0.01666228625239156 0.019897826802122875
1 0.3773615311603157 0.07616225691479668 0.010110349071269134 0.011352872460128687
1 0.44124011604153385 0.07534380178171379 0.009966324786750655 0.012056343900412249
1 0.8180685237962373 0.07749233087005712 0.032142483458226984 0.013655388050877059
1 0.40888073979591844 0.07582679012616621 0.00956819495376277 0.011498653453409025
1 0.21659942549102162 0.4656886446996371 0.01474275394361845 0.01759303782356505
1 0.32720997868751994 0.4716976349402011 0.015819238156688436 0.019266393338050955
1 0.1607491921405403 0.4634760700140998 0.01533039248719508 0.019033229000845298
1 0.9593681802555005 0.5197402869966663 0.015085959921077658 0.018162237296353623
1 0.0057859870852256315 0.4571939180195578 0.011571974170451263 0.019144482916769713
1 0.1090900654695472 0.46151868311017197 0.015854621420101248 0.02081457043627954
1 0.09973453988834304 0.0775071078908185 0.009805484693877549 0.01130264479821388
1 0.2723869985463668 0.46964171088340795 0.015326636178152928 0.020420279738079805
1 0.6048866583376514 0.0752397587677474 0.009767182019292104 0.010711990227973771
1 0.4864638192313059 0.07483989116507762 0.008938692053969967 0.010506106544481357
1 0.6893670218331472 0.49611318062326437 0.016113125548070827 0.017539755296781336
1 0.38343826605349174 0.47656119294165256 0.01577509665975767 0.019174889478720973
1 0.2821890383350606 0.07444755415952663 0.009366989135742188 0.010857060787563655
1 0.5389441665338011 0.0754042596887711 0.009772553735849739 0.010916737217561454
1 0.5007665984484614 0.48332892636361713 0.016033250458386508 0.019039907077535508
1 0.16103419479058714 0.07457038814460543 0.008635618248764338 0.009868634394040609
1 0.22159650374432002 0.07356814381580314 0.00890334771603953 0.010241327908050659
1 0.6717948135064573 0.07455237865055252 0.008880926638233439 0.009859825016279022
1 0.013113928996786779 0.07726183065919064 0.009703116149318462 0.011191248795551324
1 0.07047565615907007 0.07777941712436796 0.009297390373385677 0.011148480687386232
1 0.8215215254803093 0.5089578217466 0.01691981724330352 0.019647754143084523
1 0.7719290597098215 0.07786406529858508 0.010475625797193862 0.011518971856955888
1 0.982309458207111 0.07825931508226693 0.009721094248246256 0.011953473102035102
1 0.752800143494898 0.5024855576964935 0.016406935088488492 0.019059230873915686
1 0.7395618983677456 0.07664371782681464 0.010203458824936283 0.011321613377748882
1 0.6254039686553332 0.4917663210448772 0.01650674002511162 0.020232298983586743
1 0.505943454041773 0.07481204216441198 0.009460916324537706 0.011642871492570364
1 0.6386183135363521 0.07484404720216677 0.010257020288584207 0.011255685131275128
1 0.8897695736009248 0.5133020527203326 0.016056761449697043 0.018245073864660087
1 0.57106707047443 0.07548528465116691 0.009651884740712761 0.01049466856206512
1 0.041263754270514666 0.07788900152111987 0.009316894472861775 0.011020176362890967
1 0.13190588659169722 0.07615408692735652 0.009461578057736762 0.010962631233964513
0 0.07441535287973831 0.23899969745229976 0.015501294817243298 0.02416099729177511
1 0.7049901534099968 0.07624495139636507 0.00995340152662631 0.011103368148042657
1 0.2511521358879245 0.07333632930260929 0.00971689029615756 0.010805057041422721
0 0.16332241467067174 0.11352858251454881 0.021374906812395386 0.027872302890685787
0 0.5844939095633371 0.27115179498099423 0.018931330466757018 0.022303639451462715
0 0.5077092696209343 0.3318452108066713 0.013374484315210516 0.01770017122408496
1 0.19031641434650032 0.07284225819258587 0.008422384456712388 0.010077359812294812
0 0.3881183546416614 0.07256412340277471 0.0075000840790417755 0.014792792389287471
