1 0.37598419189453125 0.07948506185008479 0.009753168845663266 0.012219388432370522
1 0.10709123222195373 0.465121718614658 0.015407893122458938 0.019613937499419042
1 0.2711516594400211 0.4765852056003898 0.015240416234853293 0.019779184375817795
1 0.5384178940130739 0.07885995124585785 0.009890497947225766 0.011784958230660357
1 0.44002073638293215 0.48665943950444657 0.016222428302375656 0.019655568913679446
1 0.21502366357920125 0.473386833125984 0.015396040313097914 0.019667930459893297
1 0.34374758662009725 0.07918064101372697 0.009256012585698354 0.011245881146346918
1 0.9583344751474809 0.5231147049395657 0.014922161491549775 0.018475254380365864
1 0.13009593924697563 0.07673788581248378 0.009570121765136719 0.011062518210841782
1 0.8169879524075255 0.07668073142208709 0.03365434919084824 0.01349724551138289
1 0.05366902448693101 0.46092724706287236 0.015001141295141105 0.019259573174622686
1 0.1592842705395757 0.46960803632648057 0.01569524103281449 0.020674188739046636
1 0.32588405998385683 0.4791610250318543 0.015747770971181466 0.01880233805144898
1 0.06932956345227301 0.0768629576636875 0.009086433722048384 0.010710569360592873
1 0.6886444091796875 0.4996413364167771 0.016195958974410087 0.017241799407006625
1 0.6240565241599569 0.4961955909313567 0.016768474968112276 0.0190745762416295
1 0.7519377105090084 0.5047432449213746 0.01686501016422193 0.019879497612909268
1 0.3823378815942881 0.48164903485917915 0.015253806600765297 0.01689212394456717
1 0.560245046810228 0.4934438681181368 0.016684863032126872 0.019489469516852265
1 0.8889389038085938 0.5158059762623235 0.016715224908322605 0.018822372281519784
1 0.8212452324069277 0.510546209391708 0.017111797722018433 0.01996489174250135
1 0.004540379862396085 0.4561652810791552 0.00908075972479217 0.017498408055997134
0 0.0558340598125847 0.218090070988238 0.014688375044842154 0.024205896701011545
1 0.7391650141501914 0.0775252594716095 0.009635146783322699 0.011259450429834521
1 0.5704163531867825 0.07818443537129349 0.009542659837372474 0.011079710706150677
1 0.4993086834343112 0.49088751456979063 0.016879957549425992 0.020700901045807563
1 0.25037563090421716 0.07587517066048585 0.00934343921894929 0.011020247406260017
1 0.671227435676419 0.07705512997695423 0.009678120515784525 0.010523370083159303
1 0.03991830835537035 0.0770127881290034 0.009257963725498742 0.011389317708448773
1 0.3133102728396046 0.0779648403175754 0.0096435546875 0.010589724589847324
1 0.011920720947032074 0.07632586979370731 0.009257207111436492 0.01045587888256655
1 0.4070989647690131 0.0796320505806389 0.009145464215959815 0.010798521051470578
1 0.9470764471560108 0.07769114573832955 0.010498669682716693 0.012589453341725922
1 0.5054073722995058 0.07778637937453438 0.009817785146285085 0.011552220153668948
1 0.09861922750667651 0.07631791293637427 0.009535108293805798 0.010842994200492746
1 0.6041058131626674 0.07789955146142306 0.009434602698501217 0.010679523408320206
1 0.16021448252152423 0.07692885038847673 0.009847173885423301 0.01142704173741166
0 0.6452222940873127 0.2726802220226283 0.012050317258250936 0.02035563027224885
1 0.7041508421605948 0.07793862531439781 0.009641063456632579 0.01137716929234207
1 0.6379761987802934 0.07767448606828851 0.009372944734534431 0.010755966073412624
1 0.4395635176678093 0.07831103465493168 0.010831249003507673 0.012217612348144394
1 0.188610991653131 0.07623177285140723 0.008691787719726562 0.010206729787325747
1 0.7716936383928572 0.07728182936757681 0.009436159717793319 0.010390945243259429
1 0.9826154124980069 0.07839543417735714 0.010878893793845622 0.012733884510994388
1 0.2208341870989118 0.07582192365538663 0.009383532465720669 0.010355494602105974
1 0.28072855423907844 0.0768378793544146 0.009199337083466224 0.0101994123203141
0 0.569517369173011 0.371181284856565 0.0232933200135523 0.021167798067171274
1 0.48294441067442606 0.0771414476703439 0.008480850531130426 0.009382981923249004
0 0.1828663105867347 0.11108401570739496 0.009979637301698025 0.011706384264496595
0 0.04246629922305596 0.012119743061447098 0.00664054718108772 0.008887811578394538
