1 0.05467581262393874 0.4649407711537004 0.015130802076690056 0.018757154468736388
1 0.3262475266748545 0.47971736565484563 0.01592079474001516 0.020080550347306637
1 0.4999109384964923 0.48759451232781686 0.015152756048708551 0.01808593671799923
1 0.27121347310591715 0.47742635908988257 0.01570242278429926 0.020071172622592663
1 0.8159351738131777 0.07930578390829975 0.03380802699497764 0.014025879220446725
1 0.1598603968717614 0.47002236125475094 0.015109704465282208 0.018824219409114863
1 0.2161504784408881 0.47463151295165235 0.015707210618622427 0.01987281953621906
1 0.9587257540955837 0.5232570048077628 0.014604529555963136 0.016824774830712413
1 0.538325445992606 0.07810003584886804 0.009629230110012725 0.010893506035883741
1 0.3437840987224968 0.07804632706187002 0.009462940449617327 0.011932657394904912
1 0.6887870321468432 0.5009034218678614 0.01632472446986611 0.018062776579690663
1 0.8890629982461736 0.5163440587394702 0.016384514010682447 0.01786911235567396
1 0.10761848761110891 0.46633208449307767 0.01494812478824538 0.01885007919544728
1 0.06888782248205068 0.078561782225976 0.009567883549904331 0.011966331951832238
1 0.7522681878537548 0.506477697733239 0.017584197375239148 0.020616217349905933
1 0.5610190800258091 0.4921462609825299 0.016524412194076816 0.019658552735179323
1 0.3759778859663983 0.07676502437945897 0.009458269391741065 0.010784809681244886
1 0.7713193309550382 0.07998865277156025 0.009641997668207896 0.01175000489309022
1 0.6038393682363081 0.08012860820857891 0.009603772844587013 0.011330706928986646
0 0.11670772396788305 0.5191566657199618 0.024728891800860953 0.03008544592317551
1 0.38289233616420204 0.4819538109123821 0.015932511310188108 0.017831885630294347
1 0.31235718240543286 0.07792999354505885 0.009666365020129164 0.011434643377899475
1 0.039283903277650176 0.07815495237313982 0.009492387576979035 0.011874330788918962
1 0.6242470254703444 0.49625910370328286 0.01672012951909272 0.019605696468609865
1 0.28123205535265866 0.07709651273942293 0.00913837977818081 0.010984867808475603
1 0.12977300371442524 0.0791831985750126 0.00967870439801897 0.011310175395332644
1 0.6708957905672034 0.08053199245801639 0.009945616430165886 0.010977763471571103
1 0.4400197243203922 0.4852249317966901 0.01607731410435273 0.01931385030857297
1 0.4380605269451531 0.07590053314323492 0.009557762924505801 0.010813795375815246
1 0.40747817681760207 0.07594486420551899 0.00896469427614797 0.010527419555194864
1 0.005222096735117387 0.46213754189792294 0.010444193470234774 0.01855766468845807
1 0.8212226556271923 0.5116479499588579 0.01699579978475767 0.019503678190661285
0 0.19181249579604792 0.1055666811023069 0.00991428141691245 0.013105441331099728
1 0.7044943984673948 0.08065539479004755 0.010067998146524234 0.010949914470905464
1 0.6379700485540897 0.07960082701994362 0.009087543098293975 0.010528272075623407
1 0.5708895313496493 0.07907190913740361 0.00976671491350449 0.010122259221531248
1 0.1883228263076471 0.0782660642023262 0.008611211971360801 0.009970368498513033
1 0.011110423779001042 0.07660180223907809 0.009068720194758201 0.010626809228488816
1 0.7395510770836655 0.08023730456321773 0.00949859619140625 0.011131501322184474
1 0.09832024087711257 0.07832971906099051 0.009239955824248643 0.011029909304450128
1 0.22052258861308197 0.07776975522617785 0.009140559605189745 0.010278767763537368
1 0.25025250960369505 0.07642224012381685 0.009425182731784104 0.01058055999524052
1 0.1589757958237006 0.07854434107887545 0.009367183763153701 0.010326722037642752
0 0.6064849386409839 0.4052726532300808 0.027977534702845995 0.03206499835824539
1 0.4832322256905691 0.07560577420506723 0.008322423818160085 0.009343481810059978
0 0.038934415700484296 0.19767234881144383 0.01456854294757454 0.02269182041992455
1 0.5050443532515545 0.07588071204327136 0.009402995206871819 0.010636684256786075
1 0.9829542198959661 0.07810010689223709 0.01016546755420902 0.010525927644444925
0 0.6979784284319196 0.2789452525652305 0.011507618183992327 0.02450484719795291
1 0.9481309384715801 0.07676609002999464 0.009130672532685067 0.01032984794588073
0 0.4546235142921915 0.057424568329178596 0.007492298982581306 0.01075767111426969
