1 0.8904448528679051 0.514187039968526 0.015684789540816427 0.01838659225579779
1 0.252373675910794 0.0771278783868563 0.009284661740672811 0.0106234701901437
1 0.4411023976851483 0.48672209975594427 0.016057539959343187 0.01892339595230171
1 0.6398676658163265 0.07776591888424943 0.009643087581712388 0.011695159412187486
1 0.8188568426638233 0.07741446733758382 0.03133719308035713 0.013584628855308239
1 0.5075638050935706 0.08022686118796814 0.009891899264588604 0.011836109456372758
1 0.34553531724579484 0.07847901670103859 0.009679366131218095 0.011331133189200924
1 0.6719587676379145 0.07820127264975717 0.009536431760204061 0.011435993201911337
1 0.005659895892045936 0.45790257562578157 0.011319791784091872 0.0174891724180213
1 0.05622862796394192 0.4621589969953745 0.015347110981843907 0.01851162858531688
1 0.16140801565987725 0.07757829334660159 0.009309496198381713 0.01052109669534986
1 0.8226841517857143 0.510143464532592 0.01705029545998082 0.01957457947296815
1 0.753562304438377 0.5059524030625204 0.017549164441167102 0.019668214633369496
1 0.10963218066157127 0.46670122583863544 0.015539986746651795 0.02030533156696506
1 0.2834101696403659 0.0776509707131346 0.009773332245495883 0.010924054684573081
1 0.4419838263064015 0.0807811415532572 0.009625181859853293 0.011832486244551466
1 0.1615882698370486 0.4725806329740614 0.0162567411150251 0.02134540648978379
1 0.21763400642239314 0.4758635470576307 0.01539596246213328 0.020005244376118902
1 0.5618692514847736 0.49401725914969896 0.016393933977399515 0.019199896744624877
1 0.5397399590939892 0.0797337491634268 0.009455077502192271 0.011558258840037774
1 0.32810500203346726 0.48051035174012585 0.015078466765734632 0.018755449427879364
1 0.13162744288541833 0.07853737882870905 0.009335848749900356 0.011354009154033408
1 0.10002576088418766 0.07792082895045203 0.009396922831632648 0.011073245759567574
1 0.6896953972018496 0.502268307073954 0.016672873983577752 0.021168934761075984
1 0.27285498015734616 0.47857349636985214 0.015424144511320173 0.020090212245496727
1 0.959442138671875 0.5208929656594214 0.015506043726084207 0.018463887441318667
1 0.2226718591184032 0.07742093228416691 0.009213038853236573 0.010668227512642047
1 0.6256928735849809 0.4971741422965824 0.015905574876434975 0.01926326742981302
1 0.5010618871572067 0.49046914016948456 0.01661324014469068 0.020096321975234626
1 0.3842799517573143 0.48451748192773997 0.01653616768973213 0.020156282578708547
1 0.7063637558294802 0.07766571221221145 0.010020197654257016 0.011035521730604687
1 0.013780876385922333 0.07718144508711623 0.00974511066261603 0.011254690524108504
1 0.07092757127722915 0.07808646656538044 0.009381002309371013 0.011226983610180956
1 0.6056496756417411 0.07670467303745525 0.00941934390943881 0.01033411054802343
1 0.31459458020268655 0.07745098362927294 0.009301321847098195 0.010407569391615948
1 0.19125615334024235 0.07701950172737815 0.008849708401426975 0.009471857177924292
0 0.08708297963045081 0.2695063595105431 0.01501550479811065 0.022946155681105678
1 0.41018423742177534 0.0807446607832526 0.00940961253886321 0.01023287374713431
1 0.7405715475277026 0.07697435366635005 0.009865118532764689 0.01096142349669075
1 0.04126976095900244 0.07713935189095705 0.008766132958081303 0.010878231711539062
1 0.9488764393086337 0.07928258824830656 0.009677186304209207 0.01197450193927241
1 0.5717715049276546 0.078122059293272 0.00962938581194199 0.010799018355053883
1 0.7735970166264748 0.07683596118345039 0.009688396843112275 0.010075512684699636
0 0.3886801661277304 0.07670211547616962 0.007408842748525169 0.013136558326741432
1 0.4878166354432398 0.08008711888105662 0.008667459293287612 0.011039642246009297
1 0.9841655809052137 0.07928241063988394 0.010101006955516467 0.011767978865458611
1 0.37839757179727357 0.0794091164885757 0.00914453000438459 0.009601511326431406
0 0.5271348758619658 0.26165507262390425 0.014017844686702752 0.022432654209648423
0 0.434403555733817 0.29890211640702974 0.015697401397082335 0.014367242608707953
0 0.1191840561068788 0.12899443978216857 0.009157453264508912 0.013276158546914845
