1 0.32704327057818977 0.47402515779685334 0.015595708574567482 0.019271934720836454
1 0.1302480697631836 0.07673500855603745 0.009959571215571178 0.011474001404350412
1 0.5003814697265625 0.4867950612959535 0.015791912468112276 0.018479232809032395
1 0.3835171290806361 0.4787425085448102 0.015681052694515297 0.019461620516186627
1 0.671148884053133 0.07954200311037435 0.00965118408203125 0.0117362224794955
1 0.005385257759872748 0.457985412194088 0.010770515519745496 0.017020144095586224
1 0.7522941122249682 0.5087439812057746 0.017234646544164577 0.0209367650310369
1 0.5386869080212652 0.07980514774931703 0.010066129723373783 0.01169317019785423
1 0.16061193115857184 0.46530891789209156 0.01529024085220027 0.019079691364200745
1 0.05597175384054378 0.4603836232029401 0.015014414884606182 0.018474686033413467
1 0.34395404737822866 0.07420629087824983 0.009072595713089961 0.010535944759480262
1 0.4405033345125159 0.48267220146016515 0.01640164122289549 0.019474976669567132
1 0.21676450846146564 0.46713984759911925 0.015178213314134239 0.0183505022243228
1 0.8166418270188935 0.07760365582935064 0.032731348154496166 0.014358149057470177
1 0.2723605876066247 0.47014015116062763 0.016126282361088977 0.020068899234783243
1 0.8212793311294245 0.5142640509805708 0.01739424102160395 0.021128582127458436
1 0.10885153011399874 0.46306380534353153 0.015744384454221147 0.020501695439005357
1 0.6248795645577567 0.49866690556695586 0.01650487160196108 0.020164381522779756
1 0.9584649533641583 0.5207467584059269 0.015930487185108345 0.017941576592099877
1 0.40671640512894613 0.07539854069756297 0.009158854581871819 0.011372622516723205
1 0.8894110699089207 0.5154360534397061 0.016296231016820734 0.018840133123780908
1 0.3763764050542092 0.07415670260665641 0.009383065359933055 0.01042405145323439
1 0.5614648157236528 0.4940908600800295 0.017026473064811844 0.021237136395359256
1 0.688755736059072 0.5038181181696706 0.01630043496890943 0.018954655034681484
1 0.15944516902067224 0.07563561242006611 0.009286588552046804 0.010849174973599652
1 0.06936538462736169 0.07744657894039216 0.009148013835050617 0.010849601233813929
1 0.2811430133118921 0.07587790583019409 0.009933705232581306 0.010790351064030396
1 0.637556893484933 0.07956836020029004 0.009974499138034058 0.011415248538150196
1 0.09827244038484534 0.07721160299727582 0.010073875894351879 0.011404378902686314
1 0.5054972901636241 0.07927974651354475 0.009218332718829715 0.011274440580703012
1 0.31310912540980745 0.07453152742173781 0.009713776257573354 0.010691032434105492
1 0.7394366361656968 0.07706486291851339 0.010015059490593189 0.011842077099372536
1 0.22099450169777388 0.07508602091713402 0.009186647376235637 0.010080627807270868
1 0.03999223514479034 0.07848704460174068 0.009271300568872567 0.011225491699431005
1 0.6045088476064254 0.07982987084174469 0.009612102897799775 0.011576659072620432
1 0.2503027818640884 0.07571269447547996 0.009892638848752432 0.011518829770217799
1 0.011722912897869033 0.07849539219760346 0.009364721118187418 0.011528065408193651
1 0.7047695237763074 0.07834708916472202 0.009816383828922248 0.01167100466671218
1 0.48403479128467797 0.07944318178403277 0.00901202766262762 0.011069977764591508
0 0.12881689655537507 0.5212184863763857 0.03996942481216119 0.021232589619740325
1 0.570920671735491 0.07902807537870285 0.009339157415896051 0.010273439510858996
1 0.9824288815868145 0.0801998291860465 0.01016889299665176 0.01206863440325704
0 0.45737387209522484 0.05758700899249999 0.009860758878746819 0.013664197428638647
1 0.771863197793766 0.07699772693476585 0.010326151945153069 0.011070119851329597
1 0.4387072349081234 0.0764826269875051 0.009423937116350393 0.010873258675705908
1 0.18889411614865675 0.07579592178231616 0.008675633644571109 0.010136752068816413
0 0.03899717817501146 0.19859022913950516 0.011933881409314213 0.017694914014775617
1 0.9473771075813138 0.07978450965060946 0.010572160993303518 0.011153666853326513
0 0.70127230274434 0.2803411837235956 0.012646889200015998 0.023859347146810025
0 0.6825338869678731 0.13316301602593736 0.007663648955675992 0.01052663807813537
0 0.6162128059231504 0.4198802355562679 0.023961125587930482 0.018843827378971324
0 0.19206292288643975 0.10693732082129204 0.010875234798509239 0.012501927911062473
