1 0.3278640435666454 0.4982452631716738 0.015975562893614473 0.019378215600927767
1 0.10952083431944556 0.4837050299593413 0.014971927720673232 0.019168637662245018
1 0.005760852171450245 0.47714829534344044 0.01152170434290049 0.017832311890508688
1 0.4110611896125638 0.10196087490642802 0.00892950564014666 0.010215823338563502
1 0.9592484454719388 0.5403273765652638 0.015557736766581587 0.017844957610198654
1 0.283657151825574 0.10151447389703379 0.009430398746412659 0.010951335338286364
1 0.7531011153240593 0.5232346971898827 0.017187624561543415 0.019960060793406308
1 0.1615254733027244 0.4879521446475894 0.014923095703125 0.019090774129771657
1 0.056323080646748444 0.4799339058436948 0.014830706070880497 0.017567746384185116
1 0.8177742471500319 0.10161688291351215 0.03280826490752545 0.011756114622828096
1 0.21763097023477362 0.493148967093231 0.015997516865632975 0.021063364314675124
1 0.2733575081338688 0.4965726891342474 0.016725968341438156 0.02142156498139996
1 0.5010527785943479 0.507140532366429 0.016612617336973896 0.021133697250029677
1 0.561742081934092 0.5103543212519175 0.016421181815011135 0.01957514781992055
1 0.8901430246781331 0.5333099257011061 0.016304327517139595 0.018624729628836545
1 0.822030359384965 0.5286021658079703 0.01688198167450571 0.01968213913370223
1 0.6894363091916454 0.5191836622001988 0.01665278843470986 0.01900495373996532
1 0.383730985680405 0.50047950608477 0.01521628243582588 0.016836710116712093
1 0.6255918230329242 0.5148735320436079 0.017374778280452845 0.019891717072385063
1 0.3464924948556083 0.10189825017661487 0.009391317562181091 0.010312584407202804
0 0.09726134125067264 0.3093110356226576 0.015277959862533882 0.022395427484268853
1 0.4415297216298629 0.5037678905077558 0.01672721395687182 0.018774915310997682
1 0.507692103483239 0.09952888277559514 0.009405408586774607 0.01083397169262402
1 0.04262846343371333 0.09897151202375262 0.008832328173579002 0.010622546626346107
1 0.014347526796010075 0.09836778547360824 0.00933927844981758 0.011460716294338999
1 0.10096725152463328 0.09916055842878137 0.00921658107212611 0.010689185306510337
1 0.9837291483976404 0.10254776417810876 0.010057099011479604 0.011814725402290224
1 0.19150821530089088 0.09925465537108147 0.008749086029675548 0.010151529089577777
0 0.3921443004997409 0.09783783746221708 0.008623317796356849 0.016792450097796997
1 0.13258005648243185 0.09926222148988477 0.009481975010463183 0.010804843911315592
1 0.16213808254319795 0.09912734565375282 0.009074425210758116 0.010438331170412436
1 0.7733766205456792 0.10102061591711749 0.009245891960299683 0.010845906978623573
1 0.6731695058394451 0.10107034627544899 0.010195673728475674 0.011295753591416498
1 0.0713166314728406 0.09926286088020617 0.009654833345997088 0.011103012931197429
1 0.6062775825967595 0.10128511038007203 0.009301166145168975 0.010860115652432582
1 0.3156863621303014 0.10167002335355783 0.00898431271922834 0.01065124814744029
1 0.2531175808030732 0.10082048674651774 0.009443244155572371 0.010772163961554877
1 0.9487225279516103 0.10351825212094795 0.00954546247209824 0.011498511366670914
1 0.5404525289730151 0.09966446904541754 0.009554882438815308 0.010655226576106812
1 0.6400879061951931 0.10078141289354298 0.009656477947624345 0.010730816720770685
1 0.7067565139459104 0.10063712381101259 0.009879131706393433 0.010993179882653872
1 0.37895646387216997 0.10259657097264269 0.007762441829759262 0.009935273074204796
0 0.8496746919593032 0.09813433696292638 0.00839342389787949 0.010644996330964334
1 0.7410490074936225 0.10051784199438604 0.009797388193558756 0.01109867928568569
1 0.572508208605708 0.10095582436454845 0.009522107182716786 0.010401175488401915
0 0.13778441292898994 0.02853293517943521 0.006971047849071272 0.014114754475122008
1 0.4420585243069396 0.10040275173653315 0.009696571194395678 0.01105861082554432
1 0.22342391889922475 0.10004554567697489 0.009309574049346323 0.010841786463218974
1 0.9194231617207431 0.1049348924213897 0.005699936224489708 0.007499835339973265
0 0.4131504759496572 0.29730939511640997 0.014713053800621772 0.016750605553429512
1 0.4882919155821509 0.09968443223211916 0.009033514528858439 0.01061501602922734
0 0.37254543693698183 0.2894414840814146 0.03180437671894929 0.01686711667866331
