1 0.6244926452636719 0.4970675772430149 0.01684103206712369 0.020602008676096916
1 0.5380699391267738 0.07709107792169098 0.009805796097735965 0.011931023397416885
1 0.3263645950628787 0.47537235320405363 0.016207169513313108 0.01936471736080929
1 0.34357031997369264 0.0771185717055114 0.009547330895248738 0.011609623195857302
1 0.10743249192529797 0.45971581553391705 0.015054663833306758 0.01968697008279736
1 0.817917181521046 0.0769070045524954 0.033368480448820174 0.012446514083207384
1 0.382874313665896 0.47955652346732774 0.016104094836176648 0.019097594293200012
1 0.21565289400061785 0.46669511610889763 0.014794875164421243 0.018606684613099136
1 0.054327682572968154 0.4556853120778872 0.014254920336664945 0.016673736628122847
1 0.499928532814493 0.4894022818965359 0.01706695556640625 0.021501417728206542
1 0.5704015225780253 0.07650347821631981 0.010008052903778724 0.01123167247253792
1 0.06892210123490314 0.07676843446117312 0.009300699039381374 0.010887396306145866
1 0.7393049901845503 0.07595275001948298 0.010403691505899234 0.011816075226302073
1 0.5604646254558953 0.49236152239073616 0.016331419652822043 0.01880290639840138
1 0.9588046949736927 0.517728267741943 0.015974395129145398 0.01792395783657664
1 0.13038016338737646 0.07807868731647002 0.009862315898038898 0.011762863742887368
1 0.6888192624461894 0.5000921776367366 0.01633998325892861 0.01770770182120368
1 0.752412445691167 0.5060615256773735 0.018829968510841878 0.021873116635049938
1 0.6712799072265625 0.07483427873892308 0.009542348433514035 0.010487919442005838
1 0.6037420934560348 0.07580128555667906 0.009502644441565681 0.010439680994424286
1 0.5052303392059949 0.0763793654505982 0.009698984574298465 0.011352162026438241
1 0.37639952679069677 0.07556108792593792 0.009691822285554827 0.01097151165509515
0 0.636620891337492 0.2735593126711911 0.011478190519371819 0.030197410272790423
1 0.15984984806605748 0.46277508509173265 0.015499698872468914 0.018726463733309013
1 0.2717986982695911 0.4711664436698516 0.015801643838687828 0.019654290133036677
1 0.011504078093840152 0.07518192946534477 0.00929887501560912 0.011049233100830367
1 0.04034024841931402 0.07617312655026058 0.009451729910714288 0.01101712149802203
1 0.8213198914819835 0.5098539628037335 0.01751117317044012 0.020797520027708703
1 0.6376782631387516 0.07503728516596915 0.009689642458545939 0.010606632911680031
1 0.09820025307791574 0.077305842026314 0.009806224278041297 0.011344773516057565
1 0.2811376221325933 0.07806131721273851 0.00992117122727994 0.011065999335924986
1 0.4397592349928252 0.4838167101354801 0.016003044284119854 0.018463603267842466
1 0.18869923572151026 0.07805982530198857 0.008885636621591995 0.01037687865618851
1 0.31234739264663386 0.07785934091454359 0.009616151147959207 0.010608480039275198
1 0.2501405209911113 0.07796778861739077 0.009060684515505426 0.010967888443273845
1 0.005306681808160275 0.45429719569011706 0.010363822080651109 0.01895437086120537
1 0.7713540524852519 0.07599406173858266 0.009723274075255146 0.010715329266318878
1 0.8891710553850445 0.5134395926828036 0.016951269033003927 0.01845109963489056
1 0.7045323897381218 0.07588401555993196 0.009662861726721931 0.010664106997237436
1 0.4406419870804767 0.07417037845519758 0.009493146623883888 0.010926683289227742
1 0.15918142941533303 0.07778836858886765 0.009467903448610895 0.010313792144476554
1 0.22010519066635445 0.07789230503778047 0.008953250184351095 0.010105066726222352
1 0.4855190199248644 0.07571489681992034 0.008565941635443207 0.010837594904445325
1 0.40764481680733816 0.07497942034188201 0.009236471993582615 0.01131493530105866
1 0.9827106242277185 0.07771249427072757 0.010410230986925898 0.011138605659088972
0 0.8379907413404815 0.12055505588657521 0.013916015624999906 0.01846985508431844
0 0.5617931521668726 0.3658308666470481 0.019980761469626872 0.017640068533872892
0 0.18153484500184353 0.11703727242494312 0.012017113821847118 0.012214628526644507
1 0.9467997648278061 0.0770716830819417 0.010493375817123876 0.012224432511572717
1 0.06171318462916782 0.012350818665103768 0.012299936644885011 0.010293757914405866
0 0.4275979145996477 0.06955724289078347 0.01121335610070439 0.008548934880431487
