1 0.8174246184679927 0.07740011657703673 0.03401230792610011 0.014256414952997731
1 0.5385911902602839 0.0796067946629434 0.009976134008290886 0.012009597363580636
1 0.43927235506018814 0.48701501156651683 0.016314915248325974 0.019020867454631447
1 0.10684377319958746 0.4665170814260708 0.015486152804627713 0.019281170358812372
1 0.15904143391823283 0.469795022473807 0.015146236030422904 0.019108819145509152
1 0.2150625890615035 0.47394807574143943 0.015407523330377081 0.019841276280363085
1 0.31351794028768737 0.07833945200254969 0.009598011873206306 0.01106564411907977
1 0.6711755869339924 0.07930716925399611 0.009899528659119854 0.012454613027278516
1 0.6240892215650908 0.4976885673318373 0.01563940242845191 0.018645616379335775
1 0.2705417944460499 0.4755718429843319 0.015395417505381082 0.018844821986137895
1 0.37617702873385683 0.07773544127892912 0.0095638352997449 0.0109976556149037
1 0.13013843614227918 0.07671632414997862 0.009626291236098943 0.011194161573682162
1 0.4066309247698103 0.0776520718853548 0.009248928147919302 0.011474782881409906
1 0.9581410933514031 0.5232871271962378 0.014462840800382673 0.016731281757049292
1 0.3441412010971381 0.07808334065714247 0.00967734200613838 0.011379868940365781
1 0.8889536954918686 0.5175157770251294 0.015487359494578967 0.017092324158535944
1 0.8209491651885364 0.5147604310000882 0.01679338727678574 0.019166080100959396
1 0.6887492744290099 0.5025992981303345 0.015458087531887725 0.017253592606268166
1 0.011941617848921796 0.07670374947365766 0.009502710128317075 0.011363244792009251
1 0.32546691505276426 0.4783442394179439 0.015378640622508795 0.018584661168695196
1 0.5708313766790897 0.07920490232425585 0.009660993303571482 0.011115587607518388
1 0.05403318697092484 0.4647920063389202 0.015941921545534712 0.020155572145018095
1 0.220994131905692 0.07549967093339853 0.008769755460778022 0.010238628260026948
1 0.6041691059968909 0.07826904802382609 0.009308017030054173 0.010779978732149831
1 0.28151753483986375 0.07768357961952627 0.009627906643614475 0.010990409191261112
1 0.7518710700833068 0.5084946189804266 0.016213864696269085 0.01908864282870038
1 0.5054336080745776 0.07891458359665346 0.009632188446667758 0.011834972762468048
1 0.2506433603714923 0.07644174152861971 0.009665158330177769 0.011169580567992589
1 0.06934135787341059 0.07647069170150554 0.009307063355737801 0.010629437833143476
1 0.09895997144738022 0.07629588949197033 0.009537560599190845 0.011064578468544087
1 0.38228210137814894 0.4824772584555056 0.014896626375159478 0.017087919469655155
0 0.6415290054009886 0.2744580112896104 0.019568307059151854 0.023772532149837076
1 0.5603756807288345 0.4942906340337841 0.01719089430205679 0.01958580432527729
1 0.49912285318180005 0.48969370179635846 0.015969023412587668 0.018343966234370734
1 0.0047390698170175355 0.46084810474975624 0.009478139634035071 0.018028533675810927
1 0.16013535674737425 0.0754328546448117 0.008744745838398835 0.01023280270376525
1 0.9828274006746253 0.07668314689663461 0.010011789750079715 0.011095979637661969
1 0.7046048689861687 0.07839614461104759 0.010507700394610965 0.011851667954193616
1 0.04008680217120113 0.07672246940140103 0.009325694064704739 0.01086750416281327
1 0.48331303499182876 0.07899916072750153 0.009647447235730165 0.011340155697069637
0 0.5695324333346621 0.3703931297203798 0.03139231156329725 0.0306441309773454
1 0.7726784530951053 0.07664393095692176 0.010082634127869947 0.01075809737448397
1 0.6380090518873565 0.0781808121594722 0.008854768714126217 0.011388962491603545
1 0.18914510765854195 0.07642000225769195 0.009313077342753509 0.010547027525051282
0 0.18240233830043248 0.11138094146831852 0.013347937136280292 0.01310366524687361
1 0.7396589785206075 0.07702884393040757 0.00976235525948662 0.010237846782967453
1 0.4384439429458307 0.07728474214570764 0.010718987912547811 0.011682797865973656
1 0.9483572512256856 0.07659071947350707 0.010898823640784431 0.011211211982252958
0 0.03762643677847726 0.008974091812710513 0.008495671408517022 0.011910989167346188
1 0.002909589178708135 0.0031088933510936127 0.00530185383193347 0.006217786702187225
