1 0.051895978499432 0.45782861947860565 0.015257514252954598 0.018699467253071887
1 0.17128356622189891 0.07896228921896718 0.009563640672333389 0.011898201360918091
1 0.45140861978336255 0.07631738011110645 0.00951533414879622 0.011556340669073557
1 0.20939737436722736 0.4667457700310267 0.01492348495794805 0.019074434154891358
1 0.6506698374845544 0.0792738143922295 0.009911439856704434 0.011665747457402858
1 0.10300183782772143 0.46087098071458865 0.014662431210887667 0.01853677793795884
1 0.6715755073391662 0.5020727246789731 0.01741136823381699 0.021487493227873807
1 0.3560722506776148 0.07697556140362381 0.009516190509406905 0.010976626777666382
1 0.29332923889160156 0.07972969969139124 0.009395287961375936 0.010795608273339728
1 0.5480198373599928 0.49177385164199594 0.015752052774234655 0.01807400143199972
1 0.2011398393280652 0.07899127491353754 0.009390811530911208 0.010561662459074557
1 0.1558025905064174 0.4638954390215723 0.014499391828264502 0.018398811715273414
1 0.32552660727987487 0.07862128104755119 0.00930801703005422 0.011236503421632986
1 0.6091009646045918 0.4963595590271125 0.0161466793138154 0.018753602300284198
1 0.3195589415881099 0.4764201008107292 0.016143876679089588 0.02036813390520072
1 0.5174065414740115 0.07782900539596138 0.009934094487404378 0.011425336696554583
1 0.262696091009646 0.4717406872218423 0.01536980453802615 0.02051547785260012
1 0.2639780239183076 0.0802457587241341 0.009839427714445126 0.011548667985216704
1 0.42000871775101645 0.07667376917192067 0.009589292565170566 0.010843491504076052
1 0.7524747264628507 0.07831742855814573 0.01001739501953125 0.011408996721674242
1 0.48481224994270167 0.07674459941085854 0.009680144640864146 0.011710362693163105
1 0.7851308705855389 0.07892840153193272 0.009755348672672156 0.011798740644255089
1 0.9361886783522002 0.07853688152512572 0.031020183952487276 0.014223877089975126
1 0.7367667373345823 0.504887605047274 0.016620246731505146 0.018982504035347122
1 0.5497190903644172 0.07827188975858788 0.009705757608219031 0.011501211014694646
1 0.3760240515884088 0.48091146260175394 0.01638809515505422 0.02059177843095443
1 0.867904974489796 0.5124178469491986 0.01791786660953462 0.021972151091498728
1 0.2336374788868184 0.07989047083554006 0.00935947651765784 0.011864526803990763
1 0.9378037744638872 0.5146483956071043 0.018900345782844313 0.02175575298938771
1 0.717614154426419 0.07788598217793546 0.009326234155771614 0.010807685646077382
1 0.6162586601413027 0.07789216295104238 0.009342582858338604 0.011169722654730678
1 0.025945089301284478 0.07466935155768512 0.00863088880266462 0.010778415778030832
1 0.4324619526765784 0.48433305334169907 0.016234728754783215 0.0183408403261328
1 0.683752643818758 0.07834243582404957 0.009888162418287612 0.011057758305115777
1 0.8196873567542251 0.07859552782627238 0.009484115911989801 0.011561384748275762
1 0.801806858607701 0.5087969795590821 0.016983655034279285 0.01988361812831394
1 0.8555439540318082 0.0782417318484283 0.009290111308195173 0.010921994426870776
1 0.49062343519561147 0.48731673275485093 0.015601177604831025 0.016804314340427524
1 0.08411333269002487 0.07523805372689031 0.007977626761611626 0.010253192150681172
1 0.1414333265654895 0.07706447217998363 0.009204864501953125 0.010388387681973796
1 0.1127242458109953 0.075967775692036 0.009577108889210002 0.010382988385926375
1 0.5963763022909359 0.0782107924612092 0.00871385846819199 0.01073991027200845
1 0.3875239625269053 0.07649608970593913 0.009810622857541449 0.010553066211420109
0 0.0683440383599729 0.14203238991267556 0.013040815080915173 0.020561798129217445
0 0.12781065337511957 0.29934770041768 0.01386260986328125 0.02801126372053776
1 0.8885796994579083 0.07871768689934525 0.010586174166932447 0.011022023490486133
1 0.00220873161238067 0.07527282945603785 0.00441746322476134 0.009831407668661016
0 0.5169165747756139 0.47597731165130464 0.03885095562385207 0.03988081188002759
0 0.9856187470105229 0.3055131992002501 0.01733149314413267 0.0262738270871733
1 0.05507034184981366 0.07513738527295355 0.009038496990593118 0.010939257965548711
0 0.6460971443020567 0.21839555747513148 0.019720739247847587 0.02308128016902924
1 0.004015882100377764 0.45522367226583277 0.00729901145915596 0.019641360239870426
0 0.06498183522905622 0.07103594501293228 0.009190958373400624 0.014687364029624691
0 0.701392193229831 0.49984949348807894 0.009495949258609656 0.011736932913185933
