1 0.5691605392767458 0.07849329641821663 0.009581507468710141 0.011417308795852501
1 0.1075123183581294 0.4613485342413092 0.015174710020727043 0.019903794445122632
1 0.4048610220150072 0.07648934058587986 0.009108718560666449 0.01052663807813537
1 0.37497586620097256 0.07660229954266141 0.009660214793925384 0.011823037476468483
1 0.9585700521663745 0.5192844727408737 0.014939911511479604 0.017483915208712
1 0.21555456823232222 0.4654080944352784 0.014577748824139035 0.018173177975186482
1 0.737425200793208 0.07470572576263616 0.009526466836734748 0.010677107933772674
1 0.5038407773387675 0.07815942810538966 0.009545618174027415 0.011636761762832497
1 0.03820341460558833 0.07766532147368171 0.009226098352549027 0.011304634012547134
1 0.159619292434381 0.46415510253543185 0.016009155584841363 0.021163251291552426
1 0.27185268791354433 0.4675210663174147 0.016280310494559132 0.019806891289745294
1 0.8150345938546317 0.0739474798848189 0.03259775589923466 0.012893234787762319
1 0.8885463792450574 0.5142155994028822 0.016210127849968187 0.018171472934329455
1 0.05482102900135274 0.4579312061035066 0.013376887963742621 0.015548835922664345
1 0.75235281185228 0.505628161126199 0.017703309351084114 0.020488907632577248
1 0.3263031706518057 0.46961684570424217 0.01536054027323821 0.01958821979982477
1 0.6882637179627712 0.49890667693748275 0.016718806052694518 0.020358472007010717
1 0.702881248629823 0.07587751509166434 0.009622690628985965 0.01078686993894719
1 0.8210836138044085 0.5107258780720229 0.017211758360570734 0.021654303058391357
1 0.5612606515689772 0.4866408971851259 0.01752713261818404 0.02010086875085347
1 0.669510199099171 0.07671632414997863 0.010576209243462949 0.012212070965358885
1 0.4996519283372529 0.4805301017967204 0.01616092604033804 0.018027681155382416
1 0.2797517192607023 0.07655367035655011 0.009769167218889502 0.01113633227127954
1 0.3420683023880939 0.07646419123323793 0.009103346844108767 0.01077877099487606
0 0.6398952639832789 0.424481004135622 0.029905591692243355 0.026799832191582423
1 0.24848250953518616 0.07695211709183897 0.00934273856026787 0.01080910651345828
1 0.4384709961560308 0.07637176381011039 0.010012101153938155 0.011232027689383148
1 0.4401210084253428 0.47630955732849517 0.016508452746332898 0.01805638267647657
1 0.5372820095140107 0.07863854458622913 0.009676563496492327 0.010694655645926787
1 0.31129584020497847 0.07648077985990993 0.0095672607421875 0.01104603614922334
1 0.6241601048683634 0.4929962238497842 0.016012308548907842 0.019343972697048115
1 0.6025127488739637 0.07813040688913478 0.009510118134167758 0.011009590900903263
1 0.48270225524902344 0.07761473859492167 0.008926936558314745 0.009909697461348602
1 0.9460976269780373 0.07390826394510605 0.009298363510443301 0.010118493922971865
1 0.6363616086998765 0.07630661704069612 0.0097074703294404 0.01024928476538369
1 0.7699739105847417 0.07410207025586081 0.009772942990672811 0.011325165546201136
1 0.15824339341144172 0.08018775181330885 0.009681740585638567 0.011197713742134406
1 0.18767498950568998 0.07997380470742985 0.008778980800083692 0.010079562156735207
1 0.9804044451032368 0.07549075499058337 0.010875779755261415 0.011254406350632316
1 0.06766435564780722 0.07738271095162069 0.009550824457285355 0.010550934910348754
1 0.21911379755759725 0.07847059806180674 0.008817867356903724 0.010103574815472412
1 0.0099496671131679 0.07757175735664944 0.00936049831156828 0.010803138870458504
1 0.382725579398019 0.4711771712185775 0.01526532854352676 0.015558213647378319
1 0.12857248345199895 0.0793226211867634 0.010075938944913898 0.01140786002776952
0 0.7210885651257574 0.2798252667775909 0.012010068309550431 0.023276081086950617
0 0.6383204557457749 0.13395355111498555 0.008901479292889035 0.012794484504789783
1 0.09638047704891284 0.07783845416404436 0.00932376238764548 0.010952614118929175
0 0.011345174847816934 0.44161836979013247 0.02269034969563387 0.03235542365090129
0 0.031130762452269152 0.18952916823678423 0.01003391102726131 0.019410658407982593
0 0.016501364659289922 0.2189992840252759 0.033002729318579845 0.02234569712593733
0 0.4701203326789701 0.05313536044477141 0.011029379708426365 0.013961798101568133
1 0.006870368305517702 0.4505610959554097 0.013740736611035404 0.03057237717460994
0 0.19778111516212932 0.10991165803141441 0.017995094766422203 0.014514231339262041
0 0.2270508201754823 0.5154133195616117 0.015756723832110967 0.0166217328819819
