1 0.20779555184500556 0.4666218703954122 0.015364899927256058 0.020280182214323098
1 0.05090074149929747 0.45726524556207887 0.01566973511053591 0.01880688482706791
1 0.1017538965964804 0.46161111053329945 0.014959685656489159 0.01930333588995437
1 0.4520420152313856 0.07676118803753054 0.009882090043048465 0.011605005376869386
1 0.26114965944874047 0.4697367669111901 0.015908377511160695 0.020192798870397707
1 0.9352881762446189 0.07888378629617246 0.03239487628547511 0.014160648491525082
1 0.15383356444689691 0.46283703490954 0.014420295248226259 0.017573287766970532
1 0.5494726142104792 0.07652884069906889 0.009810233602718377 0.011370917475866127
1 0.6502963864073462 0.07772059321479871 0.009435614761041168 0.01073706853724665
1 0.6091066087995257 0.494977197152235 0.015900358861806418 0.018821519761091185
1 0.736263742252272 0.5078886900858418 0.01815577915736611 0.02256749452409583
1 0.7523837965361927 0.07794239061295719 0.009898905851403069 0.011596267042476849
1 0.7180199136539381 0.07802199470797211 0.010063638492506362 0.01179973525142172
1 0.4307335055604274 0.4798073776034256 0.015380080865353949 0.019655711000417585
1 0.20243784846091756 0.08017212227211896 0.00923320225306919 0.011010727594807975
1 0.17214884076799666 0.07948143863826349 0.008941572539660414 0.011240694980406635
1 0.11421201667007136 0.07777725030161209 0.009229854661591201 0.010768256576257405
1 0.6707259197624362 0.501387440341165 0.01686065051020406 0.02044599743767408
1 0.6832650632274394 0.07878805535638432 0.010280219876036396 0.011683224126187922
1 0.08506051861509985 0.0768807895493178 0.008362867394272163 0.010819478845338846
1 0.3747585063077966 0.4749406936937362 0.015471166493941289 0.017930209653052594
1 0.02840487081177381 0.07647559369396965 0.0094771823104547 0.01082452292454105
1 0.9378760201590403 0.5255948999962956 0.018002568459024326 0.021282604151547962
1 0.4212616901008451 0.07644721186803619 0.01081536740672834 0.01098103146654718
1 0.48870997526207755 0.4855711971774153 0.01535945035973372 0.018405347705225568
1 0.3270779045260683 0.08068352796418937 0.009711440728635199 0.01144238710512538
1 0.35660732035734216 0.07949046114613222 0.009435692612005707 0.011261581730905865
1 0.23474475315638954 0.08110971713509031 0.009645734514508935 0.010993677186237179
1 0.5963111799590441 0.07716411050506923 0.00935620677714446 0.01095048281785782
1 0.8018660253408003 0.5128756504193245 0.015841425681600768 0.01825686706392154
1 0.8669276334801499 0.5181721467117361 0.01747878716916467 0.019790409228126853
1 0.5471124065165617 0.4891648549571875 0.016487977942641934 0.017647883304467815
1 0.002811982011308475 0.07585090934995699 0.00562396402261695 0.010025853369737173
1 0.29465317239566724 0.08088578843586047 0.008619269546197371 0.010384551340045364
1 0.8559152252820074 0.07759022863260114 0.009924908073581025 0.011334045967331762
0 0.08182744590603576 0.16145578909631594 0.012699146660006771 0.01917275817764965
1 0.14306274725466359 0.07839653534957734 0.009224132615692764 0.01085485844312326
1 0.4852112750617826 0.07605011495675916 0.00949859619140625 0.010133128856995119
1 0.8893231761698819 0.07826592211558811 0.011128951092155502 0.011822895389730383
1 0.3884010314941406 0.0774630610020106 0.010440125757334207 0.01069550816635533
1 0.5157125823351802 0.07626935479363202 0.0098419189453125 0.010723712383866197
1 0.8201750151965083 0.07642774598491783 0.00987570626395088 0.011053637789711156
1 0.6169880847541653 0.07722407110854322 0.009046359938018151 0.010635334432774216
1 0.786052081049705 0.0768525498101224 0.009931136150749345 0.01083695551412392
1 0.2644356318882533 0.08144433140329224 0.008415144317004164 0.010726127858413719
0 0.8303909301757812 0.5034548734237435 0.020264294682716972 0.03103629037447377
0 0.5330420513542331 0.14765362544499194 0.01077426209741701 0.0209670295062501
1 0.0029026260789559817 0.4530532262981391 0.005804912776363139 0.015231414149771317
1 0.05698983036741918 0.07689617043871604 0.008643588241265742 0.011128872717529813
0 0.6229565678810587 0.035554151342152306 0.009773487947425056 0.013084767710707637
0 0.9293418417171557 0.30495678753388966 0.026649630799585516 0.0265597056042104
0 0.7693615348971621 0.5630030701404152 0.03395578812579725 0.02147214786016008
0 0.31350176674979074 0.45514211447816916 0.039331280455297345 0.03391823568315315
0 0.48778241994429605 0.47092887464376515 0.019431133659518526 0.026829102059629056
0 0.48250677147690135 0.23848846936865198 0.03293492842693722 0.020300784791346088
