1 0.10202170391472018 0.4616287292888226 0.015053457143355388 0.01903436569475001
1 0.8550346530213649 0.07965769723686413 0.010154879823023016 0.012816721079300862
1 0.05110283287204042 0.4578051751668209 0.015464442116873608 0.019201459698743845
1 0.15467015091253786 0.4659355204070684 0.015424923020966201 0.020236277412253274
1 0.20877452772490834 0.46840228826704894 0.015765287438217486 0.02048635007129163
1 0.6495713214485013 0.0750479416713259 0.009599958147321482 0.010754047902448409
1 0.9356019934829402 0.07842534343572509 0.03144618443080352 0.01416079057826316
1 0.54683712550572 0.4900680293078566 0.01584539608079566 0.018016172129597077
1 0.201148052604831 0.07932020571221587 0.00940852262535872 0.011143720781660215
1 0.7517240874621334 0.07900427585007277 0.009959006796077844 0.012055349293245627
1 0.26150259679677534 0.47257288924683544 0.015906859417350906 0.02094472188836996
1 0.17142579993423152 0.07814791907960437 0.009728567940848218 0.011522950285622408
1 0.23376750946044922 0.07971090872027885 0.00936453683035713 0.011055413873937284
1 0.736321429817044 0.5075315550696525 0.01813180106026787 0.022691394159710297
1 0.14139911106654576 0.07719728775841325 0.009303774152483275 0.011192456532825084
1 0.4512449770557638 0.08008370879934247 0.009493146623883888 0.011155371894183601
1 0.7177142707669005 0.07749048374246197 0.010018796336894087 0.011870352360252452
1 0.5484836734071071 0.07637147963663421 0.009247604681521051 0.010690748260629305
1 0.6083049384915098 0.4939770486028194 0.016294051189811844 0.018422824374010664
1 0.08400682527191786 0.0772122068659127 0.009359495980398999 0.0112276940438714
1 0.48856019000617823 0.48553723844701185 0.015215270373286021 0.017165783002128433
1 0.6828322118642378 0.07615081893238043 0.009734796018016561 0.010913682352692505
1 0.8676589654416454 0.517428322637835 0.018498011997767964 0.022558258886119915
1 0.7851560942980709 0.07943749831450916 0.010199099170918413 0.011568418041811211
1 0.31810927877620776 0.47631751418582824 0.016063378781688436 0.01924024937824234
1 0.8878885385941487 0.07897408241822865 0.009750677614795845 0.011460716294338988
1 0.9380947813695791 0.5216339479985608 0.01759556361607148 0.0227266316707566
1 0.8198784030213649 0.07960544483893153 0.00968497140066963 0.01192605036158373
1 0.6708637159697863 0.4990081979118481 0.01649661939971304 0.01949245333835214
1 0.6158869996362804 0.07476874123097907 0.00965990339006699 0.011614880405166636
1 0.4840740281708387 0.07920646527837484 0.009649315658880707 0.011355003761200041
1 0.3552872015505421 0.08076267027730549 0.00958251953125 0.010977053037880649
1 0.3748084866270727 0.47868084290047913 0.016347612653459815 0.020663958493904146
1 0.26306755688725686 0.08071201635517643 0.008461465640943862 0.012020040738830262
1 0.3870810683892698 0.08124810961798996 0.00982775006975449 0.011110898745161423
1 0.516395529922174 0.07831863629541949 0.009675395732023298 0.011111893352328055
1 0.1125836080434371 0.077054774760109 0.009643243283641583 0.010781257512792642
1 0.8025233988859216 0.5135945382706908 0.01813834054129463 0.02071866188806877
1 0.32582477647431046 0.0806974524645222 0.00891580387037631 0.010686059398272338
1 0.02660008109345728 0.07737361740038293 0.009153254178105568 0.010759376155126779
0 0.9666660075284997 0.3026130667890952 0.017712651466836826 0.02446023196219263
1 0.41930373834103957 0.0811836022388971 0.009582052425462388 0.010753550598865081
1 0.5943116168586575 0.07543800528906745 0.00979318424147006 0.01192477158094092
1 0.29337040258913627 0.0810659544197586 0.0094146728515625 0.01060535413103722
0 0.07070288852769502 0.15136443374031927 0.014412432300801178 0.01947213493480527
0 0.631834769735531 0.030897897891574124 0.009832888233418413 0.012788872078635223
1 0.05564794735032685 0.07822258566047066 0.008998812461385923 0.011206381033157903
0 0.43828870812240917 0.4681743100957834 0.04177545041454084 0.03785077033326995
1 0.003162023972491829 0.4536651938790927 0.0059687483067415205 0.01777050415943951
0 0.4481338189572704 0.15112956436225652 0.008688011947943207 0.010936984577739268
0 0.9569375952895808 0.5770633343514796 0.0466350633270887 0.02406025779446934
0 0.5952521732875279 0.2260402502445875 0.022086863615074944 0.01912999006948458
0 0.011449001273330378 0.07422113894238022 0.006983815407266423 0.010400180881235272
1 0.002090942798828592 0.0765206707116287 0.004181885597657184 0.01001519686438043
