1 0.052013922710807965 0.4605613026689216 0.01558011891890546 0.020416017135937076
1 0.15511014510174187 0.4701535783573771 0.014965991584622123 0.019683702087821282
1 0.26242929575394613 0.47732270681444594 0.015239637725207289 0.018992592193751552
1 0.5169830322265625 0.0765419837223422 0.009124600157445734 0.010629153659667288
1 0.42154444480428893 0.07601221331937366 0.009710973622847539 0.011069977764591508
1 0.9364206742267219 0.08122136178954453 0.032039408781090566 0.014956831528412366
1 0.20953059683040698 0.47270211713512833 0.01569082299057319 0.019101572721866626
1 0.10293066258333167 0.46674101012530067 0.014608363715969791 0.019902515664479863
1 0.48586187557298305 0.07601427357707596 0.009931136150749345 0.011394788047865234
1 0.7360301115074936 0.5060479563938858 0.01678544647839605 0.020449265432650156
1 0.4526469172263632 0.07582146187348783 0.009142505879304827 0.01081216137832722
1 0.7185791949836575 0.07785344431491285 0.009684037189094405 0.011374469644318371
1 0.6092270053162867 0.4999816341545027 0.01735578264508926 0.020336590649344833
1 0.43146141207948024 0.48906169998533416 0.01531515316087369 0.01930504093081148
1 0.5497143414555764 0.07649694222636767 0.00983864920479912 0.011604223899809892
1 0.6513878569311026 0.07798206833456882 0.009550367082868263 0.01092256277382313
1 0.6716917388293208 0.5027133937810209 0.01606719347895406 0.018599011929242185
1 0.2645647866385324 0.07522817869859307 0.009288476437938436 0.011859837941633799
1 0.31905353312589685 0.48237950277969976 0.015391680659080044 0.019177162866530397
1 0.02806836488295575 0.07774659508786919 0.00938199977485501 0.011037297814830814
1 0.32771523144780373 0.07569546645848654 0.00985445295061382 0.012097051750875035
1 0.9382870732521525 0.5167725923415497 0.01656637386399869 0.018112791111498217
1 0.3891591441874601 0.07529225981747165 0.009739778479751262 0.010788219762959052
1 0.29514347777074695 0.07530767622855442 0.008818334462691289 0.010238912433503125
1 0.35778349273058835 0.07516779183490481 0.009394587302694516 0.010608480039275198
1 0.4898075960120376 0.49334682287602133 0.01647295270647324 0.019192081974029954
1 0.23497001492247288 0.07368092516416207 0.009359398666693254 0.011304278795701906
1 0.753404578384088 0.07685006329220583 0.009911206303810628 0.010193941980897651
1 0.17241851650938697 0.07322578582037528 0.009234447868502877 0.011365234006342517
1 0.8676511803451848 0.5119554256600846 0.016711643763950974 0.01945394783232976
1 0.8565217621472417 0.07788427713707839 0.010300149722975112 0.011667736671736125
1 0.8027988355986926 0.5085407261269368 0.01667598802216196 0.01718723809958006
1 0.8216143238301181 0.07800107243578837 0.010068932358099457 0.011341647607819577
1 0.08523962205770065 0.0762075825842474 0.008907284055437354 0.011002415520629716
1 0.6844568057936065 0.07780776342861692 0.009589993223852077 0.010792198191625572
1 0.8901431025290975 0.07826947428404035 0.010362119090800523 0.010346614180975348
1 0.2029175271793288 0.07298232019465808 0.009366716657366088 0.010455097405507055
1 0.5489545549665179 0.4952901431928781 0.017252396564094313 0.01840051675613052
1 0.11425341392049986 0.074028185152054 0.009055001395089282 0.010254826148169211
1 0.3759335109165736 0.4858381071149174 0.015679339973294022 0.017322078414027466
1 0.786813852738361 0.07657132463375778 0.009465431680484656 0.010370484752974456
0 0.07949008747022979 0.15574397326846723 0.014432284296775356 0.02226683898629738
0 0.4979223913075972 0.15050942679386273 0.008935889419244293 0.013234242959178308
1 0.002820199849654217 0.07917762167054257 0.005640399699308434 0.010131921119721358
1 0.14331243476089167 0.07291280425804755 0.008833418087083458 0.010415384162210902
1 0.6175502854950574 0.07679148803442823 0.009039275500239146 0.010598107707394633
1 0.056206026855780154 0.07673848968112065 0.008595515270622415 0.010257667882931
0 0.9410939119300064 0.2979403312768986 0.01363263811383926 0.023381651533351474
1 0.5975736112010722 0.07689798204462668 0.008971233757174683 0.00931712472014429
1 0.003543102923704653 0.45432746016533015 0.007075494041248243 0.01874891343792721
0 0.362017923471879 0.4701920128200305 0.03865277037328607 0.0327948979318137
0 0.5343615442625343 0.49112018825200904 0.015812392050015774 0.01886959996448073
