1 0.15576865721722039 0.46799975653803993 0.015129069892727592 0.01920046509157719
1 0.672892512107382 0.49550135512904886 0.01643589564732148 0.01938915627976071
1 0.17155750430360134 0.07697620079394522 0.009675045402682542 0.011267620417274691
1 0.05290632831807039 0.46202543546156993 0.014942928236358018 0.019187108938196768
1 0.43217592823262124 0.48232444416868986 0.015880740418726048 0.01977023291131808
1 0.452103751046317 0.07728069267367209 0.00965445382254463 0.011429315125221115
1 0.7366279290646923 0.5003060892209311 0.016529783910634543 0.019065766863867923
1 0.2098777148188377 0.4708879536631952 0.015866805096061868 0.02146078092111288
1 0.10365501715212452 0.4651806846109654 0.014599449780522548 0.01819307011851914
1 0.20200881179498167 0.07731578809798031 0.009901708486128813 0.011342073868033844
1 0.4896802318339445 0.48486182913750103 0.015848899374202845 0.017804178716366765
1 0.517675983662508 0.07704834533521042 0.009579872598453498 0.010972222088785594
1 0.7525324140276227 0.08055209773145612 0.010013346769371819 0.011713346514663004
1 0.26270835253657127 0.47283596284240903 0.01575960431780132 0.019609106550324
1 0.9391563571229274 0.5175003606140466 0.01639043068399233 0.018374372796321994
1 0.6094491919692682 0.4900286712814056 0.0151824951171875 0.016739949048072727
1 0.936224567646883 0.08122679660727647 0.033608884227519085 0.012593218640285295
1 0.8563036237444197 0.08270314885940055 0.010013813875159431 0.012020964302627845
1 0.6510054140674825 0.07754412148609094 0.00944814876634244 0.010443091076138453
1 0.5484173443852639 0.485854802306643 0.015384674072265625 0.01694441186418423
1 0.29439749036516466 0.0775099496255803 0.008813780181261976 0.009518461628017805
1 0.71780691341478 0.07859009300854043 0.009589059012276852 0.011171782912432983
1 0.6169667146643814 0.07717121484197374 0.009905601034359002 0.011370491215651849
1 0.26350846582529497 0.07755864985506063 0.009048228361168694 0.010752058688115141
1 0.8679935688875159 0.5123330922099278 0.016812382912149138 0.019322375512858432
1 0.11321813233044684 0.07526714598651424 0.009592250901825576 0.01099893439554651
1 0.42110482040716685 0.07734424096728285 0.010367101552535085 0.0111665967464927
1 0.1421496430221869 0.07635517518343837 0.00920196455352159 0.010769464313531178
1 0.23386647749920284 0.07740203474800093 0.009208757050183336 0.011276571881774356
1 0.8032681212133291 0.5053794382911725 0.016674275300940775 0.017948254668790003
1 0.3207989517523318 0.4763574405592315 0.016099579480229557 0.02146674856411255
1 0.5495974871577048 0.07670229308459223 0.010033354467275261 0.011415461668257335
1 0.08436785912027164 0.07405805888873743 0.00882121494838169 0.010501275595386302
1 0.8888658796037945 0.0824363810086366 0.009929734833386415 0.011543410775907372
1 0.48546070955237564 0.07712524978220163 0.010231173768335516 0.011072890542722346
1 0.35672433035714285 0.07849965479974615 0.009445346131616673 0.010768753879840711
0 0.9499910315688777 0.30458494654030815 0.013524269571109656 0.025021758751124296
1 0.38828106315768496 0.07741372138220884 0.00910498171436541 0.010359828247617713
1 0.32698288742376835 0.07833781800506165 0.009275397475884918 0.011120560643351542
0 0.07648507916197485 0.15252673877957995 0.011447127984494584 0.01720549624542462
1 0.6841717155612246 0.07776265088927335 0.009475085200095714 0.010312797537309933
1 0.7859799910564812 0.08114687281710084 0.010231173768335516 0.01104319441446154
0 0.6309475412174147 0.030745829560133314 0.010608517393773859 0.013157800294085895
1 0.8209409129862884 0.08200415315136682 0.00987679617745537 0.012302722304260301
1 0.026561406193947305 0.07324194818683302 0.009144510541643417 0.010641728335988258
1 0.5974329345080318 0.07786559273101955 0.008795835533920566 0.010961991843643118
1 0.3773250969088807 0.47952583273190025 0.018352119290098848 0.020761145822757687
1 0.0036557803348619107 0.4594890450999254 0.007089742592402867 0.01870316150826222
0 0.8900221221301021 0.5644280580367197 0.038960982342155503 0.01931697621681099
0 0.8314024477588887 0.4889025628386733 0.015747226014429173 0.025711447777813163
1 0.05501759782129405 0.07281238445590245 0.008109287339813857 0.010542551792801445
1 0.002094903770758181 0.07361123161912891 0.004189807541516362 0.00990856076744389
0 0.5602992310815929 0.47930836897925355 0.013855603276466878 0.01941089555068845
0 0.5489877194774394 0.23068222397798763 0.029030468999123035 0.01466562475869696
0 0.3906491487104855 0.46688532430253793 0.042173891651387116 0.0328109537332178
