0 0.5373428111173669 0.7210580842039161 0.03146152107083065 0.04008806811123496
0 0.6655587955397002 0.1325656478573225 0.006158167002152414 0.009427455072271163
1 0.25904723576137 0.6543222167108549 0.01630417181521047 0.01981740570836398
1 0.04845826601495549 0.6344972804053722 0.015391172194967466 0.01853464663688756
1 0.38545009068080355 0.26505513722302876 0.009390539052535085 0.010933716582763233
1 0.3541797715790418 0.263902955863857 0.009550756337691335 0.01133454327091508
1 0.32429638687445195 0.263593561991666 0.009355545043945312 0.01065693161696391
1 0.8855322234484615 0.27254708674903805 0.009239819585060628 0.010420925544996391
1 0.37239907712352516 0.664480352833754 0.015666105309311236 0.019345535651167083
1 0.15125589954609772 0.6436928499210804 0.014435281558912636 0.017551122235828533
1 0.6680825681102519 0.6929968059515706 0.018222419583067646 0.021359330990116526
1 0.09885011400495257 0.6390527233152755 0.013458018400231182 0.017479226346355015
1 0.8526723433514031 0.27091557577891967 0.008875009964923465 0.0104224884991154
1 0.9315571687659439 0.2749077158156652 0.03485294264190045 0.013030206403281038
1 0.5990915493089326 0.12490056564095058 0.006911842190489428 0.008586159496040293
1 0.3153447326348753 0.6592528396526849 0.015610169391242842 0.01947241910828151
0 0.1287376053479253 0.12164290747507674 0.005327069029516116 0.009405715801343398
1 0.8639691411232463 0.7077128715022896 0.016515926438935066 0.0192598573480988
1 0.04868632433365802 0.12449121374851331 0.006421040515510403 0.007715309878286739
1 0.4282036216891542 0.6695308969825319 0.016095064124282465 0.020353072710963274
1 0.38979144972197866 0.12204618515946068 0.006570310008769133 0.007967798011872657
1 0.7976329569913904 0.7024036584468188 0.017376023895886508 0.019619052621990287
1 0.7324990253059231 0.6964419830900388 0.016699187609614148 0.02015386710416107
1 0.4151992019341917 0.12337597494124494 0.007190470792809319 0.008512984825923962
1 0.16615118299211776 0.12359024174228464 0.006813711049605399 0.008128213939176237
1 0.6803794393734056 0.12571635664769432 0.0072118019571109655 0.007962540802563313
1 0.41790304378587373 0.26552530223936854 0.009264420489875655 0.010833545432409775
0 0.8728847114407285 0.48777993552102433 0.0319656060666454 0.027687874304644935
1 0.48231261117117746 0.2660756041759911 0.009274852519132673 0.010776426563697587
1 0.8170732770647322 0.26954799092480347 0.008727404536033214 0.010566990711752938
1 0.9344743222606426 0.7138542865827533 0.017488440688775635 0.020491038933648616
1 0.4860603176817602 0.6766578256783878 0.01670479287906568 0.018762411678045772
1 0.788793369215362 0.12385992237117945 0.007252751564492983 0.00869499793741725
1 0.6054972823785276 0.6880811731606092 0.01725979240573185 0.020787005609090102
1 0.4402300776267538 0.123765257081927 0.005676113829320734 0.007361727030549759
1 0.4489114722427057 0.2661877106123441 0.009381196936782467 0.010912261485311606
1 0.8431930541992188 0.12402225646944727 0.008261855767697605 0.009112448773925634
1 0.29181457052425464 0.26175005760831743 0.0073597187898596554 0.00948599480836426
1 0.7621822746432558 0.1240996582200218 0.007686692841199008 0.008857189948946968
0 0.4869782194799307 0.12216671023504551 0.006946641571667758 0.0122458876090243
0 0.09943648747035436 0.35554527872008246 0.010943432243502877 0.01809204644773717
1 0.09530670788823342 0.12402452985725673 0.006675019556162308 0.0076858979235020905
1 0.5159924565529337 0.26726764086519716 0.009308328433912612 0.010959292195619365
1 0.1896988615697744 0.12244100868292823 0.0062715180066167196 0.007830684309615785
1 0.815591928910236 0.1238108669248539 0.007229863380899233 0.008952032846622033
0 0.45601280368104274 0.12265165227214667 0.006415697993064372 0.010380714998116942
1 0.3640446565589126 0.12144970503295886 0.007065753547512771 0.00832344111731191
1 0.14089223316737584 0.25793360782322017 0.008938302799147011 0.010688048612605583
0 0.6041245752451372 0.23181394484687443 0.00894632144850131 0.01297479257542596
1 0.6135039816097339 0.2674326746114886 0.009180964255819516 0.011117718908589721
1 0.26198157485650514 0.25951957999378067 0.008315650784239475 0.009875880817683206
1 0.5442436373963648 0.6829731549262739 0.018734056122448915 0.019482365179947798
1 0.7072879246303013 0.1250990252923778 0.007770927584901197 0.008312358351740868
1 0.782599468620456 0.2687248824510481 0.009021369778380053 0.010333542201071041
1 0.5191130346181441 0.1239585305674139 0.007874080113002245 0.0088348112876978
0 0.45775541967275185 0.18248441320352807 0.0072666090361926455 0.012510879375562148
1 0.5725326927340761 0.12416153699446 0.0067287367217395205 0.00841203219851102
1 0.1127303084548639 0.2578297424176763 0.009518428724639268 0.01109725841830479
1 0.20082586638781488 0.2591241526016762 0.009904044015066968 0.01126236320796536
1 0.6475315483248965 0.2673514009973012 0.009925063775510199 0.011200697563634284
1 0.02610858119263941 0.12433800872316776 0.007093332251723931 0.008194213229019053
1 0.11873800900517678 0.12409212762290303 0.006743217001155923 0.008622249527515152
1 0.7351359153280452 0.12440120179993329 0.007747260891661303 0.009231375373706977
1 0.9249553291165098 0.12451018232804834 0.008226822833625748 0.009086091684009956
1 0.8982621796277105 0.12432156218323386 0.007496425083705464 0.008804688899222717
1 0.206162335921307 0.6496435135556585 0.0153048379080636 0.0177058546936086
1 0.8690215130241551 0.05622414852242528 0.006895415636957896 0.008502754580781475
1 0.5468113179109534 0.2676550403565995 0.010222610162228949 0.01142434208938795
1 0.17090935609778582 0.2582022938449483 0.00977936569525269 0.011065999335924975
1 0.02698820951033612 0.25803051097859747 0.009074191657864316 0.010948067343310266
1 0.3345239073954154 0.12150725296347273 0.0041708584278425526 0.007209709319691323
1 0.6241995270523246 0.12531773741225857 0.007662325489277788 0.0095716731114325
1 0.5463266567308076 0.12356043904897027 0.007677117172552676 0.008458352475128345
1 0.9803227794413663 0.12540767320919377 0.00806146738480539 0.00906442345645122
1 0.7146228089624522 0.2668920345730562 0.008769755460778069 0.010131068599292803
1 0.23264036373216276 0.2588691779501737 0.008214794859594218 0.010057893929176472
1 0.6797020581303811 0.26728632527125595 0.00913067253268488 0.010312229190357599
0 0.8747261203065212 0.15222725545737076 0.006390318578603294 0.011045112585425768
1 0.0840541781211386 0.2579847590489325 0.009158562640754549 0.010450763759995338
1 0.21363920095015546 0.12171455471275863 0.006695416508888707 0.007733923240976504
1 0.6526205491046516 0.12609217606994233 0.006882258823939745 0.008774424424009556
1 0.07127024202930685 0.12441882055545644 0.006717535914206996 0.007993231537990753
0 0.13861950076356228 0.16655229830486598 0.0068220411028180675 0.010425685450722406
0 0.19959441982969947 0.16508852072906285 0.006938545071348872 0.011744037250090444
1 0.749339668118224 0.2671308113364164 0.008756987902582896 0.010120270007198003
1 0.8707473132075095 0.1242818489399377 0.0077617411710778446 0.00944848390950849
1 0.9523095889967315 0.1253256181179468 0.008033285335618638 0.008641999584109671
1 0.8296975894850127 0.05541361472499091 0.0066294767418685445 0.008560512839815059
1 0.1194878694962482 0.051808270311010846 0.006732259477887841 0.007939167534147513
1 0.45855082297811706 0.05543805364394238 0.006509119150589914 0.00812110960227175
0 0.18612491542719437 0.6346149051847889 0.03392959724619706 0.030506453022685398
1 0.5923273514728157 0.267540518445699 0.008313548808195173 0.010542409706063334
1 0.9088829196229274 0.05560457930098385 0.0074788307657047155 0.009207931061922116
1 0.23668067309321186 0.12129941278574416 0.006435705690967768 0.0075774146989703835
1 0.42500959123883925 0.0554099915131696 0.006218735052614802 0.007960125328015792
1 0.3925108617665817 0.05575156803153796 0.006451820840640952 0.0075793328699345994
1 0.7913070990114796 0.054958652989626745 0.007064196528220622 0.009250983343563396
1 0.49177002420230786 0.055282255535626705 0.006137770049425992 0.008295236899801033
1 0.09118512212013712 0.05208676031766724 0.006723948887416296 0.008288203606265594
1 0.14246919203777703 0.12368750011450724 0.006221537687340546 0.007131049211260676
1 0.9485073478854433 0.054799906581495694 0.006962367466517964 0.009273717221657792
1 0.9900195063376912 0.05546057439192964 0.007040529834980727 0.008989401658739713
1 0.5266302069839167 0.05473973284791458 0.006466223269092814 0.008694287503726793
1 0.0024834418175171836 0.2571916308769142 0.004966883635034367 0.009853146939588811
1 0.05564066828513632 0.2582040699291744 0.008447880647620375 0.010818484238172202
1 0.6414959187410315 0.054774224403585925 0.006678834253427864 0.008800852557294283
1 0.30226049617845185 0.05499357080551236 0.005984948605907186 0.008180359772055282
1 0.3159261578601304 0.12251584257354696 0.005657921789976798 0.007662477374298667
0 0.3459002825678611 0.0556643267743507 0.004671836385921548 0.007835870475556077
1 0.03355186326163156 0.05194009128227385 0.00603552253878846 0.007542532404769296
1 0.06188690905668298 0.05183175014448022 0.006081921713692798 0.007674530984454892
0 0.28473385012879665 0.28064574664669156 0.00826687715491467 0.0121988568987165
0 0.7957456939074459 0.6749233728665233 0.017593850894850112 0.019784441585127096
1 0.7528120546924825 0.054372261021529325 0.006946174465880053 0.009373320025058883
1 0.36044739703742823 0.05521884932875405 0.005470898686623082 0.007269654824267455
1 0.005693813367765777 0.05142310868573339 0.005585321358272007 0.0069339038621607976
1 0.3284423594572106 0.055217677113164804 0.005490127874880427 0.007219285075614559
1 0.9962550571986607 0.7214637418411631 0.007489885602678518 0.014616604834055894
1 0.2715634131918148 0.05466247318407814 0.006405460591218891 0.00845359256940234
1 0.466529690489477 0.1244799888962042 0.005629714654416448 0.007291465138564278
0 0.002929526324174842 0.12131131255005922 0.005578769713032003 0.0108768818875272
1 0.14941481070513332 0.053176784480126055 0.006869039127103658 0.006750566565408168
1 0.17900451771419518 0.053980423356960364 0.0054600054600054525 0.007714933217609328
1 0.20929874155680608 0.05365896780622665 0.006869039127103611 0.00642911101467445
1 0.23932877158683613 0.054301878907694084 0.00634065150194183 0.007072022116141884
0 0.31716671857516926 0.4134192298785238 0.03864299638947528 0.019474094191456712
1 0.5593775593775594 0.053918428357890236 0.005850005850005824 0.0053384582532564565
1 0.6057681057681057 0.053491351697629724 0.006903006903006916 0.007473841554559043
1 0.6783081783081784 0.053064275037369206 0.006903006903006916 0.010036301516122136
1 0.714987714987715 0.0541319666880205 0.006084006084006004 0.008327994875080074
1 0.32854217854217854 0.12227204783258594 0.005323505323505323 0.007473841554559043
0 0.3095413595413596 0.12391629297458895 0.005978705978705988 0.007772795216741409
1 0.4934617581676405 0.1251564900997769 0.004358827888239626 0.006280539121478187
1 0.5836063336063335 0.054238735853085564 0.006093756093756058 0.006228201295465877
