1 0.293843327736368 0.07859254400477249 0.008842273634307214 0.010470797990066002
1 0.9338492568658323 0.07933079117420358 0.033203125 0.014079801137551865
1 0.5482580223862006 0.0756125233251265 0.009389604840959768 0.011263428858501031
1 0.3188845965327049 0.4788578829761392 0.016338815494459487 0.02135478421449768
1 0.10244542725232184 0.4578408389380815 0.014109086017219405 0.01753378765378158
1 0.45163508823939724 0.076566919944877 0.009689175352758327 0.01168073760827135
1 0.7173555335220027 0.07719540510913357 0.009898905851402975 0.011352801416759636
1 0.43192143342932876 0.4870665180090744 0.017087819624920283 0.020571886287621768
1 0.05144860306564643 0.45183234600110084 0.014560903821672718 0.01761719256904044
1 0.7513737581214126 0.07816198566667527 0.009660370495854604 0.011645144880379807
1 0.6087346758161273 0.49569501935306554 0.016418924137037612 0.01808764175885634
1 0.20927351348254147 0.46884432010924687 0.015964663758569846 0.02156862475532316
1 0.42058633298290016 0.07773394936817918 0.009770140355947043 0.01128424456563121
1 0.9384693223602918 0.5174925458434517 0.01637813023158477 0.01794100824514748
1 0.17181417893390266 0.07696888332693358 0.009164926957110965 0.011038576595473625
1 0.35640296157525514 0.0793035105204903 0.009321718799824616 0.011173701083397198
1 0.5158276460608657 0.07531293343786374 0.009786800462372474 0.011361113490937907
1 0.8549462921765385 0.0787916430465211 0.00998391910475131 0.012126818922504891
1 0.262148059144312 0.4735502328747876 0.016238777004942598 0.020234856544872365
1 0.3758815843231824 0.4825272729873134 0.01681627546037949 0.020006381070023612
1 0.48433412824358263 0.07531613038947077 0.009784309231505053 0.011306125923297073
0 0.825049030537508 0.438467880546463 0.021854478485730258 0.0352224498520812
1 0.6167465521364796 0.07701655342756279 0.009595442791374439 0.012059114591805009
1 0.08465299800950656 0.07730541576609974 0.00880873933130381 0.010625814621322184
1 0.6716335841587612 0.5003780561537737 0.017254576391103386 0.01886826629792283
1 0.7369229063695791 0.5043917223313399 0.014024072763871165 0.01810440799395098
1 0.6827353652642698 0.07657683049485876 0.009707081074617421 0.010488914049172472
1 0.15516942861128827 0.46263527174145214 0.015387865961814419 0.0183505022243228
1 0.7852244474449936 0.07856515678600563 0.009716423190369947 0.01249837574261023
1 0.3261410849434989 0.07887618465568463 0.009559709198620836 0.010412400340711014
1 0.8196468742526308 0.07878542675172966 0.009769361846300992 0.011801653422385937
1 0.5955820278245576 0.07771295605262638 0.00982992989676338 0.011718461637234247
1 0.5474417550223215 0.4926314871931072 0.016027645188934975 0.0185508445250298
1 0.14226245880126953 0.07656496625222825 0.009219266930404988 0.010884838744860244
1 0.8679977728396046 0.5130997922486614 0.017983261419802395 0.019944147078740263
1 0.38786907585299746 0.07836339361791785 0.00922300377670598 0.010750637820734254
1 0.48955403542032044 0.4909662306226924 0.01666695731026787 0.01923485008219498
1 0.8876373135313694 0.0786208192656524 0.00977963817362893 0.010895211076740819
1 0.11333156118587573 0.07669600574643176 0.009494470090282208 0.011179952899873164
1 0.027015218929368624 0.07777721477992756 0.009187240989840762 0.011693028111116131
1 0.6503041715038066 0.07661675686826205 0.010190457713847306 0.010807472515970242
1 0.8027027675083706 0.5075737548308654 0.016317250777264033 0.01680900320278451
1 0.002544645448120273 0.0775383669731983 0.005089290896240546 0.009643000653953697
1 0.2340754489509427 0.07665625698145109 0.008960762802435442 0.010489482396124837
0 0.19195864151935188 0.07356246034627953 0.0074633384237484095 0.012001143202664287
0 0.7875644917390785 0.1938736598686078 0.022252919722576533 0.04436701022881518
1 0.003202779560672994 0.4501620453514839 0.006405559121345988 0.015300468304483016
1 0.056179990573805204 0.0777984212255875 0.008847236633300776 0.010454955318768956
0 0.6971512619329958 0.48705245142200354 0.042940567950813156 0.04176554414112545
0 0.334216224903963 0.3110942952290561 0.021720088258081565 0.019843265494696352
1 0.2015753765495456 0.07662261794620827 0.00978251865931919 0.01024672720409808
0 0.253465224285515 0.07406931926273107 0.013400525462870697 0.01750309691835412
0 0.2495947857292331 0.15429202441361006 0.009719615079918694 0.01621706985190158
1 0.2649957306531011 0.07718570768925892 0.00858633858816963 0.009905434859205912
0 0.8843434836214621 0.5139952404850172 0.011826726628170654 0.017807709119166036
