1 0.5178636434126873 0.07635570800870622 0.009545073217275168 0.01141723775248345
1 0.4218170788823342 0.07599672586492184 0.009533006317761461 0.011533322617502973
1 0.051839896610804966 0.4560596395893853 0.014259279990682798 0.018249052293326618
1 0.2091894733662508 0.4632935595990231 0.014861515590122755 0.017006361681991548
1 0.1024879144162548 0.4594479109892483 0.014414962457150834 0.017627849074397184
1 0.9368046351841519 0.08033839927736877 0.03137860979352676 0.012914050494892509
1 0.2621749566525829 0.46983963770956727 0.01598272518235811 0.020356909052891663
1 0.45328459447743935 0.07634768010800413 0.010277417241310536 0.012228481983608288
1 0.43184420527244105 0.48645767633635884 0.016328461316167102 0.020749778883710573
1 0.6087905728087133 0.4974920613730588 0.017195098254145398 0.02079396785925651
1 0.6714516464544803 0.5018936953889797 0.017035036670918415 0.021069189870936738
1 0.7528513694296077 0.07900214454900141 0.009686839823820173 0.011317919122558548
1 0.11553542468012598 0.07808788743276134 0.009754939955108018 0.011649833742736773
1 0.15520410148464903 0.46178907417275716 0.014409629666075412 0.018607110873313393
1 0.14390685606975945 0.07693265120872064 0.008905040974519695 0.010913966526168694
1 0.38921262780014354 0.07445117737134793 0.010011011240433711 0.01107530601726988
1 0.3190478110799984 0.4756671831855903 0.01628470907405932 0.01979651895786475
1 0.6175888217225367 0.07802092905743643 0.00972638811383926 0.012061316936245403
1 0.7361538945412149 0.5040149083019252 0.01647544393734057 0.019638660591846747
1 0.37595639910016737 0.48176213590269873 0.016493349659199616 0.021642651945868046
1 0.4894406844158562 0.48977234680589127 0.015999463139748128 0.018573294229648
1 0.938326154436384 0.5150610154945175 0.016374237683354602 0.018590912985171067
1 0.6517693655831474 0.07824887170701732 0.009871813715720622 0.010898905331931153
1 0.4860694651701013 0.07562992895054252 0.009644566750039859 0.01092298903403741
1 0.3282113756452288 0.07420724996373192 0.008487934968909431 0.010421138675103551
1 0.7184927804129465 0.07893124326669451 0.009767337721221276 0.011338663786319689
1 0.5515943643998127 0.07668446119896194 0.010528408751195827 0.012002208853199959
1 0.8569801486268337 0.07893610973747409 0.009882245744977546 0.01160599998403601
1 0.787728601572465 0.07941987955898601 0.010085748166454061 0.012005761021652215
1 0.5480181635642538 0.49360058979025 0.016468748754384543 0.019047153501178034
1 0.8677784666723134 0.5109019945838853 0.017165359185666543 0.01998506805931021
1 0.29568236214773996 0.07553650692024835 0.009461850536112884 0.010332263420428252
1 0.6845116907236528 0.0789179581566831 0.009910894899952189 0.011525081586693764
1 0.23531641278948107 0.07547324280011379 0.00984176324338328 0.01127614562156009
1 0.17358281661053093 0.0763351409533677 0.009267184199119082 0.011256679738441761
1 0.08621959297024474 0.07854178351758984 0.009013896085778057 0.011353653937188181
1 0.890365911989796 0.07988716731887947 0.009928022112165046 0.01132168442111793
1 0.26556653392558194 0.07614108599082128 0.009827594367825225 0.010987780586606452
1 0.029315250260489333 0.07865388995394285 0.009092832098201827 0.01084107602952853
1 0.8211609198122608 0.07931473537279941 0.009880221619898016 0.011535098701729111
1 0.2038268264459104 0.07527677236301984 0.010082011320153045 0.010706235715081122
1 0.05844202820135623 0.0779613591924922 0.008732873566296642 0.010366577367676984
0 0.06028206494389748 0.1160831599786688 0.009685088177116545 0.01538181296203954
1 0.5976384221291056 0.07762059967286787 0.008732542699697043 0.010677036890403634
1 0.003929547509368585 0.07947785094812672 0.007793353528392559 0.011708089305353673
1 0.003293393521892781 0.45276393769938783 0.006210249905683556 0.020702037739712274
0 0.17007969836799466 0.15689821488534128 0.026755118856624672 0.02303609658631661
0 0.3506625817746532 0.07076452382149587 0.011113770154057682 0.013663344908210091
1 0.8042798723493304 0.5092678550091124 0.025828147421077845 0.018150017836877915
0 0.7837835817920918 0.49012713739090197 0.04322347835618619 0.038383169340893086
0 0.8627563787966358 0.2044677891473359 0.02174393011599158 0.01798377635331255
0 0.8188817549724968 0.42606470291837306 0.01877702985491074 0.022242542154083996
1 0.35788524394132654 0.07308426742923765 0.008975749113121819 0.01056933514293141
1 0.19834253739337532 0.07371449315603582 0.01043794593032527 0.01197301002852247
