1 0.9371929557955996 0.07587058836318245 0.031401653679049776 0.01438962126995711
1 0.05151000314829301 0.45754231470135437 0.015938963208879747 0.02008111869425895
1 0.10290659690389828 0.46042980139281925 0.014814649309430798 0.018290257447372678
1 0.3191797684650032 0.4782653102349349 0.015911491549744902 0.020611386400810804
1 0.4317875686956911 0.4860960655879198 0.015956567258250936 0.020211554319825572
1 0.6089950872927296 0.49698218311342285 0.01682631823481353 0.02089385483613381
1 0.1148906435285296 0.07673650046678741 0.009321485246930787 0.010889811780693398
1 0.7361534274354273 0.5030671187154959 0.017032234036192553 0.020536932950051663
1 0.6525744613336057 0.07651512932884319 0.010442227733378556 0.011068343767103469
1 0.8678658933055645 0.5112820766082761 0.018514672104193115 0.02153381350449111
1 0.4533434498066805 0.0780601805188338 0.009962432238520396 0.011893512498561125
1 0.20930613303671078 0.46797943813449305 0.016357499725964588 0.02192369951381006
1 0.48912040554747294 0.48888814103475725 0.016060809699856567 0.01828471606458718
1 0.37610688501474815 0.4823961979714254 0.01651016546755422 0.022134556233135573
1 0.8023077517139668 0.5068556484565585 0.01701822086256381 0.019980805457167395
1 0.9387625869439572 0.5153934274182792 0.018311169682716878 0.0196559951738937
1 0.3900144538100885 0.08074569091210375 0.009772865139708225 0.011398624389793666
1 0.7193618307308276 0.07617959149684365 0.009814048299984002 0.011380863547532413
1 0.1553391631768674 0.4637491607247086 0.014948786521444516 0.018446837032747826
1 0.8905102476781728 0.07543278360144265 0.00963701520647324 0.010773513785566726
1 0.671077027612803 0.4989306185528509 0.016281439333545845 0.019312997788144458
1 0.1436611486940968 0.0775630190222569 0.009251185825892847 0.011176542818159009
1 0.6184799817143655 0.07557003939043759 0.009312376684072043 0.011056621611211044
1 0.35842763161172675 0.0814286308187333 0.010150675870934319 0.01193997486191655
1 0.4217482586296237 0.07967684342482176 0.00925881522042412 0.011479542787135923
1 0.26210000563640984 0.4723302761415468 0.015272802236128835 0.01875047639204618
1 0.0035146681629881563 0.07776719766489223 0.006949513542408846 0.011254974697584684
1 0.2662196256676499 0.08033839927736877 0.01006574046855071 0.011325023459463048
1 0.7539499243911433 0.07644948525584562 0.010247366768973148 0.011509238915396727
1 0.2038645452382613 0.07860145994758763 0.00908987862723213 0.010644854244226235
1 0.8569762560786033 0.07652294409943815 0.010176366689253744 0.011946226678392504
1 0.8220952870894451 0.0771621568124205 0.010362897600446482 0.011571472906680138
1 0.29575328437649473 0.08027033972982367 0.009525376923230211 0.010503620026564795
1 0.17358460718271684 0.0780892372567732 0.008563761808434295 0.010706519888557302
1 0.5481428029585858 0.4942886448194508 0.01841144172512762 0.0209038009078001
1 0.4865744065265266 0.07557291664688391 0.010129967514349457 0.010855782006920844
1 0.2353806398352798 0.07882311525900802 0.009265821807238539 0.010533316154825601
1 0.5983885161730708 0.07508779700136015 0.009156051947146051 0.010735079322913395
1 0.028966149505303834 0.0772036816616273 0.009127295747095227 0.010702754589997919
1 0.7879402004942602 0.07710755998330943 0.010236156230070173 0.011838382844182203
1 0.6849344993124202 0.07634302676733168 0.010201901805644087 0.011274866840917278
1 0.3280370186786262 0.08081254272237509 0.009068566925671618 0.010609332559703743
1 0.08607906224776288 0.07737002971024616 0.008681219451281483 0.0107355766264967
0 0.18496544507085064 0.07853059418696524 0.006524572567063927 0.01343508256346852
1 0.5187551537338568 0.0741996128015596 0.009369519292091878 0.01230584821249829
1 0.05775184047465422 0.07702799140997903 0.009568603671326932 0.010750566777365193
0 0.014052179090830745 0.15896280623315795 0.015350084523765408 0.01598006917276745
0 0.05162129110219528 0.10086652284965889 0.009611674717494415 0.012108489733291273
0 0.9780848878844425 0.5025478565069512 0.043830224231115114 0.04217758323319698
1 0.5498904014120296 0.07329345462939064 0.011072119887994199 0.011236219248156798
1 0.003719388526313159 0.4536224257709276 0.006809316727579857 0.024301663162484256
0 0.5455174348792251 0.07024853583212205 0.012742334482621165 0.016596157269125687
0 0.5268761381811026 0.07097388863007148 0.012832018793845714 0.01638942106520474
1 0.9843203486228475 0.5149169395420944 0.023858518016581773 0.02197172483128447
