1 0.05301149523988063 0.4551897845787984 0.015495368412562781 0.020671062830808613
1 0.20948552112190091 0.4651128381935274 0.015583310808454248 0.019866567719743104
1 0.5477314773870975 0.49133601135857163 0.017521293795838697 0.019438744551354175
1 0.15635214046556123 0.46224581199234754 0.015849444330955042 0.02013738504254263
1 0.8900286616111289 0.0775525756470073 0.010261068538743638 0.012227629463179743
1 0.028729394990570693 0.07592145541541867 0.008991314440357442 0.010981315640023347
1 0.6089044298444476 0.49682723752553565 0.017599378313337105 0.021088513667317087
1 0.26238577706473215 0.4696819214302874 0.01613920562121337 0.021144922102338735
1 0.4218261485197107 0.07926937418166417 0.009471737608617655 0.011884134773847171
1 0.11510636855144889 0.07492201729969365 0.009380924458406414 0.010751490341162786
1 0.319194287669902 0.47439074697395883 0.01610370558135362 0.02053878007764683
1 0.9363277201749841 0.07753907740688874 0.031094609474649326 0.013483605184526248
1 0.4315607109848334 0.4813546311378566 0.015524183000837107 0.01990322609817032
1 0.20351084884332152 0.07833021636457384 0.009319811451191803 0.011074240366734206
1 0.10386688855229592 0.458648459957385 0.01548973394899952 0.019336868360143564
1 0.4894824903838489 0.48596193570716284 0.015609274105149888 0.017705996780346574
1 0.4532881756218112 0.0788222627385795 0.0097959090252311 0.012238357011905536
1 0.37523818502620776 0.47754635134019957 0.01634333085040653 0.019999845080071542
1 0.1438819340297154 0.07599406173858266 0.009155059347347328 0.011063370731270325
1 0.7364575133031729 0.5032214959564307 0.017798287527901854 0.022133419539230863
1 0.5191168103899275 0.07751900765513352 0.010234209955955089 0.011121697337256264
1 0.23602232641103316 0.07822865986852401 0.009433123530173747 0.011131856539029702
1 0.7188932457748725 0.07815779410790162 0.009641997668207896 0.010935705797096457
1 0.48636191231863846 0.0775423098801803 0.009384466677295939 0.01092412572794213
1 0.8677005378567442 0.5096173883848137 0.01668439592633926 0.019926244149740913
1 0.9383035776566486 0.5151233205291701 0.016831378547512724 0.01926298325633682
1 0.0034694434428701594 0.07547835792268502 0.006511645657675607 0.010174049837565044
1 0.2955906537114358 0.08001536507832117 0.009921210152762257 0.010818057977957946
1 0.6711301219706634 0.500831739108495 0.01770050671635844 0.022228049306798864
1 0.38950417966258766 0.07967876159578596 0.009487229950573961 0.01186225341618132
1 0.3579841535918567 0.08038763233211695 0.009696649045360358 0.01140217655824592
1 0.7534185915577168 0.0772229344146385 0.009972552863918975 0.010742112616448843
1 0.26588056525405573 0.07887710821948223 0.009454960725745368 0.010910982704668795
1 0.6182089046556123 0.0776496919324918 0.009396300023915793 0.011161765797397645
1 0.8023401377152424 0.5062339479340457 0.017906656070631456 0.021222359374597755
0 0.7893996725277026 0.3843309862065798 0.018176331812021614 0.03721592678748385
1 0.6853141006158323 0.07817711790428186 0.009161812918526852 0.009901882690753658
1 0.08651716855107522 0.07441963411549195 0.009396436263103866 0.010858268524837416
1 0.8216961451939174 0.07731841670263498 0.009890186543367421 0.011322181724701248
1 0.3285244922248685 0.08045064780045987 0.008860373983577797 0.010665740994725476
1 0.552002848411093 0.0779277201572494 0.009795597621372755 0.01238172253063834
1 0.7873432392976721 0.07760841573507667 0.010252972038424683 0.011939406514964194
1 0.5980392767458546 0.07792384829363645 0.009520861567283122 0.010691245564212621
1 0.8567167009626118 0.07702941227735993 0.010310893156090569 0.011079852792888766
0 0.6367662390884089 0.07478117382056193 0.013041593590561283 0.015842102950082076
1 0.003320951851046815 0.45048209572903164 0.0065115787545029 0.017609661971921632
1 0.057409957963593154 0.0747631288048245 0.007880269264688296 0.01015522334476812
0 0.04576474793103277 0.09281603035621787 0.00891210594955756 0.013938993180104681
1 0.6526909263766543 0.07776233119411265 0.008825263198541168 0.009604708278038433
1 0.17485336381561903 0.07759548584191046 0.010876908594248245 0.011878735477799761
1 0.17855975092673787 0.07880038138091362 0.010979555091079387 0.013262660306796303
