1 0.1583159699731944 0.3562159281238672 0.013111036650988514 0.01689056099044816
1 0.006666229087479261 0.3489918120991576 0.013100912376325958 0.01823640657363661
1 0.2093464403736348 0.35975793737434364 0.013427851151446903 0.016816391713165176
1 0.897620220573581 0.42377334113656473 0.017874892877072605 0.021914321789096084
1 0.9619768103774714 0.42760193933776874 0.01784811214524869 0.020813717915850943
1 0.057547004855408965 0.35028174655090766 0.011536053248814166 0.014331578837447349
1 0.7128608859315211 0.40797265647063596 0.016969330456792102 0.021443446339065843
1 0.537471576612823 0.38806800950508474 0.015343568762954342 0.019967023043572674
1 0.6537893645617427 0.401332232766 0.015638234663982783 0.01875658612178399
1 0.5971527488864199 0.3943272144914252 0.016400317756497192 0.01904530637358295
1 0.4245887678496691 0.37594943161338906 0.016084476393096275 0.020028830774641893
1 0.48088906735790016 0.38217922464494486 0.015669063645966225 0.019895269240837253
1 0.8331561185875718 0.4180002148812302 0.017620787328603293 0.02212446807473123
1 0.3157161401242626 0.36603646615706437 0.015629748908840897 0.018138792984568775
1 0.2625291590787927 0.3628771675356333 0.014142561931999392 0.018085084197570718
1 0.7737783315230389 0.4123557481672361 0.01733585279815045 0.021350095352140778
1 0.3691827812973334 0.37013510020400836 0.015653026347257626 0.01844967876750969
1 0.10897854396275113 0.3539044610686192 0.014211615737603633 0.01839426493965457
0 0.5949374996885962 0.10796574463158741 0.01352185619120696 0.021554131908037965
0 0.3235743775659678 0.1619977079153912 0.014898806202168366 0.04940213796651034
0 0.37046152231644613 0.12224482241931049 0.012431786984813436 0.01971567160389151
0 0.11939737748126596 0.2256313246123645 0.012638169891980236 0.021994884969593124
0 0.6272208544672752 0.08323966838242838 0.013579076650191335 0.018505731985686162
