1 0.10320669290970783 0.45703051827075425 0.013976213883380497 0.0164752414550111
1 0.05206842811740175 0.4514573790992813 0.014115683886469632 0.01746814358078393
1 0.2100509332150829 0.4664389337201214 0.016445588092414695 0.021785022857434177
1 0.48971752244599015 0.4875023690781655 0.014652485750159525 0.018350075964108547
1 0.35578311219507336 0.07921705074036253 0.009427751813616112 0.011722724239376947
1 0.3195452592810806 0.4737216605242931 0.0155104423055843 0.019779042289079653
1 0.9342438055544483 0.07802693222212075 0.02902969048947717 0.013471669898526694
1 0.6094168059679926 0.49770888573538413 0.01689334791533804 0.02021297518720648
1 0.8684784246950735 0.5145285454435253 0.017530791613520398 0.02065117068747604
1 0.26248608803262513 0.46875821554596436 0.015717720498844078 0.019226040704433407
1 0.15585731000316388 0.46307517228257883 0.015413148062569751 0.020095895715020285
1 0.2638538321670221 0.07913062648191929 0.009342466081891748 0.01115146450888612
1 0.9382534416354433 0.5182795642857321 0.01693476462850767 0.020331191353297307
1 0.4515955399493782 0.077661058871539 0.009588280502630707 0.01151996646412252
1 0.29342180368851645 0.0798009917122279 0.009492212412308665 0.010744812264472554
1 0.3758895251215721 0.47730913753095827 0.015452560113400824 0.01898960837225159
1 0.6724780335718272 0.5028968277598951 0.018040092623963697 0.02222463922508473
1 0.2021549769810268 0.0780059033848834 0.010307467713647947 0.011286660040178755
1 0.6164415320571589 0.07820034908595958 0.00957995044941804 0.01167384640147399
1 0.4325867866983219 0.48312986284355297 0.016841499172911303 0.01989043829174221
1 0.7372825778260523 0.5049859290700323 0.016759132852359655 0.018834307567519293
1 0.1714085948710539 0.07584348531789177 0.009293069644850112 0.010543546399968077
1 0.6495258564851721 0.07841042432822563 0.009308951241629398 0.01113079088849403
0 0.7068457311513472 0.333437790010553 0.011855300591916449 0.024392740761599856
1 0.4195829119001116 0.07943423031953309 0.008774737922512725 0.011472367406862374
1 0.8193052642199458 0.07797684664694401 0.009560409857302301 0.011674556835164435
1 0.7517161466637436 0.07865140343602628 0.009746629364636415 0.01140786002776952
1 0.23334674445950251 0.07812923467354554 0.009815138213488539 0.010999218569022688
1 0.4846984707579321 0.07675333774525106 0.010022377481265906 0.01105179066211599
1 0.5945292103047275 0.07931402493910895 0.009161034408880707 0.012126818922504891
1 0.38714163643973215 0.07887980786750594 0.00911401242625959 0.010603080743227777
1 0.32575860315439653 0.07974312688814074 0.008979252406529005 0.011334045967331773
1 0.6828220133878747 0.0781907582311385 0.010424088458625655 0.010967320096321488
1 0.8883914558254942 0.07749630929872364 0.01014257937061527 0.01152820749493174
1 0.5482234176324339 0.49303856569773497 0.017687583456234002 0.019588361886562912
1 0.7173586475605869 0.07903411406507166 0.009528335259885199 0.011591080876536567
1 0.8555908203125 0.07724197403754256 0.009770607461734656 0.011030690781509622
1 0.1412923190058494 0.0744372528710151 0.008658739985251919 0.011429457211959194
1 0.544766445549167 0.07675866599792944 0.009326701261559319 0.01172094815515082
1 0.5160267888283243 0.07663583201285065 0.010481620321468469 0.010903594194288118
1 0.8032805773676658 0.5088675966679128 0.017421800263074008 0.018121458402521818
0 0.15014664980829978 0.09116459172108238 0.010598182678222656 0.02143406861435192
1 0.003041765519550868 0.447127640972834 0.006052879654631323 0.016557083416150906
1 0.7861100800183355 0.07790502180083952 0.009293848154496165 0.010815074156458057
0 0.4833961798220265 0.2706043347791335 0.012953466298628744 0.01791060168319622
1 0.08452697919339551 0.07148426419329074 0.009044253096288566 0.010252979020574034
1 0.11284864192106286 0.07270258692904341 0.008966037205287401 0.010861394433075393
0 0.9898029249541613 0.5036437066986651 0.019181232063137724 0.034020538134577935
1 0.05648288434865524 0.0718236383672187 0.008946691240583142 0.010835676733481108
1 0.0022098586267354538 0.07326635158409998 0.0044197172534709075 0.010522872779575986
1 0.026408594481799066 0.0726119711118265 0.00843631004800602 0.010624038537096056
0 0.4470532864940409 0.3455090530184647 0.012877873011997755 0.01533059069295812
