1 0.060440657090167604 0.6171695185218211 0.015390318267199464 0.019161249151864353
1 0.17437417166573663 0.6266694378305182 0.015936131380042268 0.01957017478408736
1 0.15639441353934153 0.227248840038781 0.008780654595822699 0.011441676671434945
1 0.3497436679139429 0.2280438153383945 0.02899746019013071 0.013798895656347974
1 0.6731359520737006 0.6707072330871788 0.01597704206194199 0.0187364098049753
1 0.414227699746891 0.643698391303866 0.014618387027662659 0.016690644949955546
1 0.11672438407430845 0.6220183705458803 0.01570771664989238 0.019252468837718136
0 0.6213784899030413 0.6582576641391025 0.01776309889190045 0.03522699662770013
1 0.821873411840322 0.2315533577692174 0.00865329041772951 0.010909703924025984
1 0.18724895010189135 0.2262128145879978 0.009094199355767683 0.011656369732688894
1 0.8826594450035874 0.6832664929970607 0.015127065230389035 0.017225459432126243
1 0.2909891556720344 0.6335140401777895 0.01580207201899317 0.01878869772459236
1 0.35306198742924905 0.6379184448851031 0.015159061976841505 0.01758863313468426
1 0.2783815812091438 0.22521437107943937 0.008967730463767544 0.010806691038910748
1 0.5384886216144172 0.08596375532508976 0.006663497613400823 0.008537281658137346
1 0.89028634830397 0.23385544709975145 0.010564064492984656 0.0116806665649023
1 0.4407116636937979 0.08730199926779039 0.006423015983737182 0.007807808344783321
1 0.21735025911915062 0.22504223299624337 0.008924133923588979 0.010635192346036125
1 0.3085567707918128 0.22604408658651592 0.008541729985451253 0.010332263420428273
1 0.5644221403160874 0.08561763203110254 0.0066012168417171595 0.008275273713099397
1 0.2472455744840661 0.22443353341026584 0.007659250376175851 0.009985287606012454
1 0.9934261088468591 0.23448894082152572 0.009571931800063624 0.011159634496326322
1 0.9582282085807957 0.23470938839567237 0.009670802525111528 0.011000639436403567
1 0.9547038954131457 0.6886056153108994 0.015804991430165793 0.01870756619714301
1 0.7424121778838488 0.6757702098255397 0.018251847247688156 0.01877619409164045
1 0.5396865922577527 0.6554620365238129 0.014475841911471558 0.016267510643923518
1 0.955435460927535 0.08463975557788268 0.0076810875717475665 0.008995724518584719
0 0.8792094016561702 0.1674038241262393 0.008600663165656811 0.01910626158422353
1 0.053174451905853896 0.08853374920029256 0.007111228242212417 0.008276836667218386
1 0.7426897944236288 0.08477171863588376 0.006845279615752619 0.008318610168216844
1 0.12599390380236566 0.22683522554420102 0.009123043138153701 0.010093557700437033
1 0.39947743318518814 0.021423483152364215 0.006647849569515298 0.008901734141338186
1 0.47657347698600927 0.6504179573216181 0.013570668746014035 0.016647166408099975
1 0.0067824520626846635 0.612677517340475 0.013564904125369327 0.018506797636221834
1 0.6054755230339206 0.6622220972619206 0.01153128487723213 0.016823638136807786
1 0.005610026875320746 0.22590711497099714 0.008584084559460074 0.011354435414247696
1 0.8594186743911433 0.08423697519708206 0.007672679667570172 0.008862020898042033
1 0.2336493122334383 0.6309169077356114 0.01566022756148358 0.020250770259538493
1 0.4352393636898119 0.02182594383800413 0.006058517767458552 0.008020156974858809
1 0.8559456650091678 0.23303965609300778 0.00925741390306119 0.01064300711663109
1 0.6409684395303532 0.08616807605446318 0.006807989003706961 0.008250053317088418
1 0.03877094083902787 0.023529990087917438 0.005943215623193857 0.007434120223606628
1 0.31925018466248806 0.08899038045482927 0.0063097817557198725 0.008217586497434853
1 0.48895933190170604 0.08664101176219573 0.006493704659598241 0.008663880941775533
0 0.41344214458854833 0.1526717382958008 0.0066783671476403446 0.013159718465050095
1 0.8114239439672354 0.6797315170401197 0.015433642329001964 0.01759673207875538
1 0.5076757547806721 0.022948358025546043 0.005814221440529285 0.007989821456276594
1 0.15620770746347856 0.02198287864022453 0.005609084148796244 0.0077072109342156
1 0.6199210030691965 0.021047770295169747 0.006608145577566898 0.008330119194002134
1 0.6960383823939732 0.01858956316115927 0.006722897899394087 0.008311079571098076
1 0.5140099817392778 0.0856884622700404 0.00673348563058037 0.00817382378210314
1 0.0964888163975307 0.22623576159619932 0.009145989709970914 0.010709929970271467
1 0.6975483797034439 0.085136810509406 0.007329201211734749 0.008296302550336726
1 0.47180347053372135 0.022408144247327882 0.006124535385443207 0.00817183456776988
1 0.7545106848891902 0.23001796847741693 0.009036317163584114 0.011234230033823563
1 0.5899299699432996 0.08627769597289961 0.007213125423509262 0.00905341173424925
1 0.7221220366808834 0.2303105250711442 0.009629852917729604 0.011025646702307428
1 0.9805120351363201 0.08396161109866365 0.008288013691805015 0.0092920464108714
1 0.3918039750079719 0.08784903320943686 0.006925621811224504 0.008752543066343692
1 0.25777256245515784 0.022336958791544795 0.00657217843191963 0.007845745503853346
1 0.8832758689413267 0.0841797142416318 0.007638580945073354 0.008672832406275198
1 0.1009247059724769 0.08919360001198248 0.006639285963408811 0.008488545906972478
1 0.06622064356901208 0.22591990277742524 0.008442333766392297 0.010378015350093221
1 0.6164360824896365 0.08713490526379655 0.007648701570471931 0.008642425844323938
1 0.9236699318399235 0.234808280765383 0.010935257892219311 0.011453896130910699
1 0.9710733841876594 0.018525837259125905 0.007327644192442553 0.009124241973187118
1 0.6744271881726324 0.08541881716283012 0.00710296630859375 0.00824458297767196
1 0.34322979985451213 0.08896295771437791 0.00684971712073503 0.008012839507847182
1 0.9296976206253986 0.019668818502006344 0.006680235570790794 0.00864022349988355
1 0.049088619193252254 0.2265474998995688 0.008679088281125433 0.01041140573354436
1 0.22310260850556043 0.08922432626909445 0.006508184939014689 0.00803777573038197
1 0.7725998236208546 0.018530526121482874 0.006459761639030595 0.008426596089165243
1 0.464915217185507 0.08696717186948132 0.007587510712292665 0.009033874807761872
0 0.21732725415910997 0.12271857512578704 0.008248076146962715 0.009712481068879683
1 0.6562564616300622 0.22998216261941823 0.00872506900709506 0.011486860254147581
0 0.775169528260523 0.14891400585521922 0.007679219148596931 0.013332851155412778
1 0.890385374730947 0.01846985508431845 0.006884205098054828 0.009214324965136172
1 0.24647249494280138 0.08948203609030518 0.007084904884805483 0.008532308622304202
1 0.3273452058130381 0.022631362512867265 0.005868172159000327 0.007933128847778689
1 0.6247214492486448 0.23004191009278505 0.009780728087133327 0.011079781749519738
1 0.029254207805711398 0.08899947400606703 0.006857487620139608 0.00859638974118279
0 0.7158511414819835 0.12257513856368521 0.00744161800462369 0.013391319848136804
1 0.09018444528385085 0.023707349858738274 0.00634173957669005 0.0076366648687539165
1 0.18952311301717953 0.02247510262265279 0.0065287375936702845 0.007917286176481653
1 0.8371331351143974 0.08371736399588695 0.008256561902104604 0.00893043566243236
1 0.7335626251843511 0.018808731954663083 0.006745941784917104 0.007998062487085818
1 0.5288790877984495 0.23131536248291665 0.009136511355030314 0.010684070183939093
1 0.6893774538624043 0.2302057361018028 0.008493228834502526 0.010466819561399481
1 0.9074576241629465 0.08395983501443753 0.007552477778220622 0.008368411569917385
1 0.2921914665066466 0.022721090287971098 0.00622099273058837 0.007282371587326513
1 0.22344554200464367 0.02289845005879193 0.006611882423867983 0.00782159075837804
0 0.8069735157246493 0.17492156239521192 0.0072164730149872755 0.012543133065108576
1 0.6574708588269292 0.020643000700035875 0.0067020338408801455 0.007993515711466939
1 0.7876997967155612 0.23039662963442673 0.008772869499362183 0.011390525445722556
1 0.27104658010054605 0.08929753646089532 0.006704291518853668 0.008585449062349858
1 0.005231406007494245 0.08848650535987763 0.0066408174378531325 0.00836905096023879
1 0.3681931009097975 0.08792121327238658 0.007095804019850113 0.007490812832104539
1 0.12185970617800344 0.022670507409211057 0.006153301316864638 0.00761499664119519
1 0.5453737219985652 0.022301295020284207 0.006486698072783776 0.008204798691006758
1 0.5923417539012676 0.2309881367250954 0.008365864656409431 0.010292763307239237
1 0.01649983683410956 0.023564019861689992 0.006033140785840092 0.00764369816228937
1 0.8126318795340403 0.08284406338190133 0.007514797911352077 0.009247431175111141
1 0.497419006970464 0.23103062065978427 0.009593885772082335 0.010441670208757563
1 0.05764209494298818 0.023869435305214435 0.005373078949597422 0.007481506150759641
1 0.7892870221819197 0.08302462010432918 0.007186578244579061 0.008469293153961277
0 0.16728343282427108 0.39937108056351284 0.014282839638846242 0.015893396262532555
1 0.5823643742775431 0.02307382061527951 0.006344542211415794 0.00852790393342341
1 0.076835213875284 0.08888044084123214 0.007130739640216446 0.00880554141965125
1 0.1256715424206792 0.0899322023982588 0.007003258685676412 0.009042684185523458
1 0.9332035609654018 0.08490833503455729 0.006736288265306137 0.008017670456942237
1 0.294839586530413 0.08926847972295592 0.006374436981823961 0.007989111022586154
1 0.36188507080078125 0.022022627405205202 0.006430489676339306 0.007745077049916581
0 0.5122994014195034 0.10643973306450086 0.006461007254464352 0.009575083193146655
1 0.6611952489736128 0.08625549492007305 0.006561123594945827 0.007731578809798031
1 0.8508842623963649 0.01767718869419889 0.007332626654177208 0.00871020121839287
1 0.7201685224260602 0.0849527371402104 0.006592263980787613 0.009278832344229035
1 0.5609295124910315 0.23161644428092934 0.009677186304209114 0.010509871843040707
0 0.5778241060218032 0.3315856893795499 0.018366910973373785 0.017742655158773872
1 0.465570371978137 0.2310986802073294 0.008995445407166729 0.010608480039275241
0 0.8127407151825574 0.025702212139837276 0.006731928611288267 0.01299226924421105
0 0.42148566732601245 0.08448061843122187 0.007421688157684927 0.01138832310128214
1 0.17459655294612964 0.09139981631599037 0.007527799022441008 0.009420563865473802
0 0.1645984649658203 0.0891729263915904 0.006233526735889666 0.009881351157099646
0 0.043257733997033566 0.4072467353257342 0.018817529386403603 0.014451357957657226
0 0.7644016499422034 0.08345528500747995 0.006822547134088043 0.01080796981955356
0 0.35416038047616993 0.2822358587050586 0.022989496673707203 0.016390003409120706
1 0.19864344864344863 0.08997674804849695 0.006662506662506661 0.007414525351745075
1 0.15093306863880432 0.08996380498678568 0.008169584229434599 0.009319004432118512
