1 0.17116017244300066 0.07497295539529891 0.00867489406040735 0.009577995971277516
1 0.1034213280191227 0.4581563425400103 0.014839873021962692 0.019586230585491547
1 0.15574176944032006 0.4584057758087273 0.014337734300263076 0.017893551274625465
1 0.9359619763432717 0.07641815513009677 0.03171368034518488 0.01486639331961809
1 0.5482248578752791 0.4885182182121399 0.01756426752830043 0.02106265388098467
1 0.05285698540356695 0.4548965175513806 0.015796778153400033 0.020301353138298443
1 0.6095113170390226 0.4935192451326935 0.01690486985809955 0.02066935778995159
1 0.26270150165168604 0.465555935686261 0.015589655662069471 0.01902655092415509
1 0.20997911570023517 0.46074871507646226 0.015216438137755122 0.018904498416135788
1 0.3869614503821548 0.08004598477037957 0.009727400176379164 0.011423915829173695
1 0.3556784026476802 0.07916611264475727 0.009095406045719078 0.01116517587911181
1 0.31984843039999206 0.47150645723410106 0.016018380924146987 0.020158982226732312
1 0.2332631325235172 0.07466501791217336 0.008806968221859047 0.010632208524536238
1 0.615575595777862 0.07812724545921228 0.008898676658163266 0.011127096633303685
1 0.7375181548449458 0.504500844946193 0.01708548409598213 0.020679303861617877
1 0.4328292924530653 0.48027747157639644 0.016720129519092814 0.02060655545171576
1 0.14146649107641104 0.07582650595269003 0.008923472190389829 0.010567203841860067
1 0.3764454977852958 0.47597117776173387 0.017077932552415465 0.022062944517138253
1 0.26283034499810665 0.07551043400380884 0.00949602710957429 0.01064293607326203
1 0.6725638253348215 0.49833285964570634 0.0184478759765625 0.020518177500623798
1 0.2935585489078444 0.07754191914165054 0.008704866681780127 0.009920496053443443
1 0.8686833284339126 0.5159465000462945 0.018402099609375 0.021974282392570092
1 0.8034773067552217 0.5101168232692002 0.017060727489237835 0.01991004626159867
1 0.08374821409887197 0.0766649597941591 0.009418565399792736 0.010960570976262208
1 0.7174431937081472 0.07805343139877452 0.010046666982222585 0.012508748074490794
1 0.4898679305096062 0.48484314473144213 0.016754306092554266 0.020844692824754603
1 0.9385303575165418 0.5222162904946226 0.018229426169881924 0.022700487710948073
1 0.8198295126155932 0.07673920011481111 0.010278507154815026 0.011862821763133686
1 0.4841602870396205 0.08242352215883945 0.010096491599569516 0.012082274730113682
1 0.3255509551690549 0.07816113314624674 0.008682990560726234 0.010927464766287247
1 0.20107039626763792 0.07481932410973911 0.008801285101442926 0.009782671917496148
1 0.6498010596450495 0.07795489424590911 0.009828061473612931 0.01050703010827895
1 0.6832653746312979 0.0778399460747943 0.009415607063137817 0.01084107602952853
1 0.7516310555594309 0.07725756805704793 0.009929579131457242 0.011009804031010392
1 0.8547662228954083 0.0759991768611539 0.00954328264508926 0.011204818079038914
1 0.41959490094866075 0.08072736172289013 0.010321870142099832 0.011174269430349566
1 0.7855643447564573 0.07683226692826006 0.010340476522640252 0.011026499222735962
1 0.11280548329256018 0.07636735912122959 0.009724325063277273 0.01166134276852206
1 0.5161310312699299 0.08288423840709626 0.009302723164461077 0.011476772095743161
1 0.02595269436738929 0.07532582780934542 0.00830521875498246 0.010099454300067793
1 0.8888844081333707 0.07656372299326997 0.01029501155931119 0.011313088173463494
1 0.5949298313685826 0.07987366907876092 0.009406342798349832 0.012105363825053296
1 0.5468807609713808 0.0824703397390401 0.010106145119180484 0.012527645610656757
1 0.0038215885965191586 0.45191852160775237 0.007187876774340261 0.028184041194055195
1 0.4511668146873007 0.08115081572408284 0.009391940369898016 0.010922136513608875
1 0.002073825013880827 0.07526199534225848 0.004147650027761654 0.009630354934263678
1 0.055156552061742664 0.07680086575914216 0.009167622546760398 0.011998443554640588
0 0.155825780362499 0.09774857146901204 0.007738619434590242 0.010143856405720922
0 0.4751001864063497 0.27375169811456496 0.01582772391183037 0.017442852141403953
