1 0.35512359774842556 0.07634505150334947 0.009551534847337341 0.011789362919541156
1 0.05187296380802076 0.4509700926310017 0.014346979102309868 0.01818070857230529
1 0.38618640510403385 0.07693734007107761 0.00969875102140466 0.011687202554854453
1 0.15535313742501397 0.457920691684888 0.014706708947006526 0.0178750799986738
1 0.9326674792231345 0.0767333390368649 0.030899982063137724 0.01519319281722507
1 0.10295490342743543 0.4546890709137692 0.014296395438058032 0.01771736371939377
1 0.6725125994001118 0.49563988969868666 0.016711176658163268 0.01972291802753412
1 0.6098514089778979 0.4914902465127683 0.016231225461375936 0.020119766287019475
1 0.21000071934291295 0.4623953582841872 0.015349952542051997 0.019970859385501107
1 0.37616426117566165 0.4758834392009633 0.016015889693279658 0.018979946474061586
1 0.5130171873131577 0.07907588756607013 0.009026274389150168 0.010712984835140394
1 0.9385847753408003 0.5170814889101574 0.017472870495854602 0.02136984540873521
1 0.2626478623370735 0.4678029664057853 0.01642978434659997 0.02074651088873441
1 0.8187481627172354 0.0813343562680106 0.010422220035475206 0.013308696409937471
1 0.5490052748699578 0.4874922098763921 0.017195176105109938 0.01986173677064806
1 0.43283797283561865 0.4810171040915239 0.017148076271524232 0.0213995415369961
1 0.8540481255978954 0.0803344918920713 0.010630393514827844 0.013168740972918832
1 0.32004574366978245 0.4735103065013842 0.016467658840880098 0.022052572185257625
1 0.7372113441934391 0.4996890775607753 0.016898486079001872 0.02078899482342341
1 0.2923715163250359 0.07372639292035085 0.008873920051418975 0.010411192603437243
1 0.32461746371522243 0.07516214388706574 0.009426350496253181 0.011080421139841123
1 0.868403843470982 0.5090128093142408 0.01709856305803574 0.020637672447357477
1 0.450008859439772 0.07793635192658836 0.009618486676897362 0.011846765961729512
1 0.11232295328257035 0.07431402814740656 0.009566248679647641 0.01134953342178357
1 0.08283426323715522 0.0759518264556854 0.008326900248624848 0.010195078674802361
1 0.6151833047672194 0.08150137922863539 0.009723118373325972 0.011744818727149938
1 0.49070354383818954 0.4838631724988355 0.01590176017916935 0.018749765958355723
1 0.8035381083585779 0.5042839495404986 0.018158893195950224 0.01851844874874515
1 0.48332424553073183 0.07878084445442626 0.009826037348533122 0.011979617061843653
1 0.5477149729826013 0.07989345465703995 0.009727244474449944 0.011258242692560748
1 0.8874028264259807 0.07860891950133736 0.00959481998365756 0.011174127343611477
1 0.7161198830117985 0.08091434787021658 0.010343746263153724 0.01172499762718638
1 0.41866333630620217 0.07708852036040537 0.009707236776546594 0.011150540945088536
1 0.02547116668856874 0.07835412245825749 0.008786065237862723 0.0109394000522868
1 0.002915043003705083 0.4492916219939445 0.00581039944473578 0.01842495567508203
1 0.1406777634912608 0.07307385957567256 0.00875897310218032 0.010704956934438313
1 0.23237096046914857 0.07169156874416405 0.008889023138552256 0.01032274360897622
1 0.7851732215102839 0.08101231667612963 0.01036990418726076 0.011935001826083405
1 0.20071469521035953 0.07172431973729379 0.009962977195272641 0.01074943008346048
1 0.05504282153382594 0.07712546291230876 0.00859258612807916 0.011436277375387525
1 0.5952942517338967 0.08114218395474387 0.009187892991669255 0.011340439870545817
0 0.4451478841353436 0.2698501383733518 0.014496083162268806 0.025281209134876626
1 0.6487007919622928 0.08224562956275078 0.009845811493542665 0.011359053233235602
1 0.7510064572704082 0.08050897440644582 0.010276483029735311 0.010842638983647509
1 0.17095199896364796 0.07177930730493462 0.008853678800621819 0.010926328072382524
1 0.6820368864098374 0.08140983984762092 0.00909423828125 0.01079248236510175
1 0.2627857363953882 0.07288747729698301 0.009352314228914202 0.01047960736782758
0 0.03497534625384272 0.0691000132064561 0.006385370176665636 0.014491994764750951
0 0.1668190469547194 0.08997109864281094 0.008546245341398273 0.0135667259263089
1 0.002055055936988519 0.07915836891753138 0.004110111873977038 0.009593838642574551
0 0.9952190457605621 0.07392897422199197 0.007096035976902317 0.014030316275706516
