1 0.06058560098920549 0.6166220583199604 0.015307329138930962 0.01803677470662019
1 0.7215582399952168 0.22788141019675764 0.008810237962372474 0.010912119398573505
0 0.6203266455202686 0.6533713722595567 0.018781545210857783 0.03767799285975248
1 0.6738806744011081 0.661591232144801 0.014561555823501217 0.01714105990970081
0 0.7840540360431282 0.15115894079535663 0.0074733811981823545 0.01308981178990982
1 0.6058436023945712 0.6559728383472463 0.011446427325813155 0.015587767688900982
1 0.12562559088882136 0.2271250824899046 0.008457144912408331 0.009963974595299012
1 0.3540049961635045 0.6409299022555515 0.01733476288464605 0.020027694080737183
1 0.30821897545639354 0.22794392836151728 0.008060377471301039 0.009488126109435627
1 0.3488838040098852 0.22841643780903556 0.026586104412468142 0.01047250303092308
1 0.23386704191869617 0.6284120606298229 0.014547309096978621 0.01715342145591458
1 0.955411638532366 0.6802681076065166 0.01743830466757017 0.02025645372906205
1 0.754075186593192 0.2283149168346702 0.009395988620057447 0.011542558255478817
1 0.17533670152936665 0.6243195363126168 0.014914376395089282 0.01858807125040933
1 0.8832022219288106 0.6747565630360057 0.015489539321587949 0.018303329427276985
1 0.29186054151885366 0.635955871815235 0.017280890017139644 0.022335893141009144
1 0.5402730824996014 0.6522007196244332 0.01268114362444199 0.015080091773705468
1 0.24742866049007495 0.22786585169893678 0.008416234230508609 0.009555759396766415
1 0.27898552952980515 0.22852371329629342 0.008465436040138706 0.010999786915975055
1 0.11677042318850149 0.6198218516617471 0.015396468493403233 0.017570303945470652
1 0.6888776506696429 0.22763290049183826 0.008617478974011415 0.010418367983710812
1 0.5389499275051818 0.08617251626502849 0.00635528564453125 0.0075860819899938705
1 0.924043927873884 0.2319628517483927 0.008867847676179827 0.010638034080797946
1 0.21779182979038783 0.22761442921588654 0.008644921439034572 0.009967384677013144
1 0.6560666609783562 0.2271518658400346 0.009085830377072699 0.011243181498323197
1 0.49648020218829714 0.2319497797684885 0.007822464923469405 0.009779688095996239
1 0.15665509749432 0.2278137769094268 0.00892596342125718 0.010610753427084663
1 0.18692435050497253 0.2274363945330598 0.009048422988580206 0.010279691327334972
1 0.8118491659359057 0.6715396482422792 0.016234728754783215 0.019407201295498118
1 0.8901525224958149 0.23178680627989925 0.009238729671556138 0.011604508073286092
1 0.958232490383849 0.23352637421433503 0.008990852200255053 0.010221719938194271
1 0.007607298237936838 0.22787842637525776 0.009354394309374752 0.011073103672829486
1 0.4156740538927974 0.6447791030337785 0.016176184829400496 0.018688100314024687
1 0.34371286508988363 0.08784945946965114 0.007229084871253181 0.008943791815812823
1 0.24648685844577092 0.08872894085674368 0.006692847427056746 0.00816679048856768
1 0.6970613440688777 0.08502687089580885 0.007939241370376217 0.009032169766904805
1 0.3199937781509088 0.08752106149624063 0.006683038205516607 0.008050563536810069
0 0.3894792673539142 0.1504023289150274 0.0064851410534917196 0.012994187415175272
1 0.006424423991417399 0.6136110982530953 0.012848847982834798 0.01672673498143036
1 0.7424559301259567 0.6661449700138473 0.01296529964524869 0.015334569121624609
1 0.22292156608737249 0.08914259087300817 0.00706174422283561 0.00889150389619571
1 0.4718812436473612 0.020539774684813494 0.005980199697066336 0.008539839219422968
1 0.7331754723373725 0.01927651701813987 0.006563459123883982 0.008242522719969654
1 0.052950878532565374 0.08873046828917815 0.007078345941037548 0.008276552493742208
1 0.5648378644670758 0.08562502054148323 0.006817097566565681 0.008390363970952297
1 0.4405241207200654 0.0873414993809794 0.006620757433832896 0.007973694611503384
1 0.7879622323172434 0.22904787127310747 0.009339001713966786 0.011596835389429226
1 0.6239249560297752 0.22767041139069397 0.008875944176498783 0.00996369042182277
1 0.5077552016900511 0.020919359405620914 0.006145243742027975 0.008037420513536744
1 0.12586112898223256 0.08888800696003545 0.006852208351602358 0.008215881456577775
1 0.7727681374063298 0.019873103709695236 0.005935357541454061 0.007773565440903626
1 0.590179054104552 0.08561635325045973 0.006489812111367983 0.008215952499946826
1 0.8507527721171475 0.019628785563549488 0.006913321358816991 0.008133613235223672
1 0.17482761460907606 0.0889866506779544 0.006663108358577821 0.008320031035597744
1 0.6418942042759487 0.08545845936275721 0.006883737992267308 0.008306603838848242
1 0.47719865915726645 0.6488862622850079 0.014643065783442271 0.017651719646396204
0 0.9760176210987325 0.23238655440137715 0.012076085927534994 0.015132805953536827
1 0.5914618044483418 0.2290081580298113 0.007620208117426646 0.009666729139214715
1 0.09643817434505542 0.22663701454456545 0.008719833529725357 0.010160054293863196
1 0.5599832340162627 0.22907898826874917 0.007688561264349457 0.009703813777856186
1 0.08921317664944396 0.023895010918070635 0.005981172834123889 0.007719714567167517
1 0.7424872262137278 0.08428354412549105 0.007551232162786957 0.008809661935055871
1 0.15531317068606007 0.022839626149222674 0.0060604640415736575 0.007796512449105158
1 0.29501802094128665 0.08758027614433964 0.006838039476044349 0.008350295510810917
1 0.06606459131046216 0.22599655857262482 0.008274292459293285 0.01040728521813977
1 0.9938113932706872 0.2342055488224052 0.00828536675900842 0.009968805544394055
1 0.2713555705790617 0.08832267935085987 0.0073393218371332804 0.00916040304803102
1 0.5141310399892378 0.08594606552619756 0.0076107102997448545 0.0087779765924618
1 0.1503702280472736 0.08918994127847667 0.006866104748784291 0.007994297188526435
1 0.8551085335867746 0.23184136758732582 0.00930614860690363 0.011177679512063731
0 0.06593356813703265 0.4092780073334687 0.011988211651237639 0.02209477194647034
1 0.48922071651536586 0.08675851749459615 0.007201136374960142 0.008511990218757329
1 0.4650729432397959 0.0870525659990734 0.006769764180086078 0.00833878648502563
1 0.4351524041623485 0.02147946532717167 0.006471906389508889 0.0077913973265339165
1 0.2570517014484016 0.023237859754404407 0.006031347780811518 0.007653360060479488
0 0.15354065992394272 0.39383175803570536 0.027495306365344006 0.018945277309967593
1 0.5447919806655573 0.020183065928838558 0.006072297388193489 0.007434759613928031
1 0.07739717133191168 0.0888475477613643 0.006780410299495778 0.00816799822584145
1 0.32741200194066883 0.022644860752985815 0.006074010109414858 0.007867911034995382
1 0.6191832873286033 0.01889039630738031 0.006259217554209114 0.008012555334370995
1 0.8221580349669165 0.22965834694331114 0.009280146384725766 0.010918939562001859
1 0.29229082380022325 0.022842467883984474 0.0057796556122449005 0.007910466013053336
1 0.10134305759352082 0.08927309754194383 0.006863068561164706 0.00868377308510814
1 0.46561237257354116 0.23257524558956066 0.008207204390545285 0.010052920893343328
1 0.04907516557343152 0.22638523684467 0.00849811398253149 0.01029645756242957
1 0.03805873345355599 0.023939945848991596 0.006358117473368743 0.007684974359704515
1 0.6166632516043528 0.08555752934089048 0.007667385801977077 0.009021513261548052
1 0.3924539137859734 0.08844789328880166 0.007039595623405595 0.008372461041952946
1 0.8837093431122449 0.08027026868645462 0.007076029874840569 0.00881932383324598
1 0.02951107219773896 0.08902629287788151 0.006780527075942681 0.007917073046374522
1 0.1891680736931003 0.022850744436478217 0.007351933693399233 0.008453024222449982
1 0.9299063390615034 0.018526121432602086 0.006748900121572044 0.008361378276381936
1 0.2235361605274434 0.02306806610238686 0.006012741400271052 0.007268447086993691
1 0.7203028931909679 0.08505745506618273 0.006804018604512163 0.008411676981665782
1 0.6954092687490034 0.01906867964199873 0.006328660614636508 0.007497775082270946
1 0.9708421668227839 0.0181658605081749 0.007003472775829154 0.008856834732101745
1 0.5287201550542092 0.23089137565645607 0.009293069644850112 0.010413537034615726
1 0.9556537550322864 0.08062903770013187 0.007696969168526759 0.009115006335211267
1 0.3676835663464605 0.08843169540065941 0.006798101931202189 0.007926166597612276
1 0.19888356267189494 0.08933170832140597 0.006800748863998713 0.008412742632201476
1 0.8903313461615115 0.01839682250094019 0.006054313815369947 0.00809389999192752
1 0.8592814231405452 0.0806406177692862 0.007255087093431137 0.00888326286538649
1 0.361681334826411 0.021995240186438354 0.006380665058992374 0.007636451738646777
1 0.12182562691824778 0.023529705914441257 0.006089385674924261 0.007720140827381788
0 0.16530075851751833 0.08783681374996113 0.005644856667032045 0.009130351702924996
1 0.6574270287338568 0.019446914538794297 0.006099623076769835 0.007297930085147366
1 0.6738533487125319 0.08541892372788368 0.006768985670440119 0.007442787514630116
1 0.6605133523746413 0.08655142607382998 0.005643883529974551 0.006730648783323065
0 0.8209156892737564 0.17466065562239416 0.006589617047991111 0.011811457407314147
1 0.39863734342614 0.02175337303652466 0.005693396743462996 0.00798634033119339
0 0.7074349072514748 0.11836951320295944 0.007223168197943301 0.011384984062937014
1 0.7659655201191805 0.08242238546493473 0.006826751086176646 0.008861807767934894
1 0.016438255504686004 0.024178189787083994 0.0061156506441077405 0.007892563084053995
1 0.8124757104990434 0.08224705043013168 0.008217325015943862 0.009849736857874623
1 0.9806568379304846 0.08039026093677162 0.0069218849649234655 0.00847021671775887
1 0.057823414705237566 0.02437441157238628 0.00601488230179767 0.008088855912725325
1 0.005045764300287987 0.09010910038718084 0.00696190765925816 0.009651881075084313
1 0.8106859168227839 0.02120296453484854 0.00629284917091832 0.0069372429005059135
1 0.9321064073212293 0.08069503698997467 0.007257734026227732 0.008815487491317558
0 0.2152849314164142 0.12372174301838694 0.008536669672751919 0.010719307694985398
0 0.9739168128188777 0.1536867349093467 0.011401740872130053 0.01314813839589577
0 0.5514566849689094 0.33705830218382415 0.01504843575613838 0.01554087906533128
0 0.4091374922771843 0.283587936732321 0.022597488091916494 0.011981180015962632
0 0.9606558352100605 0.19224676671747734 0.0069829201211734655 0.009824445418494617
1 0.5813002683678452 0.020371046683331624 0.006068871945751029 0.007440656213558766
1 0.7897888494997608 0.08236633224675823 0.007035547373246164 0.008659049992680468
0 0.967531632403938 0.19200791891074806 0.015570815728635291 0.011854296558848287
1 0.9076851046815212 0.08088607260933665 0.006962056062659431 0.009114082771413684
