0 0.6196918876803652 0.6545254007463236 0.019347521723533215 0.039758711052342424
1 0.17492823698082746 0.6279501366442923 0.015808806127431442 0.01960498603491941
1 0.06138159304249043 0.6200268828248109 0.01515425467977718 0.01820031654216175
1 0.06375591608942771 0.22823406948069702 0.008956879985575775 0.010156928385625177
1 0.673458177216199 0.6619194525097889 0.014692656847895396 0.01765726102918179
1 0.2919713623669683 0.6339636736604752 0.015575837115852217 0.018602706184432605
1 0.956020433075574 0.23348332193269378 0.009438339544802209 0.011476345835528895
1 0.7406319598762356 0.6666975453382792 0.014911573760363585 0.01751588472478223
1 0.9211228039799905 0.23225697129623904 0.010103186782525449 0.01179035752670779
1 0.3466210657236528 0.22903273903550087 0.027304513113839305 0.012002635113414217
1 0.9902138223453443 0.23429918398280652 0.00911603655133926 0.010866509555646615
1 0.5381660072170957 0.08542059324705624 0.007614914251833552 0.009184984053720592
1 0.4405013882384009 0.08666239581627827 0.007011257872289577 0.00880014212360384
1 0.9546648920798787 0.6778866628327592 0.015795026506696296 0.017668343794752787
1 0.3536308444276148 0.6397326083570362 0.015829670185945454 0.018318674794990716
1 0.4773262958137357 0.6481077690470128 0.01293182373046875 0.016910311047042638
1 0.540609748996034 0.65403022846408 0.01613001920738997 0.018317111840871748
1 0.1498807206445811 0.08709284758932191 0.006830799336336102 0.008712900866416578
1 0.11736720922041913 0.6250675519452916 0.016390625311403863 0.020366286777605637
1 0.6964852469308036 0.08461066331825874 0.0076191182039221554 0.00873492431082053
1 0.028061774312233438 0.08684469310124775 0.007137911660330639 0.00853387157642318
1 0.4151441613022162 0.6440200756789017 0.0165076742366868 0.019124022426484824
1 0.8114782839405293 0.6691447762717723 0.014920293068399234 0.016541453874961063
1 0.6192365373883929 0.020664384754118418 0.006451042330994947 0.00899053835264443
1 0.6411481195566606 0.08679233413826157 0.0066842838209502245 0.008437678854736255
1 0.818884090501435 0.2287143226554412 0.009440207967952844 0.010951193251548285
1 0.22212213399458905 0.0886111864725516 0.007136987180125936 0.008067684988749916
1 0.8497826712472097 0.019320279733471588 0.007003161371970622 0.00876476252581943
1 0.5130498457928093 0.0853084512890187 0.007512462382413922 0.00836478835809609
1 0.12345016245939294 0.2285742251316845 0.007856680422413127 0.009538566901457518
1 0.883302338269292 0.6738950911429661 0.017260493064413174 0.018682843104715303
1 0.7194719898457431 0.22875027060017794 0.009282637615593095 0.011152103899207557
1 0.7520859387456155 0.22707634673873972 0.00904254524075262 0.009793754683067157
1 0.6862209086515466 0.22936110148722683 0.009194821727519087 0.010580915212085758
1 0.23466960751280494 0.6314664281951745 0.016851658723792243 0.01875942785654581
1 0.1245102103875608 0.08711039530147602 0.007049288068498901 0.008890509289029078
1 0.08887234512640506 0.023133745697068962 0.006570854965521356 0.008073155328166378
1 0.5439761414819835 0.020018387399392257 0.006530138911033122 0.008069745246452221
1 0.15419376139738122 0.22837800334638214 0.00876780918666294 0.010110608109007829
1 0.7327212898098693 0.019663490249327974 0.007296815210459206 0.008333387188978206
1 0.1978183668486926 0.08780257084608144 0.00674594178491708 0.008023424969834885
1 0.09422053123007015 0.2281544298639976 0.009426506198182388 0.010504046286779051
1 0.5894623581244022 0.23162567991890518 0.009246981873804266 0.010473497638089734
1 0.25776491359788545 0.022322004162360822 0.006312078359175711 0.008213821198875471
0 0.695400705142897 0.15407683404877276 0.00756695805763707 0.013315587616734832
1 0.5889576503208706 0.08735137440927666 0.0075551247110172155 0.008238046987719816
1 0.5074763395348374 0.02126033205535238 0.006448161845304547 0.008190732103935847
1 0.0522473685595454 0.0866449191474932 0.006996524577238117 0.008587296189945026
1 0.006837117428682289 0.6150713236604463 0.013674234857364577 0.01619930900964033
1 0.4349224713383889 0.020340924294856545 0.006151160415337949 0.007561856201149533
1 0.6055748997902384 0.6547157259319951 0.010926460733219031 0.014707824519909676
1 0.10064788740508411 0.086845119361462 0.007111763467594066 0.008771014342295389
1 0.47168116666832755 0.0210353732272714 0.006055403728874345 0.008507869703352721
1 0.004063993692398071 0.08787475090903116 0.006136754337622194 0.008616139797777297
0 0.7093441243074379 0.17820433439204314 0.0077916359414859655 0.013226570275321443
1 0.4885217705551459 0.08563429170114359 0.006822780686981756 0.008766041306462235
0 0.1396465301513672 0.2794798539172941 0.009713970884984843 0.01915727072319782
0 0.13289634548887916 0.16170927183706849 0.006992651491749041 0.013497955945073345
1 0.6563474499449439 0.019957503232120696 0.0068509238106864235 0.00839768143796393
1 0.652711517956792 0.22947676009203213 0.009308795539700225 0.011465547243434054
1 0.3062711053965044 0.22798584394925378 0.00816181727818081 0.009835812357541815
1 0.5641599382672992 0.08652897636921177 0.006933251205755801 0.00938482905084417
1 0.889298575265067 0.01839682250094019 0.006613128039301833 0.008594258440111437
1 0.27672142885169204 0.22930114088375286 0.008553524406588792 0.010495378995755575
1 0.6155694455516583 0.0877524497492202 0.00760650634765625 0.008918997680016121
1 0.18439942963269293 0.228436116822261 0.008736045993104275 0.010146129793530375
1 0.9559645360829878 0.08320343626421545 0.007081323740433571 0.008526198892566337
1 0.057383118843545716 0.023290716020973885 0.006036933587521929 0.007630910355861268
1 0.24587545589524873 0.08905289861958887 0.006910129469268151 0.008586869929730748
1 0.8831871188416774 0.08332286016758007 0.006962056062659431 0.008718726422678267
1 0.8867618015834263 0.23167754157830805 0.010282399703045099 0.011375464251484982
1 0.9807624038384886 0.08327611363074847 0.00824908820950262 0.00883040659881701
1 0.21463238463109852 0.22819009363525816 0.008542819898955698 0.010486143357779743
1 0.3907279968261719 0.08859086806900474 0.006107252471301039 0.007650518325717686
1 0.1551969100017937 0.023831924406358673 0.006585101692044021 0.008077773147154303
1 0.7655176435198103 0.08318688315922795 0.006875174386160648 0.008746930640189143
1 0.245123882682956 0.22950610100344765 0.008467070910395443 0.010737778970937105
1 0.7710563503966039 0.020508941862647963 0.0060222392179528446 0.008007866472014024
1 0.90748845314493 0.08318368620762093 0.006592108278858346 0.00869194307254831
1 0.002997644093571877 0.22878920236641462 0.005995288187143754 0.010264061786145086
1 0.8527490265515386 0.22980412793659144 0.009102334781568862 0.011604223899809892
1 0.5805479555713887 0.02087577429871181 0.005997015505420939 0.007737830626273989
1 0.8127672623614876 0.08305658962039943 0.007912149234693862 0.008877295222386703
0 0.5208813414281729 0.6185103910691764 0.026586104412468094 0.03813394920228333
1 0.8587999149244658 0.0830407824707869 0.007235157246492328 0.008440236416021877
1 0.4640639168875559 0.08631989573411233 0.006876809256417477 0.00870181810084556
1 0.03771110943385533 0.023912416543486657 0.006424154554094586 0.007698685729930199
1 0.7430915832519531 0.08453152100514262 0.006875485790019087 0.007663448218883883
1 0.49445872404137436 0.23114130622875637 0.009478822046396707 0.01017341044724366
1 0.7196114987743144 0.08416191787768602 0.008157535475127526 0.008929583142003825
1 0.9325297608667491 0.08319178515169205 0.00737482187699289 0.008708283047428662
1 0.07619604772450973 0.08685002135392611 0.006796389209980867 0.008388090583142853
1 0.27005234543158085 0.08935554337172055 0.006286465391820827 0.008535363487173141
0 0.5571508602220185 0.15677502568341725 0.006765093122209768 0.012122130060147935
1 0.3191563742501395 0.0895993997359675 0.00609152657645088 0.008483075567556017
1 0.17416292307328204 0.08717955602124133 0.006149759097975135 0.007784008816153243
1 0.0467812966327278 0.2293243720654306 0.007313708869778379 0.009631065367954111
1 0.7898355600785236 0.08337841608217327 0.007183152802136508 0.008342338653477874
1 0.8356656444316009 0.08287962058810834 0.007105613241390437 0.008409545680594448
1 0.6740291361906091 0.0853878422539265 0.006605498644770396 0.008496857981150737
0 0.7493348413584184 0.3252881209739252 0.010903650400589915 0.020686692371998543
1 0.3274100167410715 0.022694733198055404 0.005748125971580043 0.007628494881313738
0 0.5733163016183035 0.0870924923724767 0.006456803302375655 0.010268466475025842
1 0.22313633743597536 0.02353133991192929 0.005882924916792899 0.007544805792578734
1 0.9703543526785715 0.01843071018797465 0.007078832509566243 0.00956371625409947
1 0.810846756915657 0.02091900418877569 0.006865209462691336 0.008154926245937172
1 0.5268708832409917 0.23097215196706025 0.008067851163903069 0.009562579560194767
0 0.7856143250757335 0.14255434554504914 0.006984944246253181 0.013878748403154516
1 0.3430989323830118 0.08965225600253698 0.0070807787836814655 0.0086657280693707
1 0.3670771851831553 0.08877891986686684 0.00673239571707588 0.008005024737252227
1 0.6215162471849092 0.23027486129988362 0.008783612932477732 0.010515697399302448
1 0.5575432680091079 0.23170425388506893 0.008515338508450225 0.009538566901457561
0 0.40736607142857145 0.08596819553565509 0.006463187081473241 0.010272515947061413
1 0.4653593569385763 0.23111161010049555 0.009229543257732785 0.010088726751342031
1 0.3630101340157645 0.021409096870132604 0.006225819490393806 0.007191507118317961
1 0.12130780122718034 0.024131478771936908 0.006061398253148929 0.007966306101122705
0 0.1639493241602061 0.08627073372273321 0.005615701480787635 0.010831982478290765
1 0.2919184237110372 0.022858985467287436 0.005838588792450552 0.007325850129182051
0 0.40694073268345426 0.2287356356661547 0.007095881870814745 0.011529486275574551
1 0.3984242653360172 0.02000382350873803 0.005734346350845013 0.007529744598341193
1 0.9289666000677615 0.017901295001851333 0.00623025699537631 0.008751264285700883
1 0.6943706590302137 0.019510995657672885 0.007102499202806137 0.008710343305130963
1 0.18938708791927417 0.02407862250536743 0.006511882859833388 0.008020725321811173
1 0.7848622847576531 0.22791075110817327 0.00832257952008926 0.008699260539559958
1 0.015699361051831926 0.023446620694343133 0.0062302107713660395 0.007979662254503165
1 0.29436769290846226 0.0899255598432531 0.006853531818000609 0.00867411118691802
0 0.2730215033706354 0.380962109646466 0.02354318268445074 0.014813394966310532
