0 0.7725803608797034 0.022289963602921528 0.006328660614636508 0.012782407132052129
1 0.6867084892428652 0.23309968773985082 0.009013896085778069 0.011668731278902746
1 0.4144506649095185 0.6467910512451328 0.014516402264030595 0.01707854174494118
1 0.11691067170123666 0.625314356609354 0.014978583978146918 0.016862711989782564
1 0.6736580206423389 0.6613927369716893 0.014712275290975766 0.016885872128091218
1 0.2916231544650331 0.6394203727500835 0.016141074044363865 0.020407065671437442
0 0.6199114663260324 0.6546094450519038 0.018596649169921875 0.03548275275626212
1 0.18597474390146684 0.22811272740636818 0.008502415248325903 0.010141014670959132
1 0.5403770913883131 0.653952933278559 0.014248283541932447 0.01617941686630767
1 0.5381644112723215 0.08712911522921939 0.006816630460778069 0.009050356869380324
1 0.811098371233259 0.6681789416696056 0.014250151965082896 0.015996977494600106
1 0.09474390380236568 0.22551204279573792 0.008660764110331634 0.01045559470909034
1 0.006453806040238361 0.6164396189482528 0.012907612080476721 0.017155552756985947
1 0.9906863777004942 0.2344144873707666 0.009672359544403817 0.011330564842248547
1 0.9220237731933594 0.23320440566582312 0.008987738161671033 0.010720728562366309
1 0.8826442640654896 0.6727672066160075 0.015495923100685628 0.017982781746145936
1 0.061349357877458835 0.6214899499669236 0.015692467592200457 0.017810004272628546
1 0.7518913891850686 0.2321403180842672 0.009449082977917665 0.011493680417575891
1 0.23382685135821907 0.634981512008783 0.015337340685786021 0.018698046385690975
1 0.15472008257496117 0.2278477356398303 0.00874521294418647 0.0101952918049095
1 0.0646845953805106 0.22364424158017593 0.008283225857481662 0.009888952797587471
1 0.35377416805345185 0.6435696607191566 0.015640959447743918 0.01934851947266696
1 0.8599208909638073 0.08360291312835545 0.0073145652303890345 0.00834674334235866
1 0.27722241927166374 0.22653201244511695 0.007788950083207101 0.009340782162036267
1 0.7199208006566885 0.2328854209388111 0.009660993303571388 0.011226415263228599
1 0.9552257304288904 0.6771981815433441 0.017356405452806138 0.020171627946422365
1 0.17555007156060667 0.6302127969050065 0.014891877466318558 0.017499828923378043
1 0.12443834421586017 0.2269812196675885 0.008897255878059226 0.009586165958717719
1 0.3195253878223653 0.08754077603115061 0.007432587292729604 0.0086090354608728
1 0.4776936745157047 0.6506664670265375 0.014065567328005426 0.01725359260626808
1 0.957002289441167 0.23349994608105032 0.008991942113759543 0.010164032722529727
1 0.24608049587327607 0.22794946974430277 0.008556443817761508 0.01039904418733055
1 0.1547689827121034 0.022276927144701773 0.0057459072190888145 0.007181916263496888
1 0.5133784547144054 0.08647921048919574 0.007309271364795846 0.008675176837453691
1 0.08904314041137695 0.022691465203079332 0.005819417992416694 0.0076135757738142905
0 0.6806682664520887 0.08240515744794133 0.007474004005899233 0.011561171618168612
1 0.6226476941789899 0.23171377369652102 0.008697042659837388 0.010150392395673065
1 0.8837000009964924 0.08421779348743991 0.0071155781648596554 0.008245506541469542
1 0.9811465204978477 0.08454011725279706 0.008140096859056138 0.009159479484233436
1 0.5435687473842076 0.022164820708348767 0.005780901227678518 0.0078576807898529
1 0.6056772738086934 0.6577337192923958 0.011789127272002526 0.016474388934582584
1 0.8533412388392857 0.2320826308686026 0.008204557457748876 0.009717312017974749
1 0.5643629735829878 0.08667262606142075 0.007095181212133327 0.008736913525153786
1 0.21532862527029853 0.2277954477202132 0.008629312320631409 0.010066561220199992
1 0.5073260871731505 0.022337953398711422 0.005982301673110685 0.007798359576700327
1 0.7428198055345185 0.6640386762084012 0.014076388612085516 0.014104524229979591
1 0.03753722687156833 0.02279447808819458 0.00570318163657675 0.007270436301326955
1 0.9554935377471302 0.08498555917670919 0.007603859414859842 0.008364646271358002
1 0.3474968112244898 0.2259616762784237 0.02685788212990274 0.011415816885102573
1 0.12473003231749244 0.08896377471312193 0.0066975184849330325 0.008404572644761294
1 0.47121336022201854 0.02147193473005291 0.006185103435905595 0.008001472568799975
1 0.8124124176648199 0.08393639070265269 0.007208065110809974 0.0087751348577
1 0.05205560703666843 0.08823096236142276 0.006508768821249205 0.008153931638770543
1 0.6185164159658003 0.02050574491104094 0.006574669662786957 0.00829019282059885
1 0.8190867365623008 0.23141979623541276 0.009019189951371165 0.011134343056946263
1 0.6413710457938059 0.0851169183660734 0.007445043447066336 0.00866970649803722
1 0.02852841785975865 0.08854319796837554 0.007152907702387593 0.008174818389269773
1 0.2221059799194336 0.0884067236564401 0.00691371061363997 0.007982148772419732
1 0.12144590883838888 0.021551467781698776 0.005865486300721463 0.007343610971443299
1 0.22217209485112407 0.02318713478890628 0.006481092803332289 0.007896825686196696
1 0.6540362494332449 0.23240843575904294 0.009268585516481988 0.010470940076804113
1 0.9328354816047513 0.08445685442427632 0.0069514683314730544 0.008257797044314324
1 0.7421176676847497 0.08322808831327405 0.007567580865353948 0.008569748477790911
1 0.6161704939238879 0.08589846646893742 0.007761896873007017 0.009021371174809964
1 0.34244311585718273 0.08803140153777538 0.006486853774713043 0.008668853977608687
1 0.004630869748641034 0.22336106271116254 0.00789176931186598 0.011029909304450159
1 0.0463944065327547 0.22314708008359901 0.0075148854936872254 0.009632059975120765
1 0.29441926917251277 0.08720022964163343 0.007042709661989802 0.008212826591708848
1 0.05722194788407306 0.02179340597498152 0.0058518039936922015 0.007451454805653608
0 0.477276510121871 0.15408724190233786 0.006828619509327096 0.010751845558008004
1 0.2563802952669105 0.02293780808524286 0.005854470389229884 0.007867129557935887
0 0.7645410031688458 0.17648384160219593 0.007225503726881363 0.012763864812731373
1 0.5899531306052695 0.23135827267781983 0.008940871880978949 0.010465824954232827
1 0.2462462211141781 0.08872336395227365 0.0067281917649872755 0.007845745503853347
1 0.5894970796546157 0.08686387481088988 0.006799970354352639 0.008634042726776639
1 0.48863189074457913 0.08654929477275863 0.006889498963647923 0.00834830629647766
1 0.004262579947101827 0.08944299775901496 0.006425436662167919 0.009096321929152431
1 0.3915323919179488 0.08892193016875442 0.006962133913624064 0.008206361645125755
1 0.8903659898407604 0.2328017318500761 0.011011240433673465 0.009337372080322091
1 0.10072638064014669 0.08893059745977791 0.007313903497189898 0.008430574517831756
1 0.27081493455536515 0.08824296869079137 0.006568986542370883 0.008357115674239237
1 0.07624329352865414 0.08851968261322164 0.007402673059580277 0.008623528308157973
1 0.434263968954281 0.020597923682376822 0.006211105658083552 0.0077971518394265625
1 0.6561143836196589 0.019324080553715497 0.00608389718191963 0.007442361254415846
1 0.198277726465342 0.08921079250729137 0.007134885204081633 0.008359246975310581
1 0.4950436183384486 0.22980739593156752 0.008967029805086171 0.01070538319465258
1 0.5269676519899952 0.23005718441712975 0.008334879972496819 0.010193586764052433
1 0.8367300228196748 0.08382122940143073 0.007485214544802395 0.008569535347683774
1 0.9076940575424505 0.0843147321645018 0.006745941784917104 0.008212613461601709
0 0.5461411768076372 0.229009294723716 0.007077742596061845 0.011453896130910699
1 0.3064820425851005 0.22527809698147275 0.00809385338608098 0.00978238774401996
1 0.7661187308175224 0.08306593182342885 0.00673379703443881 0.008214886849411143
1 0.5802711953922194 0.02181670820002828 0.006064123036909993 0.008173397521888873
1 0.3676449133425343 0.08813924537198568 0.0068415427694515345 0.007997352053395362
1 0.696561385174187 0.08355201055443472 0.007405495157047249 0.009407989189152833
1 0.3269914996867277 0.022563160878584065 0.0063057529683015765 0.008021364712132576
1 0.7864532470703125 0.23091339910086006 0.009448615872130146 0.01110152102044748
1 0.188408442905971 0.0226560500836104 0.006249174779775192 0.007334872637050764
1 0.46476126690300146 0.08770985924947772 0.007424412941446108 0.00840528307845174
0 0.4407812624561544 0.10647390492501149 0.005981367461535367 0.010115581144840995
1 0.8497154080137913 0.01793781129354046 0.006417099310427208 0.008231653084505767
0 0.41871098109654026 0.08672356415702602 0.006531228824537659 0.012334407646854383
1 0.7897183165258291 0.08329312851763475 0.006838740134725767 0.0081516582509611
1 0.36184131855867346 0.02184313633331302 0.006517682756696435 0.007707779281167955
1 0.719795071348852 0.08316475314977044 0.007511061065050992 0.008350792814394221
1 0.8102002825055804 0.01849099048660933 0.006415853694993637 0.007794168017926675
1 0.29155610532176734 0.023163761520490475 0.006304059709821435 0.007247276163018282
0 0.1627345182457749 0.08860482809102208 0.005994563200035858 0.010826938399088572
1 0.7327350694306043 0.017848332170228284 0.006439987494021052 0.008328485196514098
1 0.3976120851477798 0.0210505409865625 0.006046528718909478 0.007805250783497692
1 0.46465285943478957 0.2295195282001972 0.009147176937181138 0.010144851012887523
1 0.6608836115623008 0.08581548781389287 0.00532095772879463 0.006688733195586507
1 0.015749572491159245 0.023024871734007503 0.005921497636911821 0.007494222913818694
0 0.22513210530183753 0.38512553524597903 0.011074377565967814 0.0159094520639367
0 0.7393680494658802 0.1493718093253452 0.0066020732023278446 0.010991261711689656
1 0.6942671172472896 0.01781838739017582 0.006783933055644087 0.008679865699810657
1 0.17432917380819518 0.08992392584576507 0.0068963109230508746 0.00880298385836564
1 0.6724573252152424 0.08419434917565506 0.007002538564253836 0.009173403984566255
1 0.43959893985670445 0.08835265965259685 0.005341043277662613 0.007337217068229257
1 0.5579964384740713 0.2312220114959915 0.011722408995336452 0.010293047480715436
1 0.14984093880166813 0.08984098271240504 0.0074595237264827845 0.008476539577603874
1 0.9282506825972576 0.01546440087855435 0.006804797114158307 0.008828417384483747
1 0.002667302075697451 0.003164697917478458 0.004735043462441892 0.006329395834956916
1 0.8900256441240046 0.016662991006885737 0.007787220901974921 0.006861231591070594
0 0.23973098973098972 0.11761718600283622 0.006037506037506029 0.0071863861101529244
