0 0.6869508392956792 0.15212743952386257 0.007621298030931137 0.013402828873922102
1 0.8195285407864318 0.23369012917998377 0.009070882991868638 0.011407007507340996
1 0.3539394456513074 0.6356400840398301 0.013995112205038266 0.017671327616252664
1 0.605401408915617 0.6535310777531698 0.011010617625956587 0.013958459063222958
1 0.1751624126823581 0.6255990984324863 0.01656917649872448 0.020821958946660207
1 0.687251344019053 0.23288677076282294 0.00916586116868619 0.010685633138058103
1 0.06402864748117874 0.2257278015075276 0.008307057984021239 0.010025356066153845
1 0.882662247638313 0.6764454060049434 0.015581714863679827 0.017012613498467416
1 0.752553823042889 0.23291398037316718 0.01018228336256381 0.011564439613144658
1 0.4143317086356027 0.6403251100548715 0.015084558603714915 0.01740761463035769
1 0.06142612379424427 0.6151034352632545 0.015095165797642297 0.0162838506188039
1 0.2910054265236368 0.6318370614514823 0.015253495196906858 0.018603842878337315
1 0.991756517059949 0.2334020483185063 0.009795519770408122 0.011004333691593942
1 0.8533099427515147 0.23432973263149587 0.009981272171954715 0.011986437225271974
1 0.11734658844616949 0.6206652785390493 0.015673754166583623 0.01915556568234071
1 0.6741663095902424 0.6595959080818032 0.015015426947146051 0.018170762500639003
1 0.8115395526496731 0.6698389410307108 0.015247267119738585 0.016186379116474078
1 0.7426149017956792 0.6629770041013927 0.013788651446906905 0.015031640196016714
1 0.2769049430380062 0.22435339648998306 0.008472637254364661 0.010792908625316028
1 0.0945921430782396 0.225891059169593 0.00873423595817722 0.010611605947513175
1 0.9543484279087613 0.6836376946003208 0.015527841996173465 0.017342823077788637
1 0.5903224555813537 0.23377033714363557 0.008726859579280969 0.009926747869919398
0 0.11269001084931043 0.16017374045852992 0.006820639785455207 0.014819788869524566
1 0.9572532809510524 0.23360864243568918 0.009221758161272454 0.010836671340647752
1 0.9220078915965801 0.23394048601249837 0.010128099091198915 0.012153104969051509
1 0.6225152307627153 0.23261929247836854 0.008344844895966224 0.01039606036583063
1 0.0032711990025578717 0.22388351564711947 0.006542398005115743 0.010163038115363074
1 0.859834320691167 0.08440083672778434 0.00785235969387762 0.008858610816327878
1 0.5649816551987006 0.08747655282553395 0.006950067014110404 0.008415371236856137
1 0.7200398347815689 0.23206984306217454 0.008765240104830933 0.010349882175951425
1 0.5277838804283921 0.23274972810393516 0.00992880062181119 0.009709355160641685
1 0.18520993602519134 0.2252023647500708 0.008480033096002058 0.010835534646742999
1 0.5066701149453923 0.02167625545942632 0.005377321827168413 0.007465095132510245
0 0.6192473586724729 0.6519969672420122 0.018474968112244854 0.04176938048305393
1 0.24607099805559435 0.08709227924236955 0.006396196326430951 0.007939238577516562
1 0.1251514006634148 0.08903510225564311 0.006968595543686237 0.00833729457427568
1 0.4770740976138991 0.6459857036136387 0.013814731520049495 0.01701858114146726
1 0.6551911490304129 0.019046265459065032 0.006755751006457242 0.007722698388667405
1 0.8135228838239398 0.08537565831613528 0.00830545230787631 0.00864342045149057
1 0.6976874215262278 0.085367346241957 0.006765560227997474 0.00815137407748492
1 0.9807667634925064 0.08382193983512118 0.007537530393016654 0.00924359483318272
1 0.5432346110441247 0.021412684560269377 0.005534113669882017 0.007991810670609858
1 0.006336636689244485 0.6119368191748119 0.01267327337848897 0.017325204322265402
1 0.15419405333849848 0.22520634317873733 0.008955274309430787 0.010115581144841016
1 0.08860541363151707 0.0223333355797235 0.00570250530632174 0.006886375848269693
1 0.5136827741350447 0.08635165212007546 0.0069850999481823545 0.007884535183351906
1 0.2331708596677196 0.6283833591087288 0.01625921288315129 0.018110943983903133
1 0.7861782774633291 0.2329115648986196 0.008671974649234748 0.011258953126251183
1 0.9566563976054288 0.08395543032555673 0.007780425402582896 0.00881122488917485
1 0.8881512077487246 0.23447281397675251 0.009443166304607785 0.010906578015788006
1 0.640296001823581 0.08714943363276624 0.00632180972975131 0.008199683568435513
1 0.8834594415158642 0.08431086030088886 0.008028925681600674 0.00879715830210395
1 0.12392141381088567 0.22628115830901907 0.009400893230827493 0.010084748322675457
1 0.04518496260351064 0.22523518678656956 0.008567342952806126 0.01076193371641237
1 0.5401433827925701 0.6501815249894364 0.015083780094068862 0.01656532444696017
1 0.24595591486716756 0.22482157229198962 0.008142120984135854 0.010361959548689036
1 0.18772973819654815 0.02113938071955327 0.006035551732900192 0.0077778280430463274
1 0.22154004233224053 0.021566351367513704 0.006775641927913735 0.007907979495136759
1 0.3472321179448342 0.22531091901797154 0.028288549306441337 0.013398211054934144
1 0.22312450408935547 0.08693811513154191 0.0064351218087332525 0.007396040977798502
1 0.495354243687221 0.2319669722637974 0.0077218814772002245 0.009472922828459953
1 0.30692203677430446 0.22538714855295686 0.008845971555125983 0.010517260353421416
1 0.7662390884088011 0.08592539190580548 0.007398021464445079 0.00858232315411187
1 0.47016626474808676 0.022084754831435054 0.006092305086096931 0.008147253562080311
1 0.1503309522356306 0.08825064137464823 0.007107948770328452 0.008586159496040304
1 0.2158430060561822 0.2257265227268848 0.0090297776825574 0.010191313376242968
1 0.15431079085992308 0.022589837663660465 0.006075897995306512 0.007992165887455082
1 0.17484133584158762 0.08716477900047997 0.006851741245814745 0.007620324893873564
1 0.4154143041493942 0.08866034848393074 0.006403241838727685 0.008459844385878306
1 0.9086664939413265 0.08400082703837648 0.006824415557238399 0.008432421645426933
1 0.7204666137695312 0.08657831598901351 0.00681631905691963 0.007859598960817117
1 0.34299398928272484 0.08941745766784327 0.006762212636519461 0.008810230282008226
0 0.16518549529873594 0.08753225082686522 0.005470129908347621 0.009938256895704696
1 0.8370771602708467 0.08450281948404845 0.0073443042988680755 0.008377007817571834
1 0.1206358695516781 0.02274787363810106 0.005173702629245041 0.007588639551279498
0 0.585727224544603 0.15552217587030873 0.00691518978196744 0.012662414881735147
1 0.5798449613610093 0.021247615292293326 0.005565721161511415 0.007595885974922088
1 0.742616925920759 0.08629396490441092 0.007150611098931793 0.008021790972346846
0 0.803964731644611 0.146126974487584 0.007824333346619854 0.011985868878319619
1 0.10124473182522521 0.08894366943968218 0.00738688877650669 0.00858530697561177
0 0.10058969380904217 0.2792122335461016 0.009338612459143806 0.011122265684208653
1 0.6550447113659917 0.23241688991995935 0.009841763243383327 0.010731953414675408
1 0.617892245857083 0.019276872234985094 0.006413829569913829 0.007869118772269146
1 0.4402229153380102 0.0868651535915327 0.0067692970742984655 0.00802832696229899
1 0.6741621834891184 0.08625737756935274 0.006808378258530034 0.007875015371899887
1 0.7315930736308195 0.018700390816869465 0.005852368413185628 0.007532373202995859
1 0.19796636153240593 0.08696742052127296 0.006598258505062196 0.007748202958154561
0 0.6796186797472896 0.028581457800492937 0.005433685925542104 0.008455865957211778
0 0.39798339532346144 0.0859526015161497 0.0071303698481345905 0.010747156695651038
1 0.9337643214634487 0.08439199182833824 0.008336592693718189 0.00864214167084777
1 0.4893938959861288 0.0856455165534527 0.006363070740991766 0.007714315271120107
1 0.7694543332469708 0.018725255996035212 0.006202230648118637 0.007534007200483892
1 0.39686440448371735 0.022195262791984548 0.0060137534628109095 0.007840914554758282
1 0.2707793955900231 0.08723393972024528 0.006232436822385198 0.008055181355797995
1 0.361348210548868 0.022401963474220965 0.006459450235172202 0.008244298804195778
1 0.5575005667550222 0.2336523341076518 0.00852530343191963 0.010708509102890557
1 0.25562274699308435 0.022485368389479794 0.005703789847237697 0.00762465853938531
1 0.8483754372110173 0.018328976083502216 0.006105384048150449 0.007940233184683189
1 0.4652492367491431 0.08617255178671303 0.006931227080675992 0.007513120449984668
1 0.5383067228356186 0.08761704108782044 0.006108809490593188 0.008411819068403882
0 0.6945405298349809 0.17493157951024726 0.006548356036750655 0.012757684039624467
1 0.3676943876305405 0.08932630902535854 0.006951468331473241 0.008655213650752046
1 0.7907880666304608 0.08517730522976165 0.007578791404257017 0.007919204347445866
1 0.036712962753918714 0.02303119459385251 0.005632887081224089 0.006985694478194602
1 0.9689405791613521 0.01783042924122895 0.00735162228954098 0.009460135022031864
0 0.7727100605867346 0.33720237813624737 0.010779244559151852 0.015494558788713935
1 0.29500895130391025 0.08794103437235014 0.007543369215361948 0.007624090192432958
1 0.32583045959472656 0.02324041731569003 0.006624649982063155 0.007994510318633566
1 0.927298253896285 0.0182283786729345 0.006157699896364708 0.008127929765700074
1 0.43276549358757177 0.022882110083911583 0.006475020428093188 0.007958136113682528
1 0.46659251621791287 0.2310156305089158 0.010866437639508888 0.010862246953503926
1 0.5904558532092037 0.08752322831899652 0.006100401586415794 0.008066548294845193
1 0.8093383166254783 0.01915613402929312 0.005114496970663267 0.0066331772809933255
1 0.055719331819183975 0.023073216746642627 0.005949253938635993 0.007555391254566441
1 0.6158808494100765 0.08766638070762217 0.007435078523596931 0.008099512418082076
1 0.8882810631576848 0.01837739213950638 0.006453066456074477 0.008770659125450164
1 0.31864333639339526 0.08888122231829164 0.005614572641800851 0.0076915813930256895
1 0.28992170217085855 0.023283682727438432 0.005823485705317271 0.007520935220579614
1 0.004175593962474746 0.08978986700837714 0.0064267157291879465 0.009270307139943626
1 0.05259458386168187 0.09130195407513088 0.007389418932856346 0.009936409768109519
1 0.3928184120022521 0.08814301067054506 0.008178633086535414 0.008788206837604286
1 0.5519975156200175 0.16720362391227053 0.006116594587053611 0.01020239614181401
1 0.029017253797881455 0.0902586822007051 0.007281352062614597 0.009389446869832096
1 0.6953543838189573 0.018620395983324798 0.007062950912786957 0.007868621468685832
0 0.31928650213747606 0.10656253152789513 0.004690676319355867 0.010482875362803666
