0 0.6213754147899395 0.6509864463607161 0.017754068180006362 0.03426535358430698
0 0.6702740727638713 0.17566254473435122 0.0062900465361926455 0.011122834031160987
1 0.991914398816167 0.2341849462453822 0.009921949736925898 0.01160578685392886
1 0.47763843925631777 0.6464409495224791 0.012125287737165232 0.015246475344008763
1 0.06362403168970225 0.22382824390600245 0.008040291922433032 0.010247011377574246
1 0.527440713376415 0.23496621017477 0.009533162019690681 0.011684076646616477
1 0.6057744707380023 0.6534159874953169 0.0113067626953125 0.014412284104682446
1 0.17486358175472339 0.6282280583039964 0.01553492643395247 0.018628281797288822
1 0.9579226435447225 0.2347639497030989 0.00915636335100449 0.010955740027167132
1 0.29149063266053493 0.6372499267823897 0.015902227284956914 0.01909432629822402
1 0.8198820620167012 0.2330008664135092 0.00987679617745537 0.01142846260479254
1 0.5406510489327567 0.6505103137013766 0.01420889095384244 0.016520567124461833
1 0.8879630419672752 0.23433484775406713 0.008956286371970622 0.011069693591115308
1 0.6745902859434789 0.6581550064708326 0.014461750886878181 0.017741518464869075
1 0.11613222044341417 0.6239696477200702 0.01566199867092833 0.017867123141340736
1 0.8135247522470903 0.08437636228714833 0.00731658935546875 0.008396331613952073
1 0.24708549343809788 0.0875933126025594 0.0065382354113520304 0.008211689897804126
1 0.09374029782353616 0.224841180261846 0.00876411126584423 0.010314644664905078
1 0.12365239980269452 0.2265885629668768 0.00840011908083547 0.011195156180848783
1 0.060729892886414824 0.6205302961378638 0.016186266529316803 0.01851589118745961
1 0.7434099158462214 0.659906651778006 0.013906673509247474 0.01518068918427314
1 0.35377249425771284 0.6407145698039761 0.015348084118901479 0.018207562965804273
1 0.9809344544702647 0.08466685862317334 0.008327873385682447 0.009372325417892239
1 0.15423116878587373 0.22661513318689958 0.008628961991290653 0.010498504903993552
1 0.4153717975227201 0.6428842342946104 0.014168097048389642 0.01721210327874582
1 0.8540067867356904 0.23348261149900335 0.009659591986208645 0.011220305533490744
1 0.9223424950424505 0.23365993574813967 0.009483181700414484 0.010308677021905322
1 0.8845625896843113 0.08435121293450641 0.007648390166613585 0.008299357415205653
1 0.1852432562380421 0.22636399487732553 0.009029154874840569 0.009873607429873742
1 0.3457650165168607 0.22959099782945647 0.028581891741071435 0.011093564163114416
1 0.7212530642139668 0.08454015277448158 0.007442863620057447 0.00841068237449916
1 0.23352603523098694 0.633716940039782 0.016855006315270257 0.019072018680343795
1 0.44125973448461414 0.08780903579266452 0.0066249613859215946 0.008132902801533224
1 0.6751456747249682 0.08511642106249008 0.006854310327646614 0.008074363065440147
1 0.6872990666603556 0.2296188468301221 0.00827680315290176 0.009865082225588365
1 0.908627023502272 0.08442708725264647 0.007198567293128181 0.008530745668185203
1 0.46575024663185594 0.08760137602494601 0.006629165338010198 0.008183556723662298
0 0.1656422128482741 0.08837667231133406 0.00572632770149076 0.00904097914466638
1 0.5399069883385483 0.08671077635059792 0.007869642608019835 0.009707081772832273
1 0.0062909983858770255 0.6152071585820602 0.012581996771754051 0.015741221366038196
0 0.07729738099234446 0.16455633485154678 0.006087157191062453 0.012202693240644932
1 0.84878244205397 0.01975190372210447 0.005402234135841693 0.0074790196328430635
1 0.7527260293765944 0.23005043529707048 0.008714636977837949 0.01033368428780914
1 0.9567452255560428 0.08500772470785123 0.007816548250159617 0.008786785970223376
0 0.8342050824846541 0.1508132792832682 0.008237877670599457 0.015154190007619361
1 0.9272260082011319 0.020243523835895852 0.006477511658960516 0.007713604837429649
1 0.24560671436543366 0.22836464719300173 0.008577774982063108 0.010462414872518692
1 0.32032986076510683 0.08828545262548028 0.006251198904854931 0.007867768948257288
1 0.49491018178511637 0.2351502835439656 0.00826434699856512 0.010038143872581954
1 0.27722319778130977 0.2284832185759378 0.00825064522879463 0.009662182363595827
1 0.9684836718500877 0.019711124828272638 0.00721273616868619 0.00867070110520385
1 0.003465190225717973 0.2227735340491604 0.006449475580332232 0.010275144551716084
1 0.7666063892598056 0.08421111541074967 0.007415460080516561 0.008446204059021663
1 0.04397831036120045 0.2224643533070766 0.008164525032043457 0.009513559635553701
1 0.22113200596400673 0.023836684312084692 0.005941429916693254 0.008052197534298105
1 0.7318585454201212 0.019583175720622605 0.0064248844068877245 0.00802640879133477
1 0.9328655320770886 0.08475296318645588 0.008023631816007673 0.008636600288062249
1 0.0879321390268754 0.023226705945464343 0.0056172585000797155 0.007376433007942092
1 0.6980016280193718 0.08448193273354922 0.006745786082987837 0.007973694611503384
1 0.8372855673030932 0.0840793299611712 0.007793192960778162 0.008463964901282916
1 0.2564310735585738 0.023517628541703608 0.006633836395886508 0.008204017213947264
1 0.883294086067044 0.6682499850386506 0.015574241171077844 0.01587876132850928
1 0.1261766784045161 0.08964159949718024 0.006936988052056769 0.0089704330792047
1 0.6168156448675661 0.08746113641445118 0.006974045111208552 0.00808921112957055
1 0.5909221804871851 0.23179320018311325 0.009102801887356475 0.010760228675555303
1 0.7207793410943479 0.229730811179737 0.008660764110331681 0.010895637336955064
1 0.7911564573949698 0.08418440310398877 0.006914099868463043 0.009055898252165823
1 0.6550828388759068 0.019181212338566005 0.005571988164162191 0.008076636453249584
1 0.029752210694916396 0.08850632645984118 0.006690317270707113 0.008014899765549477
1 0.21459898656728316 0.22715705200597486 0.00933362999740915 0.009328704789298614
1 0.11959126530861368 0.023568708724046962 0.005492035223513239 0.007420764070226169
1 0.8118539926957111 0.6638087798661715 0.015598219268175992 0.015502231472570842
1 0.18678050138512436 0.023361475216542704 0.006563459123883935 0.008154784159199083
1 0.5655170362822863 0.08643299677763198 0.00681740897042412 0.007966945491444112
1 0.055264570275131535 0.023060997287166884 0.005781738125548068 0.007397248715072272
1 0.7432515669842156 0.0845870769197358 0.007842083366549775 0.008920773764242239
1 0.5067462531887755 0.019769451434258588 0.005954975984534431 0.0074363936114160666
1 0.6184023643026546 0.018673358814947843 0.005962994633888753 0.007532302159626815
1 0.05385786173295001 0.0895507705498562 0.007637802435427296 0.008679297352858302
1 0.2949532489387357 0.08856621601994612 0.005901648073780268 0.0075554622979354825
1 0.769734830272441 0.020154826189643173 0.00599203304368619 0.007733496980762244
1 0.7860968453543528 0.2314656902518159 0.008776139239875655 0.010879297362074724
1 0.5924117808439294 0.08684011080394434 0.007261315170599457 0.008151160947377794
1 0.6425773854158362 0.0862536833141624 0.00694897710060582 0.008482436177234612
1 0.415475456082091 0.08726505671588698 0.006457036855269461 0.007363929374990175
1 0.17506774590939891 0.08859683571200451 0.00661476290955836 0.007993799884943118
1 0.36033622585997294 0.023367940163125798 0.0063382362832828405 0.007296154000921244
1 0.5152028142189494 0.08721816809231729 0.007946092255261508 0.009013698490953098
1 0.4325521040935906 0.020764555904471866 0.006871515390824382 0.00794691126137342
1 0.15376565894302058 0.0236185101257475 0.006265134227519111 0.008085303744273074
1 0.1996233025375678 0.08804028195890601 0.007843951789700248 0.008814919144365193
1 0.580231102145448 0.01918540389733966 0.005364087163185535 0.007229089060542763
1 0.3923458955725845 0.08831291088761618 0.006353728625239193 0.007682629928526024
1 0.8091145729532048 0.019972990686572503 0.004983707350127526 0.00675451935532218
1 0.3439478971520249 0.08889919629066002 0.006394055424904332 0.0074213324171785305
1 0.397169541339485 0.023191042174203754 0.00608062744140625 0.007432628312856681
1 0.9549455448072783 0.6742262953294538 0.01583504190250318 0.014918397065758992
1 0.8606841418207908 0.08399251496419823 0.007258823939732223 0.007649949978765331
1 0.46980472486846303 0.020633338801845754 0.006073620854591878 0.008044098590226976
1 0.5583873670928332 0.2344431178484917 0.008392178282445827 0.010015409994487558
0 0.27355015034578284 0.10782490115245569 0.005379345952248082 0.010969948700976149
0 0.3262604693977201 0.3691359462617595 0.026726936807437828 0.01756547299637565
1 0.2715874691398776 0.08837411475004844 0.005551007329201207 0.008213608068768342
1 0.5431110615632971 0.0191347854968951 0.005437189218949289 0.008137875837366372
1 0.6933728432168766 0.01982909234257186 0.006294094786352077 0.007820809281318546
1 0.6228102859185667 0.23069288048334435 0.008381590551259636 0.010713340051985643
1 0.005351787775146719 0.08834637231443637 0.007069515026345545 0.008248845579814658
1 0.013840193651160416 0.022914434816827055 0.006596180857444296 0.007695204604846993
1 0.30609531791842715 0.22850502889023463 0.007363222083266888 0.0087732877301048
0 0.6737626523387675 0.14896124969563412 0.006410559829400543 0.011037653031676031
1 0.1510794697975626 0.08918408020053045 0.00606828806351642 0.007711189362882107
1 0.22320696772361287 0.08719195308913968 0.007163300806162331 0.008320315209073932
1 0.036091206025104135 0.02328240394679562 0.005701571094746492 0.007195982850567797
1 0.3254920803770727 0.023603058192980215 0.005492385552853948 0.007212180738710057
1 0.8882508569834184 0.020473420178125465 0.005784326670121257 0.007113004195523241
0 0.6368472040915977 0.15794958570383819 0.007225815130739802 0.010820757625981645
1 0.4649206667530294 0.234680402701102 0.009275942432637069 0.010773300655459566
1 0.6537716923927775 0.23092995220584753 0.008055239307637069 0.010350450522903782
0 0.36155038950394613 0.08637992738095536 0.006350225331831961 0.009032311853642894
0 0.3050988839597118 0.10184344021739665 0.0065687529894770304 0.009114295901520823
1 0.6620248288524394 0.08660360742839354 0.006571867028061284 0.006987541605789771
0 0.36425956414670363 0.08692042533264971 0.00706022612902587 0.009836096531017993
1 0.48881188217474497 0.08802713893563267 0.006609702596859001 0.007668421254717027
1 0.07722239591637436 0.08988755164081402 0.007148976228675068 0.008864507415958605
1 0.2902922338368942 0.022668518194877797 0.006373853099589446 0.007589705201815173
0 0.32819166393173616 0.22367561908770567 0.005913363314085327 0.018886964217297235
1 0.10224848804235984 0.08993592065653222 0.007186218885383229 0.007078290051671512
