0 0.782161401242626 0.17676904520722705 0.006393588319116673 0.011599250863976748
1 0.06078631050732672 0.6132926108296666 0.015849930899483826 0.020551567884074938
1 0.3542377705476722 0.6334648781664104 0.01500810895647324 0.017742086811821475
1 0.1864230097556601 0.22774131267300093 0.008831880530532512 0.010463551566423446
1 0.7421322258151308 0.6647827844557785 0.014078257035235965 0.01725131921845866
1 0.47715089759048146 0.6459832881390912 0.01297915711694826 0.0164169858923942
1 0.006574468953268869 0.6086961758958244 0.013148937906537738 0.017611935359731053
1 0.15595487672455458 0.22761315043524374 0.009171388587173162 0.011147130863374414
1 0.41502341445611446 0.6386092706056967 0.014051476303411957 0.016939865088565386
1 0.11701242291197486 0.6167701127010502 0.016490722189144227 0.019279465317955175
0 0.6202457972935268 0.6546056797533445 0.019877375388632018 0.03712641214248714
1 0.6735593056192204 0.6604661893526045 0.014673505510602638 0.017775335108534556
1 0.721390081911671 0.2315830538974782 0.009662550322863585 0.011163897098469011
1 0.1750495482464226 0.6220263274032134 0.016171513771524232 0.020181147757874312
1 0.29164970164396326 0.6279691052238274 0.014904100067761508 0.01723995227941146
1 0.6050858789560747 0.6552437912941066 0.011067760233976423 0.017788122914962665
1 0.8119184532944037 0.6685195946241763 0.01511850162428256 0.0178911358000779
1 0.9557949766820791 0.08426667132534287 0.007902184311224551 0.00901206449346507
1 0.8831485047632335 0.672248305848503 0.015373074278539484 0.018351070571275198
1 0.3486395466084383 0.23130214841627425 0.03166549059809468 0.012218606955311018
1 0.954858974534638 0.6760570829497434 0.0156092741051497 0.016917415383947188
1 0.2335191259578783 0.6265566920038438 0.016130447387695312 0.020788142302994812
1 0.6970242870097259 0.08492645109366376 0.007257422622369293 0.008118978301200395
1 0.12495239413514429 0.22639781152099098 0.008588362713249345 0.009318616630894228
1 0.5138963971819197 0.08696397491787429 0.007347262635522923 0.008727748930546992
1 0.06577157974243164 0.22639468561275294 0.00871570742860133 0.011713204427924926
1 0.21630647231121453 0.22804239447101357 0.009057765104332757 0.0100262085865824
1 0.496203714487504 0.22778827233993967 0.009043245899434038 0.01040742730487787
1 0.9233982319734534 0.2300932744486046 0.009750833316725112 0.011487712774576093
1 0.5444301683075574 0.02108645340961475 0.006164472930285367 0.007853702361186382
1 0.5638724346550144 0.08567283272885051 0.007531146613919068 0.009099803054235637
1 0.005553404287416108 0.22431886941262721 0.0083758502590413 0.010785520114935361
1 0.3193677006935587 0.08786842804918615 0.005937342741051507 0.007739606710500113
1 0.6411420082559391 0.08521279139259963 0.0066853737344547155 0.008052481707774286
1 0.09599604898569535 0.22662081665642322 0.009079855315539308 0.01044053351485281
1 0.5403188199413066 0.651112761470878 0.014710017613002245 0.016898944107995438
1 0.5285352979387555 0.22798584394925378 0.00876321597975131 0.010200406927480744
1 0.7427681124940212 0.08470145674389824 0.006952713946906905 0.008035715472679667
1 0.028513319638310646 0.08848707370682998 0.0069782393319266205 0.008576497597850183
1 0.037447345500089685 0.023061956372648993 0.005714270533347621 0.007036987790645092
1 0.05259513854980469 0.08862297967181307 0.007438795907156805 0.008584880715397503
1 0.5380245909398916 0.0873196890666826 0.007023714026626216 0.008688390904096056
1 0.6878872306979433 0.23144089611601912 0.009293536750637817 0.010934569103191745
1 0.08939562038499484 0.023101101268992785 0.006803668275171396 0.008071379243940253
1 0.5586898959412867 0.22877811960084357 0.008951926717952844 0.01063320313170286
1 0.7532164904536033 0.23136963961686702 0.009527401048309974 0.010982736507404257
1 0.8498448741679288 0.019842128800791618 0.006316827268016654 0.00794549039399252
1 0.24611955759476642 0.08919992287182749 0.006766727992466505 0.008306106535264925
1 0.4351992704430405 0.020686195068415233 0.006945551658163267 0.007982077729050694
1 0.3432138404067682 0.08755171670998356 0.006959331278898297 0.008633971683407588
1 0.615156991141183 0.08509045471110413 0.0074810105927136045 0.008622320570884202
1 0.8895059702347736 0.020355559228879813 0.005672688386878181 0.0074494655913203475
1 0.29258192801962096 0.02263150459960535 0.006128077604332757 0.007519940613412986
0 0.44777515956333713 0.14946423674847276 0.0075932716836734655 0.013953486027389878
1 0.883698521828165 0.08339308653788105 0.007324841557716878 0.008773500860211971
1 0.47141514992227357 0.021297629824101005 0.006207524513711733 0.008134465755652213
1 0.1254119094537229 0.08846277687461661 0.007363105306820009 0.008442367717093231
1 0.6192886586091956 0.02097178941197612 0.006195224061304173 0.008643704624966756
1 0.5072063523895887 0.021454280452845226 0.00573107661033168 0.008155210419413354
0 0.8909839707977918 0.1892244219507228 0.008991786411830464 0.01795837834887901
0 0.7545876794931841 0.1500643400867958 0.00697793765943881 0.01112098690356582
1 0.25689426733523 0.02276648700079085 0.006284363415776479 0.008039978074822365
1 0.046680912679555465 0.22596913583217346 0.007985572425686581 0.010132915726888013
1 0.24721896891691247 0.2296543685146446 0.008468472227758327 0.010135047027959377
0 0.8018720977160395 0.16681210390546353 0.007436946946747474 0.014705835305576408
1 0.2226883245974171 0.02350945855426343 0.00638284488600131 0.007751115736285408
1 0.22223149513711732 0.0890578361337375 0.006346254932637117 0.00817382378210314
1 0.3273456242619729 0.022017689891056576 0.005757098295250725 0.0075143992306274734
1 0.1550068368717116 0.02365996393158526 0.006271089826311401 0.007713675880798693
1 0.5900032666264748 0.08614829047618415 0.007104367625956587 0.008329835020525953
1 0.981231689453125 0.08356611266319015 0.008530130191725112 0.009326999748441537
1 0.29450496362180123 0.08900661386465605 0.007012308860311705 0.00791622052594598
1 0.5919827052525112 0.22806562565269128 0.009228064089405314 0.010228682188360682
1 0.14996244469467476 0.08873821201640406 0.005852796593490924 0.0071593244721405705
1 0.10088782407799546 0.08902863730906001 0.007022351634745696 0.008576284467743044
1 0.48893138340541287 0.08816812450150247 0.007371240732621164 0.00838837475661903
1 0.6234330547099212 0.23023372718920654 0.008785169951769742 0.011376032598437337
1 0.8594976931202168 0.08352249203459652 0.00746902154416467 0.008370756001095868
1 0.7329511837083467 0.018637162218419417 0.006045594507334206 0.008030600350108425
1 0.36280986240931923 0.02053402017192085 0.006220292071906859 0.007748558174999784
1 0.05705351245646575 0.023096341363266774 0.006310793818259719 0.007712752317001107
1 0.7658860342843192 0.08389518554860657 0.006507406429368637 0.008367274876012673
1 0.9324526105608257 0.08437891984843397 0.007557460239955277 0.008567688220088607
0 0.19463017522072307 0.3943509429766862 0.02557427542550222 0.018704866549119327
1 0.786679793377312 0.2314709474611252 0.008443092813297248 0.011103226061304589
1 0.39846976922482863 0.020354955360242934 0.0064395982391980255 0.008196131399983271
1 0.8892689918985173 0.23107893015073488 0.010714472556600674 0.011764924000589672
1 0.6946311483577806 0.01917130178858423 0.006011962890625 0.007652649626789038
1 0.6741127481265945 0.0850801534225926 0.007161198830117983 0.00787593893569747
1 0.0047139014516557965 0.08933312918878686 0.00650473030246034 0.009066554757522587
1 0.4401071509536432 0.08857033653535072 0.005602933922592534 0.007028604673097785
1 0.8129973119618942 0.08293219268120164 0.0074061179647640345 0.008845467793054552
1 0.7717230660574778 0.018636913566627757 0.005790243343431137 0.007196267024043974
0 0.020357294958464955 0.3928699729055741 0.015525569721144074 0.021985223071403034
1 0.19851620343266704 0.08904959510292827 0.006488449719487393 0.008133258018378452
1 0.2786690848214286 0.23033134077827438 0.009000933900171407 0.010997087267951334
1 0.36765577355209667 0.0874273908141548 0.0070159289301658405 0.008275842060051754
1 0.907648281175263 0.08413737239368098 0.007886458416374252 0.00888589147004115
1 0.820429276446907 0.23119288371468305 0.008963760064572699 0.011054348223401622
1 0.7901516349948183 0.08425615690672421 0.007096893933354604 0.008131055673938048
1 0.6555759663484534 0.23135592824664136 0.008932931082589352 0.010761223282721957
0 0.41887470167510366 0.08697999519759395 0.006897906867825271 0.010825162314862444
0 0.7265782258948501 0.12749585095553337 0.006758397939253836 0.011303568362011462
0 0.35438121094995617 0.11820614897584047 0.007998330252511135 0.011890670763799325
1 0.27103838628652144 0.08944996000918136 0.006599192716637444 0.008531811318720887
0 0.16281178532814494 0.08802621537183508 0.005252877060247918 0.009960777643691953
1 0.4646245606091558 0.08771540063226323 0.005938315878109001 0.0077778280430463274
1 0.9583291812818877 0.23042206316054484 0.009255234076052209 0.010718455174556886
1 0.1741609962619081 0.08840466339873779 0.006091020545180974 0.007845603417115259
0 0.26375521445760924 0.2846972078965897 0.016697864143215897 0.012497096961967408
1 0.8553845931072624 0.2312582436142044 0.00977216448102676 0.010660483785416144
1 0.07649643080575126 0.0881223725718375 0.006687475710499041 0.008296231506967676
1 0.9922971141581634 0.23076150837784185 0.009154339225924775 0.010329990032618808
1 0.121737966732103 0.023699464044774275 0.005857273023955675 0.007620680110718789
1 0.30724130358014784 0.2299134636815517 0.008200781685965382 0.009989266034679029
1 0.465128840232382 0.2296316346365502 0.00944051937181119 0.011157219021778757
1 0.65732107357103 0.02138465795118113 0.007563532615194517 0.007735983498678822
1 0.836395263671875 0.08298963124507452 0.007788521902901852 0.009069183362177248
0 0.623874197200853 0.3258203068514412 0.014079035544882016 0.02558015963181799
1 0.970097133091518 0.01783501153853235 0.006481092803332335 0.008930009402218095
1 0.3922825248873964 0.0882163274273995 0.006380665058992328 0.008156631286794254
1 0.9293290741589605 0.018705221765964525 0.006744073361766467 0.008147111475342219
1 0.5812764070471939 0.02195705437557667 0.006533097247688155 0.008090134693368133
1 0.015782724837867582 0.023112112991194762 0.005762954147494569 0.0075756386147442616
1 0.18900526786337096 0.02420326809635688 0.0061792646135602775 0.008137946880735419
1 0.8106887973084742 0.020178519153219682 0.006050576969068863 0.007909684535993838
1 0.0027190021866438344 0.003283571234733 0.004846448648949059 0.006567142469466
0 0.7970452414896859 0.026626384374266787 0.00635556191111747 0.008963337314109613
