1 0.9210188729422434 0.2333554438684128 0.010217160594706587 0.013030206403281081
1 0.6071771115672832 0.6634263534106023 0.011341951331313717 0.015744773534490386
1 0.8831792558942524 0.677201307451582 0.015595260931520959 0.017542028684590844
1 0.06169899629086864 0.6183884096045262 0.015687134801125036 0.019616495060704665
1 0.11691780479586854 0.6230050208551773 0.014959062848772315 0.01782989641596112
1 0.9554857526506695 0.2346438153660438 0.010048224001514595 0.011246591580037373
1 0.30484386366240834 0.23236779895194923 0.00843826605349172 0.010086169190056367
1 0.2916811145081812 0.6372555392085443 0.015942709786551365 0.01808792593233254
1 0.06317692873429279 0.2255621283709147 0.008073096372643291 0.009829560541065818
1 0.47798693909937023 0.655018441727496 0.013267049984056138 0.01685660226004458
0 0.10404479746915857 0.16709684572859587 0.008426160228495697 0.014210094676380406
1 0.8113802695760921 0.6735861945743584 0.014207801040338043 0.01625188110273367
1 0.6738721886459662 0.6678017013799766 0.015224846041932447 0.017710259382489386
1 0.8183274561045122 0.22833495106474092 0.008558312240911957 0.010554202905324831
1 0.7431419528260523 0.6697734390444514 0.01360430036272324 0.01603818264864625
1 0.7187761579241072 0.22893398875252832 0.009299142020089352 0.011437414069292258
1 0.17483621714066486 0.627141023714239 0.01580382366569674 0.018087357585380142
1 0.4409060186269331 0.08736536995297851 0.007268243906449289 0.008646972619942826
1 0.2762904848371233 0.23202806956117603 0.008441847197863492 0.010252979020574045
0 0.16513420124443212 0.08907712440843321 0.006272753890679816 0.010896916117597896
1 0.955045271892937 0.680602011441028 0.01515789421237238 0.017212387452221936
1 0.34705874384665975 0.2314639852109588 0.03419883883729276 0.012269189834071095
1 0.5412901275011959 0.6612637932568727 0.016080739546795283 0.018876081068517667
1 0.22126139426717956 0.02117916500621847 0.006053262827347726 0.00767225759664546
0 0.6214758036087971 0.6654810697301218 0.017014172612404285 0.03142049291426916
1 0.3540543536750638 0.6446060413867849 0.016113592653858394 0.019427235525568833
0 0.8142790502431441 0.14829937414792643 0.007133172482860311 0.013690341388447196
1 0.6184428468042491 0.021226941671901232 0.0058431819993622755 0.007122168790130045
1 0.4660624289999203 0.08731389903210542 0.007340256048708552 0.008877792525970018
1 0.9902835768096301 0.23618098074207047 0.0100250244140625 0.012203261587597289
1 0.2463682914266781 0.08860116935751626 0.006326325085698354 0.0081125133546173
1 0.3205586647500797 0.08568494562327268 0.006351042766960283 0.007780101430855771
1 0.0533748062289491 0.08871423487935137 0.006131697674186869 0.008080543838547062
1 0.4154520618672274 0.6495644422859115 0.01539518395248723 0.018737262325403813
1 0.12277846433678452 0.2277313666013346 0.00890350341796875 0.010054910107676594
1 0.7850316884566326 0.22792595438914884 0.008264658402423465 0.008820460527150702
1 0.5906838397590481 0.08590844806228824 0.00692422049386162 0.008688106730619878
1 0.4155562264578683 0.08803715605066803 0.006149136290258327 0.007926024510874187
1 0.6418755200444436 0.08538365069515284 0.006777237872688062 0.008443717541105091
0 0.6025769759197624 0.1578122588714742 0.007227216448102732 0.015315387411982469
1 0.7520504387057558 0.22831370909739646 0.009457023776307354 0.009898898869253759
1 0.23410252162388392 0.6337256073308055 0.016295374656210143 0.018124868484235952
0 0.6811409775091678 0.1455896024441276 0.006543529276945172 0.011851596910824568
1 0.09329280074761838 0.2266877395100636 0.009044296887456154 0.009855846587612531
1 0.5142172988580198 0.08586070691829 0.007276184704838885 0.008475473927068192
1 0.02913641443057936 0.08890903579727275 0.007507392338344028 0.008576852814695411
1 0.5432713566994181 0.021009087180724747 0.005623953683035741 0.007751968256713947
1 0.006625474107508756 0.61238702100445 0.013250948215017513 0.015331159039910391
1 0.5655343191964285 0.08558921468348454 0.006891211684869293 0.008302980627026947
1 0.621517259247449 0.2290594513422618 0.00920976911272324 0.011428604691530682
1 0.08805720660151267 0.02248046639701569 0.005327964315609048 0.00712309235392763
1 0.24491060996542174 0.23217804211323004 0.008801129399513706 0.010366790497784122
1 0.6556119140313597 0.021392898981990344 0.006174866034060114 0.0076631640454077
1 0.5061933556381537 0.02151349510094423 0.005983158033721369 0.007417140858404876
1 0.7664721741968272 0.08415016020010907 0.007637802435427208 0.008517673688280929
1 0.18440468457280373 0.22894137726290903 0.008451072537169162 0.00983524401058946
1 0.2711917137613102 0.08759469794825578 0.006537729380082101 0.008466948722782804
1 0.7321444141621494 0.018600610405045764 0.006368208904655595 0.008064843253988116
1 0.12050498261743664 0.023110407950337683 0.005405717966507906 0.007642561468384651
1 0.7208199792978716 0.0849293638717946 0.006968128437898578 0.007556172731625926
1 0.15327134424326372 0.2282475677208156 0.008623940604073657 0.010119417486769448
1 0.6983127204739317 0.08458785839679529 0.007403315330038267 0.008474763493377748
1 0.15434019906180246 0.022875751702382055 0.0058780592315050995 0.007665721606693319
1 0.539215087890625 0.08550410472736863 0.006394756083585797 0.008687893600512739
0 0.684646917849171 0.17595907975674507 0.006058829171316991 0.013533477629595827
1 0.03700355850920385 0.023613892306759577 0.006185614332860831 0.007582742951648763
1 0.8842620849609375 0.08252564700184163 0.007518846161511601 0.00919080960998228
1 0.8873263767787388 0.23177813898887573 0.011668769680723988 0.012010876144223435
1 0.6743284731495137 0.08520785387845099 0.00640573306959506 0.0073325282058722815
1 0.743646660629584 0.08430752126254375 0.006509741958306793 0.007202945100734206
1 0.8601969504842952 0.08312251786687318 0.0077362060546875 0.008575005687100245
1 0.0036913633954768284 0.22468524006679225 0.006845395783988796 0.0103008622513104
1 0.470521187295719 0.02236647731138299 0.005905307069116673 0.008128711242759564
1 0.3257447651454381 0.02119081611874185 0.005611069348393666 0.007204365968115106
1 0.6529498976104113 0.22961387379428896 0.008914558254942646 0.011918946024679241
1 0.005316588951616871 0.08928293704855657 0.00687268437171469 0.008605625379158634
1 0.18720093551947145 0.02226136864688092 0.007524140027104604 0.007761630154904066
1 0.10151448541758012 0.0890540708351781 0.006725895161531414 0.008307385315907736
1 0.6165478375493264 0.08520685927128437 0.0081300540846221 0.009147402111495784
1 0.5802041657116949 0.022158320240081148 0.005712236676897361 0.008088216522403918
1 0.8373778985471142 0.08317459265638316 0.006723520707111058 0.008235063166219928
1 0.8130893318020567 0.08347567445439587 0.006827529595822698 0.00814341722015189
1 0.9566299282774632 0.08263125296992703 0.008026278748804266 0.009009009628596132
1 0.7913232920121174 0.08409218881096836 0.006610014000717534 0.007573010010089596
1 0.25583839416503906 0.020321458411738214 0.005925665096360825 0.0074295024046187015
0 0.30621571443518814 0.36761504981724424 0.015482688436702797 0.03274616218064879
1 0.6934455560178173 0.020709284163354855 0.006333020268654285 0.007774133787855984
1 0.6855864232900191 0.22982828268206676 0.008913935447225766 0.010569974533252816
0 0.7056181771414621 0.1892429820308858 0.009735574527662612 0.019482223093209634
1 0.9336082302794163 0.08300600674163938 0.007097828144929828 0.008456860564378407
1 0.07753958020891462 0.08861509385784908 0.00678688166092853 0.007789621242307802
1 0.1261156821737484 0.08945248204878246 0.006355713824836592 0.008433132079117377
1 0.34300893666792887 0.08596638392974443 0.0064586717255261505 0.0073167565779442955
1 0.3605312425263074 0.02134931387508124 0.006554428411989802 0.007637446345813408
1 0.223320552280971 0.08957837089873019 0.006698374845543694 0.008435334423557771
1 0.088025443407954 0.2807287253017361 0.00807010884187659 0.010444369856781285
1 0.3684050501609335 0.0868793622653417 0.006519784732740738 0.0073248555220154265
1 0.2945151815609056 0.08581378277303577 0.006846758784080043 0.00797568382583664
1 0.5887549264090403 0.23010492556112797 0.008529195980149888 0.010024219372249135
1 0.2145022762065031 0.23089151774319422 0.009813775821607924 0.01073039046055644
1 0.056471026673608905 0.0234290374605045 0.005942500367456552 0.007677941066169061
1 0.8520630038514431 0.2295402018205893 0.009489254075653817 0.010434565871853053
1 0.9816762184610173 0.08264723772796215 0.007630640146683757 0.008796447868413507
0 0.3892225148726483 0.08573268676727092 0.0074377254563935255 0.011769683906315689
1 0.46353597057108975 0.2296600519841682 0.008424019326969031 0.010223424979051338
1 0.29123678012770055 0.021907821320828486 0.005704801909777601 0.00727853524539808
1 0.7695259561344069 0.0181041238204748 0.006072686643016654 0.007856615139317227
1 0.9087348470882495 0.08268059258972878 0.00754064443160086 0.008740110476760812
1 0.43324957088548305 0.022042057766639006 0.006076890595105258 0.007722414215191225
1 0.490078050263074 0.08626362938582871 0.006321654027822044 0.007540827363912208
0 0.36466034091248806 0.2261875941919868 0.008573181775151432 0.015122007361441984
1 0.8100233272630342 0.01715029554767666 0.007072604432398016 0.009234217108468773
1 0.5261973945461973 0.23000837762259582 0.009866519850127526 0.010240475387622093
1 0.19889276854845941 0.0897992447330911 0.007039868101781741 0.008884967906243567
1 0.044012283792301106 0.22545684209798997 0.008375956087696307 0.009191591087041784
1 0.4942479036292251 0.22976221234885494 0.008519853864397362 0.009577782841170356
1 0.8881455246283084 0.014978464234286568 0.00622278330277414 0.008246430105267127
1 0.5575422559465681 0.23082757871105367 0.009539078693000655 0.009942661584585483
1 0.9283299348792251 0.014879891559736635 0.006173270089285741 0.007962967062777587
1 0.014156652956592793 0.024156699167947885 0.006463245469696669 0.008012200117525771
0 0.2889138435830875 0.1055635551940689 0.01023086236447703 0.009069112318808187
