1 0.8900924215511401 0.23431232700607985 0.009454221141581587 0.0119662609084632
1 0.8824325872927296 0.6763395513850663 0.014857389488998876 0.017500397270330443
1 0.1744299518818758 0.6265850383080928 0.014840106574856498 0.01822233998656569
1 0.6247095380510602 0.22914271417078252 0.01014055524553574 0.012098543661624985
1 0.06108175005231584 0.6173306448828152 0.014405172698351808 0.016059211485883622
1 0.3529550980548469 0.6403845733547621 0.015867895009566337 0.02055114162386068
0 0.6199804812061543 0.6519804851803938 0.019199994145607503 0.03796500807069433
1 0.8231215185048628 0.23263691123389169 0.009439740862165138 0.011562166225335235
1 0.6734485236965879 0.6604347881834864 0.013246341627471276 0.01648305622560602
1 0.47693719669264195 0.6455855163158083 0.012740621761399888 0.016250176061876564
0 0.5941728864397322 0.1496585403628108 0.008045819340919911 0.013564026278285188
1 0.06487349101475308 0.22680517419909496 0.008405957903180798 0.01065806831086862
1 0.8597527328802615 0.0844274424694917 0.007419508330676085 0.008599941909635034
1 0.09509948808319715 0.22710057252758412 0.008771662809410882 0.010137462502506899
1 0.29148282810133336 0.6359545219912232 0.016395490996691662 0.019982368411286446
1 0.9549644625916774 0.6821277388346384 0.015283078563456773 0.018082810809761297
1 0.9250844060158244 0.23429762102868756 0.01013837541852676 0.011809681323088052
1 0.8845224185865752 0.08498470665628065 0.00744348642777414 0.00910633904418778
1 0.15554903964607084 0.22810775437053502 0.008413723536900099 0.009977046575203275
1 0.5286711867974729 0.2284433632459036 0.008472209074059225 0.010262640918764132
1 0.18665169696418607 0.22907721218452304 0.008809148048867984 0.010389098115664262
1 0.125184779264489 0.22820778343415038 0.009123860573282046 0.00992532700253853
1 0.1254881644735531 0.08720239646438929 0.0063510816924425995 0.008189666453400175
1 0.005984834110250279 0.22753301351496094 0.008970915358893725 0.01162099013490449
1 0.7219084136340084 0.22992333870984896 0.009883647062340569 0.010970517047928547
1 0.8111603406010842 0.6713713465010116 0.014195500587930576 0.01758437053254153
1 0.5400012658566845 0.6495338225938531 0.014642832230548465 0.017033926509180987
1 0.6972499769561146 0.08455915687570112 0.007373109155771706 0.009059663550725216
1 0.23338948463907044 0.632603974620323 0.016412540357940073 0.019892285419337376
1 0.41466109606684476 0.6427838500141497 0.01599915173588969 0.01935590798304771
1 0.6417992260991311 0.08531541353918512 0.006525701406050618 0.008163451450222575
1 0.5391042281170281 0.08624796432295428 0.007701718077367609 0.009099803054235637
1 0.5786524013597139 0.020571033767193294 0.0061061625577965946 0.008428443216760414
1 0.9935959796516263 0.23670350472139637 0.009864028619260105 0.012623980419081793
1 0.6159232781857861 0.019563638794135228 0.00642542936363997 0.008146258954913681
1 0.10094506399972099 0.08735805248596688 0.006100868692203452 0.00807521558586868
1 0.6051093510219029 0.6543874345236382 0.010561728964046594 0.01512911169834645
1 0.03310129107261191 0.022923705976487428 0.005578775795138608 0.006970917457433243
1 0.9322550248126594 0.08443632289062232 0.007636556819993637 0.0090357929787261
1 0.6567022362533881 0.22933978847651335 0.00890241350446426 0.011378732246461102
1 0.564935723129584 0.08608360548866868 0.007470033606704341 0.009469228573269631
1 0.654715479636679 0.02083353901581456 0.006661707041214914 0.008582038980635696
1 0.49658895998584984 0.22909625180742707 0.009041611029177301 0.010902315413645319
0 0.9044820045938298 0.16599084255930335 0.007229551977040794 0.012313662983093231
1 0.8127596329669563 0.08321672137422685 0.007038817113759544 0.008453805699509468
1 0.9595184326171875 0.234866678414738 0.00998983577806119 0.011382426501651392
1 0.9562100780253506 0.08407556466261183 0.007524762834821295 0.008393489879190275
1 0.3489691286670919 0.2308497442421957 0.031377831283880754 0.01242207516425591
1 0.11653710384758152 0.6215282423428389 0.015291856259715802 0.016644750933552412
1 0.05287856958350357 0.08949741697970343 0.007207374183499082 0.008681997000882012
1 0.046830508173728476 0.22706206702156168 0.007831223156987404 0.010528485205730515
1 0.2162402600658183 0.22946439854581827 0.009184467549226702 0.011268472937703257
1 0.7687468236806442 0.018714315317202284 0.006158011300223241 0.008070100463297446
1 0.5422728013019172 0.020238124539848433 0.006040767747528724 0.007515962184746462
1 0.5139659570187939 0.08571638231407508 0.007623944963727639 0.00904403400953532
1 0.006811448505946568 0.61424530240856 0.013622897011893136 0.017658966070038813
1 0.3244285583496094 0.021858481701026736 0.005976462850765298 0.00845217170202144
1 0.39646993364606586 0.02304526118092342 0.007038583560865738 0.008444996321747897
1 0.7307033928073183 0.019408266946033818 0.006206590302136508 0.008311221657836168
1 0.15182903834751674 0.022595840828344767 0.00669609770482899 0.00796722966492029
1 0.2890162954525072 0.02281213236540226 0.006560189383370556 0.008008221688859252
1 0.7540385966398279 0.23135088416743912 0.009025418028539484 0.011281687004345578
1 0.7875109302754306 0.23189017438185971 0.00949532645089287 0.011122407770946708
1 0.4155284725889868 0.08616189528135626 0.006709507533482176 0.00791181583706519
0 0.520851485583247 0.17878426141355747 0.0070331339933434696 0.014486453381965431
1 0.0539263949102285 0.023687635323828286 0.006052591362778016 0.007681351147883222
1 0.319719664904536 0.08852962868488794 0.007195842509367001 0.00799934126772863
1 0.5906367399254624 0.08576938066738266 0.006926088917012163 0.008965531086740596
1 0.8559872374242666 0.2331898417751689 0.009609923070790793 0.010780831252578374
1 0.8479431308045681 0.01919208197402989 0.005614611567283122 0.007428010493868757
1 0.5596403005171795 0.22800360479151507 0.008720709353077095 0.010582051905990469
1 0.2542098298364756 0.022319624209497815 0.006433525863958879 0.007965808797539388
1 0.4650794827208227 0.08588361840480702 0.00655364990234375 0.007947337521587694
1 0.592070754693479 0.22839221202019117 0.008531998614875655 0.009834959837113303
1 0.9269423192861128 0.01954438604112403 0.006107719577088697 0.0071731068857353066
1 0.1853634970528739 0.022838844672163176 0.006019280881297834 0.008050776666917205
1 0.7421046665736607 0.6654601119362534 0.01330099300462369 0.014274317881997104
1 0.2474445810123366 0.2313203355187498 0.008678358428332289 0.01060393326365631
1 0.011506506070798757 0.02421804511711824 0.006777929408209665 0.008554616240184328
1 0.48921919842155615 0.08491025320552151 0.006367430395009544 0.008119830821628938
1 0.9083747085259886 0.08494733784416299 0.007547806720344312 0.00869059324853645
0 0.162500692873585 0.08841695390158258 0.006027416307099013 0.010534026588516045
0 0.037127385334092745 0.10842582148952282 0.006491184234619141 0.011089869907924104
1 0.6918398798728476 0.019122494994050315 0.0058279232102997755 0.00823051639060105
0 0.11032863539092395 0.17386667492994726 0.006997886969118708 0.01479414221329932
1 0.11776349982436823 0.022934966350481062 0.006459022054866884 0.008090560953582406
1 0.8362183862802934 0.08415953792482302 0.007736517458546033 0.008690451161798361
1 0.5057634236861248 0.021374996052991008 0.006745941784917104 0.007890431782982644
1 0.24687541261011242 0.09000917788861905 0.00753932096520247 0.009892931226253994
1 0.43217285311951925 0.023327161269293968 0.005942052724410086 0.007732076113381345
1 0.6733000619070871 0.08461449966018718 0.008294864576690026 0.008537423744875434
1 0.9808272536920042 0.08322247588711951 0.007276262555803518 0.008740607780344129
1 0.8862198031678493 0.019413168938497927 0.005850655691964259 0.007325210738860647
1 0.004714179403927861 0.08935792332458356 0.0067068946604826015 0.009322808189667877
1 0.7895893174774793 0.08330357189288436 0.007117135184151759 0.008030032003156067
1 0.6890887824856505 0.23029631639733517 0.008860373983577844 0.010881002402931833
1 0.6165007766412229 0.08556449159105688 0.008165631975446388 0.008863370722053893
1 0.7425536330865354 0.0830721481182203 0.008321489606584862 0.009469512746745809
1 0.07693268328296896 0.08878957637222358 0.00690988618500379 0.008961339527966936
1 0.8077207292829242 0.019922976154764824 0.0059459452726403446 0.007485981883009476
1 0.30743536657216597 0.23101882746052282 0.0073404117506377245 0.009884263935230484
1 0.35928068355638154 0.02354007824632183 0.0071924949178890345 0.00791934643418396
1 0.440666354432398 0.08557102758100901 0.005938627281967534 0.007754809991475743
1 0.7659740837252871 0.08232864373947986 0.006509586256377526 0.009447915562556135
1 0.21975201976542572 0.023089698808261064 0.006109899404097586 0.007616133335099909
0 0.7426030684490593 0.2020930934936378 0.010683020766900449 0.013219465938416955
0 0.3814975193568639 0.08611731556728054 0.0077000832071109655 0.011066567682877343
1 0.9679732030751753 0.019393276795165323 0.006436094945790794 0.007131617558213026
1 0.028872232047878966 0.08958028906969441 0.0066032944893350395 0.008609035460872789
0 0.14098951767901985 0.08426866053967613 0.00675209201112086 0.010608551082644259
1 0.27102419794822225 0.08991905937498548 0.006852286202566991 0.00899124878633488
1 0.2948624941767478 0.08928215557149707 0.007398216091856662 0.008222559533268007
1 0.19810625971580037 0.08950093362647114 0.0064968186981824005 0.008114999872533885
0 0.9905063862703284 0.18703033630197938 0.007025582449776759 0.012165324428527283
1 0.17457471575055805 0.08984854883120832 0.006938856475207265 0.008485988345686856
1 0.27861673004773196 0.23124858171601434 0.007995839021643806 0.009892362879301606
1 0.0857769907737265 0.02422926996942735 0.006063617005640146 0.008125656377890634
0 0.2096861625204281 0.08770378504142437 0.005514806630660086 0.009682429723773662
1 0.22316461679886798 0.09006011598422431 0.006377551020408168 0.008950185719026877
1 0.7197237598652744 0.08437305877048774 0.007946403659119854 0.009417153783759636
1 0.1500114324141522 0.08882627027233532 0.007379064754563927 0.008218012757649131
0 0.7146259230010363 0.08512331226928745 0.009454688247369293 0.010337236456261407
1 0.34273349995515784 0.08847812224233031 0.0072404511120854696 0.007767455711165752
1 0.4681253735307789 0.021007554639841632 0.006640547181087737 0.008079828707631395
0 0.4649157757265865 0.03009736193592696 0.0055337893175731135 0.006867854401486686
1 0.4649381905699595 0.22826245325476358 0.008574376805423719 0.009713295883181438
