1 0.19152540090132733 0.49484320935821596 0.012963664774992023 0.017040178325656942
1 0.3115122464238381 0.49988444682564903 0.012510650011957896 0.016084645012001696
0 0.7639283160774075 0.022336319401223388 0.008182447783801085 0.013982897982174496
1 0.5009180185746174 0.5103381944071443 0.015026326082190681 0.017854619508388743
1 0.2514472688947405 0.4948265852098595 0.012885697033940541 0.015347925275005116
0 0.4497078486851283 0.5051010193278851 0.017403193882533495 0.03487604238461782
1 0.9112056810028698 0.5344447014348618 0.01648198341836733 0.01864462177216912
1 0.7706599332848374 0.5256952132333871 0.0158912502989477 0.01813055195375951
1 0.1313178587932976 0.4921280738800543 0.013827109823421547 0.01666194342886131
1 0.3729688683334662 0.5030778462642217 0.013529407734773624 0.015808570479892873
1 0.6103814572704082 0.08787507060419185 0.008713702766262817 0.010479536324458529
1 0.8419749201560506 0.5297061087195605 0.015938116579639595 0.019027545531321743
1 0.0179872245204692 0.4896208112997183 0.01545009321095992 0.019243943633432757
1 0.14572520158728777 0.09375714186595695 0.008596556527273999 0.010459004790804517
1 0.7415825980050224 0.08397567768573455 0.010317432637117327 0.012292207885641648
1 0.11724143125572983 0.09415136152078762 0.008216390804368638 0.01048898509254151
1 0.028557546284733986 0.0958365457562195 0.009146597920631879 0.010206090397004344
1 0.0868590413307657 0.09489696167891488 0.008519814938915021 0.010558891767681796
1 0.6435649638273279 0.08910092393706329 0.008960334622130053 0.011914257162322264
1 0.05765417157387247 0.09538708988195634 0.00869024043180505 0.011158497802421579
1 0.42207686755121976 0.08853112059563789 0.008444494130660085 0.009601937586645673
1 0.4353114926085181 0.5068130224351315 0.010604313441685255 0.016183111121498086
1 0.9777774421536192 0.08321068268785803 0.00931595782844405 0.010593560931775756
1 0.4522146497453962 0.08818677338587678 0.00849735493562659 0.010087021710484922
1 0.3600663165656888 0.08813306459887876 0.008123436752630754 0.010367074671260301
1 0.3293146405901228 0.09001116710295232 0.00794235540896047 0.010412116167234836
1 0.7023500714983258 0.519079654707917 0.015923013492506362 0.017064475157870306
1 0.6338213706503109 0.5143025564865933 0.01466260637555801 0.01640689773398977
1 0.07543928769170022 0.49121125920252867 0.015793294322733978 0.017453650733498798
0 0.7647838981784121 0.19214318548540976 0.012054287657445827 0.02281159954013443
1 0.4837148627456354 0.08867299420362075 0.008775983537946388 0.011747021071590343
1 0.18372874357262436 0.09319724907451331 0.023444740139708223 0.010943946827905678
1 0.7082267294124682 0.08692387093604838 0.009035538653938155 0.012321264623581048
1 0.9432565338757574 0.0822500697733161 0.009311909578284431 0.010679239234844018
1 0.6755547036930006 0.0885159883580313 0.00890179069674738 0.011063796991484593
1 0.8744148721500318 0.08194973393067836 0.00886660206074607 0.01067895506136784
1 0.5150923437001753 0.08879113932634257 0.008260921556122474 0.010611748034251274
1 0.9080290502431441 0.0833560374209241 0.009195755939094498 0.010525501384230647
1 0.8089870530731824 0.08138145802168743 0.009625493263711734 0.010912545658787784
0 0.41334732211365993 0.008241314982695888 0.006940179941605539 0.012329008350806954
1 0.5670084272112166 0.5119460479353707 0.013800329091597585 0.014383156323373954
1 0.8416934889190051 0.08109636098170986 0.008926703005420939 0.01049878907746973
0 0.5515415425203284 0.07668694771687852 0.009780961640027133 0.01825715123739773
1 0.7759159633091518 0.08207825138528076 0.009975199796715475 0.011254832610846583
0 0.3261730816899514 0.03757640084201816 0.007183542056959488 0.014911434815592614
0 0.48964582170758925 0.05637955589221121 0.012476239885602638 0.01365524596413897
1 0.39098420435068565 0.08973189561923643 0.006875797193877573 0.010006742703464081
1 0.0019133212615032587 0.09600339110842167 0.0038266425230065173 0.008930648792539507
1 0.2994938675238162 0.09064075343942908 0.008460142174545613 0.01069671590362908
1 0.5780124275051818 0.08825710632123134 0.008097434530452844 0.00965891436861976
0 0.4829281398228236 0.05576730413778142 0.02068873814174111 0.013501650200263678
