1 0.11015823909214566 0.35766798354377793 0.01377596173967633 0.01721892344217413
1 0.4822829110281809 0.3860706251843847 0.014813948650749345 0.019565485921730373
1 0.26436272445990117 0.3668761987791762 0.014107762550821109 0.017309858954551713
1 0.21079867226736884 0.36436559716049505 0.013311541810327657 0.01684622992816408
1 0.7142883612185108 0.404005310569687 0.01676286969866074 0.020493738581672295
1 0.05924012709637077 0.3566412647743396 0.012128421238490516 0.017407898803833807
1 0.5986207845259686 0.39529070466241345 0.01646306563396847 0.019071166159915283
1 0.31740589531100527 0.37094669965197846 0.01523683509048152 0.019008932168631892
1 0.6557165651905293 0.39956637878501755 0.01550946916852676 0.018197616894138072
1 0.8994011392398755 0.4167183793735512 0.016500979053730727 0.020484929203910717
1 0.8350401119310029 0.41144156209436505 0.017087352519132577 0.020921703836799366
1 0.5392565046037946 0.39111569899374604 0.01571297159000318 0.021752058734197336
1 0.16049355876689056 0.35992844146005165 0.01370247042908961 0.017313979469956345
1 0.7746989970304529 0.4066391013902923 0.01664266780931119 0.020280182214323098
1 0.9636748177664621 0.4209382844514551 0.017457300302933756 0.020462337412554463
1 0.37058246378995935 0.37636240671764765 0.015471010792012116 0.020198908600135648
1 0.4259065511275311 0.3807457115443549 0.015877392827248128 0.01995693488516829
0 0.8135456941565689 0.2658842133397839 0.018292796855070077 0.024026867411018157
1 0.008880064195516159 0.35318599947746715 0.013368840120276625 0.020137100869066473
0 0.6430552346365793 0.18017820335758938 0.02557520963707747 0.03870258032811944
0 0.5472778008908642 0.09244724422750529 0.012144439074457896 0.01725103504498248
