1 0.6738578640684789 0.6579924592424575 0.014514222437021707 0.01710340692410703
1 0.5403153555733817 0.6486318559804578 0.013193714375398577 0.015161649561369077
0 0.610553196498326 0.1516589085050108 0.007862947425063717 0.014635218196745679
1 0.27822926579689494 0.22768660927883627 0.007801756566884544 0.009449620603413202
1 0.7217329375597896 0.22798619916609902 0.009068703164859656 0.010749856343674716
1 0.2911971734494579 0.6370686241045869 0.01644955849160956 0.020392856997628425
0 0.9573344795071348 0.18056890636565234 0.007218030034279378 0.013690696605292403
1 0.006404431498780542 0.6113878670622012 0.012808862997561085 0.01567529311956443
1 0.06049410177736867 0.6171251874595372 0.015853667745784842 0.019324080553715456
1 0.47638379311075013 0.6466268700192699 0.013130732945033495 0.017069590280441548
1 0.1743916297445492 0.6266160132169963 0.015776653679049728 0.018991029239632497
0 0.38522354437380424 0.08708112543342948 0.007243098044882017 0.012228553026977326
1 0.35359783561862246 0.6416215094532045 0.016627876126036348 0.020415590875722818
1 0.753997802734375 0.2283655707567993 0.008691904496173465 0.009748429013616465
1 0.5278157214729153 0.2333001010839267 0.009038185586734656 0.010260225444216653
1 0.9242779478734854 0.2330141515235206 0.010393103774712949 0.012081919513268443
1 0.9549637619329959 0.679517179195711 0.014883547413105727 0.01709445545960731
1 0.6556247789032605 0.228352427733526 0.008965005680006362 0.011329996495296233
1 0.3475461687360491 0.2294477033540927 0.026987503985969406 0.01171235190749637
1 0.811271823182398 0.6673168303862445 0.015672021982621163 0.018406768572606477
1 0.8900140256297832 0.23275271192543504 0.009587501992984656 0.011158355715683469
1 0.8821415803870376 0.6727448989981274 0.01540546027981512 0.018363432117489052
1 0.18611100255226604 0.22823676912872073 0.008662671458964447 0.009729815650926659
1 0.9590108443279656 0.23279604838055246 0.009909182178730913 0.012508890161228903
1 0.6237572650520169 0.22843469595488008 0.00888933454241074 0.01055121908382491
1 0.688500384895169 0.22819513771446034 0.008181824976084114 0.010311092496452845
1 0.2159885484345105 0.22861642489289719 0.007972950838050056 0.009775283407115493
0 0.6193614881865833 0.6507299797984637 0.01772199358258926 0.036564601180079315
1 0.9939111203563458 0.23289280944919175 0.009061540876116204 0.010995808487308523
1 0.4149209625866948 0.6435524682238476 0.014794018803810581 0.017817961129961528
1 0.6153842770323461 0.020533061086438743 0.006141039789939372 0.00807983340485661
1 0.7419081707389987 0.6623987110773665 0.014542560188137817 0.01689951245494784
0 0.13610032139992229 0.1843904357516363 0.007810183933803026 0.015266367487341422
1 0.24640484245455999 0.22837018857578723 0.008595447151028396 0.010249853112336067
1 0.6050259337133291 0.6531900695817539 0.011831478196747474 0.01490916142778316
1 0.24658098026197783 0.08829990995108095 0.007086929009885198 0.008246145931790948
1 0.3192769264688297 0.08920446964744637 0.007064741484972914 0.008667433110227787
1 0.3945892100431481 0.021948848866451973 0.0060330605020328405 0.008246714278743308
1 0.5135828134964924 0.0846317631988651 0.007790234624123035 0.008419349665522647
1 0.15508689685743685 0.22835917685358523 0.007903605091328522 0.0092281073787309
1 0.4654317583356585 0.08531697649330411 0.007070191052495229 0.00791195792380328
1 0.11649956021990095 0.620366328042108 0.015038821162009731 0.017135376440177257
1 0.5900752787687341 0.08636998130928907 0.007329356913663922 0.008002893436180873
1 0.2225441446109694 0.08852010887343592 0.006824960513990738 0.007787774114712626
1 0.5385092521200374 0.08455695453126073 0.00676719509825421 0.008157483807222797
0 0.8349726151446907 0.16466805054937003 0.00670950753348213 0.010668866902963443
1 0.30744646033462214 0.22772987469058467 0.007489574198820172 0.008388374756619042
1 0.6418614290198501 0.08558122230446699 0.0069240647919323545 0.008420983663010686
1 0.1502410343715123 0.0892821910931816 0.0063458656778140905 0.00824174124291016
1 0.12501420780104036 0.22979830238032975 0.009211871088767544 0.010656789530225811
1 0.43150563142737564 0.02067703047380843 0.0062434916593590946 0.007992663191038397
1 0.6918452515894054 0.020815138783231903 0.0057916446607939745 0.0075853715563034265
1 0.23256687242157606 0.6328702451675037 0.015792768828722867 0.019153292294531374
1 0.7305388937191089 0.01949547268153655 0.005894719337930483 0.007620040720397384
1 0.6540184020996094 0.020720935275878236 0.005857662278778724 0.007773423354165537
1 0.4401383302649673 0.08558289182363954 0.005785805838448634 0.007860877741459929
1 0.15079870029371611 0.0232045404143223 0.0061155046735490975 0.007513333580091796
1 0.9547021048409597 0.08576938066738266 0.007559328663105727 0.008911822299742573
1 0.3584013569111727 0.022855717472311365 0.0062747877471300995 0.008325856591859433
1 0.2884358191976742 0.023041247230572375 0.006380742909956961 0.00773555723846455
1 0.9323057836415816 0.08543373627032957 0.007289652921715569 0.008341841349894557
1 0.3237801765909 0.022360616233436777 0.0065957672741948446 0.008258791651480956
1 0.48898801998216274 0.0847320053925876 0.007034924565529285 0.008367416962750762
0 0.48253032139369423 0.18674410256809706 0.010159862284757673 0.020097600755877437
1 0.5414624116858657 0.022285487870671694 0.006461474360251965 0.007997352053395365
1 0.46834326763542333 0.02192732272563134 0.006098066057477732 0.007449607678058439
1 0.9074881417410715 0.0842796722618781 0.006691757513552395 0.00789675464282765
1 0.5601617462781011 0.23290431847497706 0.008355899732940026 0.010657073703701966
1 0.18473956049705037 0.023224610166077513 0.0061236790248325925 0.00731007850125406
1 0.6741535420320471 0.0846944234503628 0.006805108518016561 0.007719856653905606
1 0.4970410405373087 0.23280485775831405 0.00962175641741074 0.011173132736444843
1 0.8556577721420598 0.23212440436960105 0.010098048618861528 0.010760797022507701
1 0.2534521063979791 0.023652113639305788 0.006350614586654987 0.008037846773751018
1 0.12592931669585558 0.08926816002779521 0.007041016403509637 0.00834816420973956
1 0.6976733305016343 0.08363793750929464 0.007236247159996819 0.008002325089228516
1 0.6164880869339924 0.08636998130928907 0.007065909249441898 0.00868235221772723
1 0.27182483673095703 0.08947422131971024 0.007311373340840242 0.00909227245711687
1 0.11784477623141541 0.022824778085092267 0.005821461580237556 0.0071329673822248816
1 0.5921998705182757 0.23095645138250132 0.009836391526825505 0.011434998594744693
1 0.9265819471709582 0.01841163504338607 0.005726561254384544 0.007936041625909536
1 0.08568427027488242 0.02370021000014925 0.006344853615274233 0.007886666484423262
1 0.004810031883570614 0.22974935349905776 0.008293265590862351 0.010501062465279175
0 0.4267995016915457 0.36133389242986885 0.01107936002770247 0.02094116971991773
1 0.5786608871148557 0.021949701386880512 0.005374052086655034 0.00837359773585767
1 0.2943231232312261 0.08939294770552275 0.007094324851522642 0.008760215750200558
1 0.06492756824104154 0.23083695643576765 0.008597023633061623 0.010963412711024039
1 0.2185341971261161 0.023376323280673107 0.005929752272002573 0.007522214001222422
1 0.9678885790766502 0.01897504448159742 0.0074413066007653446 0.00851568447394767
1 0.7684857115453604 0.01819441994253099 0.005648865991709114 0.008034294605298767
1 0.8832058030731824 0.08270972037103722 0.006958319216358533 0.008691019508750727
1 0.8080366484972896 0.01809389357533232 0.005725159937021706 0.007861090871567061
1 0.04792977352531589 0.23107381502816363 0.009218819287358493 0.01089094847459812
1 0.9797827272999042 0.08570824784831944 0.0077077126016422155 0.008924965323015899
1 0.564715288123306 0.08574362744610384 0.006886151372170003 0.007781380211498582
1 0.8472894162547832 0.018431917925248415 0.0067758365553252245 0.008420344272689282
1 0.8586575255102041 0.08239144607771563 0.007236247159996819 0.009126728491103693
1 0.174665489975287 0.08843162435729036 0.007684902269013075 0.007654994057967524
1 0.09598586997207331 0.22893150223461173 0.008043425423758374 0.011083191831233914
1 0.7873500901825574 0.22930455096546704 0.008101638482541449 0.010010010698440158
0 0.8417486074019451 0.21789860910866174 0.008743908940529286 0.014642322533650167
0 0.9055948062818877 0.3430363175154845 0.011250710000797156 0.013989860232340915
1 0.7196561073770329 0.08306245069834564 0.006990860919563155 0.00842325705082013
0 0.5607464848732463 0.17554951473420063 0.009341181540975766 0.012779920614135557
1 0.46536776484275344 0.23355415217163164 0.008158469686702752 0.010403448876211339
1 0.8205418489417251 0.23133830949111817 0.008025188835299683 0.010064572005866683
1 0.0531694256529516 0.0898524562165058 0.007072078938386871 0.008679439439596391
1 0.7424553073182398 0.08259423937465458 0.007328422702088697 0.008855129691244662
1 0.07763723451264051 0.08990239970494443 0.007310186113630029 0.00898144480140667
1 0.011341625634504825 0.024294061521996386 0.006513658226752767 0.008283941004122884
1 0.052887624623824146 0.02459237262861633 0.005941566155881304 0.008381412506452624
0 0.19767072249432 0.08586678112634336 0.0067919517049984095 0.01164059810476093
0 0.8284274509974888 0.20273070773081667 0.015104955556441244 0.013214208729107613
1 0.8864229163345027 0.01776638364403488 0.005713949398118637 0.008451603355069082
1 0.5043787275041852 0.02204234194011519 0.005905618472975113 0.00760149840107664
1 0.8122524339325574 0.08199449125317672 0.0071597975127551455 0.00937658802003495
1 0.029378438482479178 0.09011162242678195 0.007215198205441845 0.009183207969494464
1 0.3443608965192522 0.0894866539092931 0.007052908138353012 0.008203804083840133
1 0.4159068672024474 0.08768254307407992 0.0067055371342872845 0.007357393385038032
1 0.005191059897140581 0.09120973978211047 0.007572816038618282 0.009460135022031866
1 0.7889988179109535 0.08099199827258274 0.006619200414540794 0.009331688610798514
0 0.09747522704455316 0.22804480994556114 0.007664271763392859 0.012530913605632845
1 0.10129589937171157 0.08991618211853915 0.006707600184849329 0.008789201444770908
1 0.03359605584825789 0.024430820007408004 0.006353986506559412 0.008182917333340898
1 0.8356904583756434 0.08116444736192285 0.00843851306814263 0.008474527864994651
1 0.7627627627627627 0.08115346287992022 0.011456261456261505 0.010232044985408214
0 0.48885846141216066 0.029253222313787186 0.005863967677810155 0.008561918725986491
