1 0.808389780472736 0.08574984374089527 0.00922284807477676 0.01145901125348191
1 0.5004929912333586 0.5055859613649863 0.014032091413225393 0.01746174967756992
1 0.6327348047373247 0.5137928913570644 0.014077634227519181 0.016651997357195022
1 0.770793525540099 0.5233941895533887 0.014588959363042104 0.01745635038152256
1 0.8411812295719068 0.5292850346712308 0.015758903659119947 0.02103153688534304
0 0.4492654605787627 0.49484150431735896 0.016065792161591225 0.04673943249470384
1 0.37269584500059794 0.4997873305401646 0.013982422497807729 0.0155023735593089
1 0.1314062196381238 0.49293512655240546 0.014441276083187172 0.018404637271535112
1 0.25090968852140466 0.49635856441994586 0.015087594791334487 0.018202163669756917
1 0.19167409624372211 0.49671662299993263 0.015355246407645093 0.020269383622228215
1 0.18464987618582587 0.09206474672856702 0.028150363844268174 0.011385126149675113
1 0.3109513886120855 0.4978699410530091 0.013247781870316477 0.016186094942997966
1 0.910918410943479 0.5339165650293813 0.015742087850765345 0.01792438409679098
0 0.7598434759646046 0.1938914917542381 0.01121085030691963 0.02570491178786101
1 0.577517996028978 0.08957524499049221 0.008988983777104604 0.010898976375300191
1 0.3289766992841448 0.08881515198507978 0.007485039380131947 0.009327710182131991
0 0.4067925044468471 0.00986792396035015 0.007763220339405314 0.014661788416768491
1 0.8741676174864476 0.08366436564257937 0.008548658721301085 0.01080654895217266
1 0.7749216507892219 0.08672541128462118 0.00929696219308037 0.012034888802960664
1 0.018020100739537453 0.4865703511196642 0.016233767781938826 0.020094048587425202
1 0.07469789349302954 0.4887874725808204 0.01414047941869619 0.01540817005195524
1 0.8415603637695312 0.0836802083138764 0.008832659040178518 0.010884554571384066
1 0.5660243910186145 0.5081688851333552 0.013914147201849457 0.014402906379968472
1 0.14606464152433435 0.09213721096499292 0.008755002702985498 0.009979391006381759
1 0.7014451318857622 0.5176433709159343 0.013888612085459207 0.017104827791487854
1 0.45215941448600927 0.08619024158560522 0.00843920026506699 0.009817980471911524
1 0.11705381043103277 0.09244085032429124 0.009144179675043834 0.010858978958527872
0 0.30771389786078013 0.03786085849167433 0.009222653447365269 0.013084909797445726
1 0.36121703167350927 0.08874243909686223 0.009555115991709207 0.01090188915343104
0 0.7903099060058594 0.02288633716436976 0.007967267717633888 0.014741356990098889
1 0.08732186531534 0.09221812936233517 0.009172750979053729 0.010683288706879589
1 0.4209428514753069 0.08665905677793316 0.008165009167729604 0.009480027165364462
1 0.5465602485501037 0.08942228861693834 0.008913624043367327 0.010732237588151596
1 0.7084981178750798 0.08753608716879366 0.008587272799744854 0.011402460731722087
1 0.05702202660696848 0.09181403467920722 0.008564481929856907 0.010905015061669028
1 0.6748688366948342 0.08800447610090732 0.007885991310586734 0.010589582503109235
1 0.9427160924794722 0.08160524463417917 0.009635302485251872 0.01095325350925058
1 0.6428381082962971 0.08898331163960929 0.009281469851124064 0.010684212270677172
1 0.9765062916035556 0.08411964707310424 0.008773180903220622 0.012974224228473625
1 0.9094537228954083 0.08330460202173551 0.008913624043367327 0.009519953538767754
1 0.028084842526182832 0.0913434789243377 0.009519907892966755 0.010367003627891261
1 0.6108289446149554 0.09015950565751826 0.008812417789381362 0.010267045607644952
0 0.43068796274613363 0.05911000121640212 0.010281776895328406 0.012502496258014828
1 0.7422804540517379 0.08645771987005964 0.01143350406568881 0.010879297362074734
0 0.5215836349798709 0.07852636710650708 0.006427998445471931 0.011142228870910266
1 0.4342708198391661 0.5016653620008691 0.011162582708864801 0.012853734674573314
1 0.5142324797961177 0.08709618662766702 0.008233050910793975 0.00999708080527395
0 0.42787847713548305 0.19955627687177907 0.017708914620535695 0.016960183492112257
1 0.39109303999920286 0.08871157075301218 0.008243482940051039 0.010446003854269291
0 0.8429489914251834 0.04724753467011367 0.007118847905373128 0.014200574864928369
1 0.482768389643455 0.08553358772552232 0.00711199702048793 0.009438324707735044
0 0.795836376917458 0.05413485234113036 0.006419195608384775 0.008079828707631406
1 0.297979797979798 0.09010131207440623 0.006825006825006809 0.009965122072745388
0 0.4050168379241862 0.05825537137590314 0.013083080175731954 0.010506358734843383
