1 0.06772617904507384 0.3569588996773398 0.013425389114691289 0.016866406244972855
1 0.11801743993953784 0.3616616865346425 0.0133243482940051 0.01764973043206298
1 0.610595703125 0.395580490564748 0.015454817791374345 0.01836059038272723
1 0.7281068295848614 0.4059629816470911 0.016425152214206026 0.019446275148472896
1 0.17062105451311388 0.36476812888950405 0.013943419164540817 0.01957145356473017
1 0.3286987226836535 0.3748451334849536 0.014803360919563155 0.01939824983099844
1 0.43945943092813294 0.3838638050117399 0.015271400918765998 0.02014178973142346
1 0.49767614870655297 0.3889191090662437 0.015927840252311937 0.019681002439797562
1 0.9166969766422193 0.42323177753433466 0.018295910893654378 0.021802357439481213
1 0.2743546232885244 0.3708017711791266 0.015403358303770725 0.01875203934616519
1 0.38448209178691006 0.38028009330363405 0.014925898337850766 0.019523001987041502
1 0.2223050253731864 0.36864844666337276 0.015323872468909431 0.020186547053921797
1 0.8539807066625478 0.4184693142470343 0.017344883510044724 0.020692944188474498
1 0.6696431685467156 0.40009863570590265 0.016713667889030594 0.02080732401263702
1 0.5535360453080158 0.3918950447521697 0.014101845877511227 0.017225601518864386
1 0.7914005201690052 0.4127437160055908 0.01701604103555483 0.019115355135461306
1 0.018953357424054827 0.35350263977330065 0.014727237273235714 0.017865560187221727
1 0.9806647008779097 0.42821589613305555 0.017546984614158122 0.020868705483491765
0 0.6710304727359694 0.2328057102787426 0.018416891292649888 0.023775658058075053
0 0.42564648998026944 0.07860785385080167 0.013675923250159431 0.020646410781750033
0 0.7298529488699778 0.1851310628739304 0.039103605309311285 0.01569376439551614
0 0.2764980355087592 0.10506312570251593 0.013094220842633935 0.016669900286194392
0 0.5995917806819995 0.052603281132308895 0.016545509805484748 0.013274453506057778
