1 0.6402712452168369 0.0881946947215253 0.009034915846221276 0.011169012221040234
1 0.13240720787826848 0.48627239522988946 0.016039030892508375 0.019482223093209655
1 0.31255823252152426 0.4944285292131004 0.01211804759745696 0.015038176185968867
1 0.6087266960922553 0.08752578588028212 0.009298285659478574 0.010825020228124356
1 0.2526887776900311 0.48917885050088933 0.014092231283382484 0.015967281366339386
1 0.19263388186084981 0.4861884930110473 0.013241592718630426 0.014841812313928485
1 0.771491070182956 0.520390333823428 0.0164794921875 0.020234856544872365
1 0.5017789723921795 0.50569281059203 0.013219716597576535 0.01713764982798668
1 0.8414343230578365 0.5217684330961629 0.01604165836256381 0.018630128924883988
1 0.6342497455830477 0.5120227037305702 0.01398756066147165 0.015968133886767898
0 0.4510164844746493 0.49917017679327064 0.01898925158442281 0.03242163607085117
1 0.9116301244618941 0.525480307042026 0.016169956752232224 0.019518171037946418
1 0.07595353223839585 0.48526485817009335 0.014260039037587692 0.017068027326322583
1 0.8402727088149714 0.0835654022294997 0.010028761260363492 0.010953750812833887
1 0.08466166866068939 0.09184334006893828 0.009312610236965885 0.010763567713900439
1 0.01884229815736109 0.48471157241197094 0.014850017975787728 0.018032796277953574
1 0.5448456199801699 0.08874020123073731 0.008377775853994011 0.009670707567881236
1 0.8064586872957191 0.08385895343039362 0.008812417789381362 0.009984506128952991
1 0.8718984175701531 0.08425502021281948 0.008264035594706587 0.010059741056771649
1 0.3584471722038425 0.08976024192348539 0.008811327875876872 0.011250143748489629
1 0.7033300594407685 0.5156167167271876 0.0170966946348852 0.017553395623637957
1 0.7741703889807876 0.08547103403907819 0.009543905452806138 0.011556269625704519
1 0.576238710053113 0.08852032200354305 0.008921097735969405 0.010414673728520457
1 0.43623967073401626 0.5035964628582502 0.012313687071508234 0.015353040397576359
1 0.5129290600212253 0.08820382379444758 0.010239425970583551 0.011069267330901052
1 0.45036930940589126 0.08750472152136028 0.007630951550542104 0.009769244720746645
1 0.05492058578802615 0.09194759621301181 0.009172361724230709 0.011195298267586883
1 0.1146306407694914 0.09192543068186977 0.009533239870655292 0.010876455627312934
0 0.8579031496631856 0.4015844367261097 0.013224387655452844 0.024409364909956398
1 0.025602856460882697 0.09182746187595672 0.009323976477798153 0.010643007116631069
0 0.955601439184072 0.07600621015468936 0.016840409259406813 0.029849724024684225
1 0.7062527403539541 0.08536635163479038 0.008286923778300431 0.010341925318618371
0 0.04831047447360292 0.22328071266077262 0.011445434726014432 0.029268873439372303
1 0.4808469499860491 0.08862773957753908 0.008826430963010291 0.011135053490636718
1 0.6729146217813298 0.08800213166972883 0.0077570701132015345 0.010712487531557078
1 0.3736415395931322 0.49947296363214044 0.015689849853515625 0.015979358739077038
1 0.18411431993756977 0.09037753775711736 0.025564505129444352 0.011534459311407695
0 0.4499473961032167 0.04685665405362809 0.007118069395727077 0.016078677369001926
0 0.2410227327930684 0.04355438065199399 0.005927338892099831 0.013019194681079106
1 0.7394313423001035 0.08493884816156211 0.01009804861886162 0.009321813582501254
1 0.5675943335708308 0.5082333214690791 0.014732672243702189 0.014560764745986473
1 0.14372718577482263 0.09111312080020928 0.008692566229372613 0.010920360429382736
0 0.19425779459427814 0.00793685862465355 0.0073352735869738495 0.01259577620157092
1 0.3891575482426858 0.0888645981699351 0.00796656705895247 0.011476630009005073
1 0.32845380354900755 0.08978290475821074 0.00918088640485493 0.009060373984415672
0 0.31629583223208724 0.07622722860426753 0.008157378675306963 0.0178657567041252
