1 0.7006052756796077 0.5174628497151909 0.01468767438616074 0.01907017155274871
1 0.3106823746038943 0.49158942305595515 0.013562066214425243 0.015914425099769928
1 0.017931019773288648 0.4836822960812469 0.015270926514450386 0.019405069994426836
0 0.8761012018943318 0.4021014903660192 0.01920209612165176 0.032711777190030954
1 0.7379928900271046 0.08580106600997672 0.010118134167729604 0.012449355817969172
1 0.8381422393176021 0.08418159689091148 0.008901790696747567 0.010946930649405577
1 0.5009716578892299 0.5045839656879756 0.014303946981624627 0.017408467150786203
1 0.8408025624800701 0.5243269179455805 0.01615314094387762 0.022816288402491416
1 0.6394401083187182 0.08707359483631072 0.009012650470344405 0.01164329775278463
1 0.1910466953199737 0.48908180525877387 0.014789931628168858 0.019931075098835956
1 0.7723998244927854 0.5217400157485449 0.018217748525191337 0.020222494998658597
1 0.634123198840083 0.5126888774021051 0.013527850715481475 0.01647239972024928
1 0.9100837707519531 0.5259532427497585 0.015207874531648577 0.017740097597488166
1 0.1309586155171297 0.48553468088572616 0.01383979953065211 0.017126851235891794
1 0.7713341226383131 0.08696980047413598 0.00995744977678574 0.012068421273149901
0 0.44991419266681276 0.49657844364714004 0.018084156269929923 0.03371235199966074
1 0.8044247529944595 0.08555809768784282 0.008925457389987183 0.010750211560519975
1 0.5665819596271126 0.5091030343929279 0.014672259895168975 0.015456195369429652
1 0.5434359725640745 0.0888086870384967 0.00925289854711424 0.00990458233877737
1 0.3714127443274673 0.4955351717727144 0.013078650649712996 0.01544667555797762
1 0.07553398852445642 0.4834195066591495 0.013979610131711371 0.016589905452649732
1 0.7050339056521046 0.08542787519238336 0.00893293108258926 0.010490974306874776
0 0.9547461684869261 0.078748874938356 0.017020400689572605 0.030296870989453446
1 0.25068691798618864 0.48877127469267817 0.015659176573461452 0.01814731818885415
1 0.18198242966009645 0.09196947757067768 0.02905865104830995 0.012390531908399928
1 0.41762176825075736 0.08890651375767167 0.00878470284598213 0.010395065758664028
1 0.5741240053760762 0.09002857272836834 0.0099029541015625 0.011614383101583319
1 0.5109975386639031 0.08956167570700461 0.008653134715800337 0.010589795633216374
1 0.43475863398337844 0.5005430188566962 0.012173399633290886 0.015582652566329739
1 0.6064090339504943 0.08939024805749904 0.009064343510841878 0.011602092598738538
1 0.053198537048028446 0.09207430206170357 0.00924389702933175 0.010871837808325019
0 0.3824900413046078 0.04353708159163154 0.00783647809709824 0.016193483453378635
1 0.8709364910514987 0.08433402043919752 0.008311991788903069 0.011055484917306322
0 0.046831724595050424 0.2322234388260498 0.011009313622299507 0.022145923172182773
1 0.32512520770637354 0.09005670590251016 0.007988443180006409 0.010087874230913466
1 0.4489177781708387 0.08923246073485011 0.009700619444555202 0.00983495983711327
1 0.023931182768880104 0.09173546071304345 0.009215256389306514 0.010657499963916255
1 0.6717646073321907 0.08667759909725391 0.008634917590082896 0.010280970107977773
1 0.08262845448085239 0.09192734885283399 0.009179660252162391 0.010829140743528977
1 0.4792162058304767 0.09002175256494002 0.008937602140465569 0.011776006766160693
1 0.14170394624982563 0.09141434468496006 0.009361306015326044 0.011166880919968888
1 0.3554684385961416 0.08977001038672908 0.008761191854671547 0.010175541748314983
1 0.3859974997384208 0.08915566285291245 0.007724450559032232 0.010398191666902005
1 0.1132191054675044 0.0910867992319781 0.008902608131875796 0.010540207361622962
0 0.20004221857810506 0.006986440433569575 0.00671678659867267 0.012795976415539725
0 0.9354719823720503 0.01295816842706945 0.011016222895408122 0.012611476786129863
0 0.2821636589205995 0.041262415001548806 0.007010440437161162 0.009053340690880212
0 0.12603538863512934 0.44984021888971 0.011112193672024467 0.020699196004950453
0 0.0029105109219648402 0.0035335550895600853 0.005483962443410134 0.007067110179120171
0 0.35740658691478366 0.07302310764782279 0.009666894912796549 0.013722463182141193
0 0.24941969760622604 0.051503674961469056 0.016125404726440983 0.014715335703276867
0 0.15495495495495495 0.5118086696562033 0.04389844389844389 0.02630792227204778
