1 0.13198531403833508 0.48968006146950177 0.01464707510811941 0.01780005820096226
1 0.5004519248495296 0.5079076586653768 0.014569496621890906 0.01745933420302244
0 0.30944170270647325 0.04061314965184657 0.008433283591757016 0.013581573990439307
1 0.8400108181700413 0.5171136005129657 0.015700671137595622 0.019748635727128393
1 0.1914995933065609 0.4940088049887825 0.014034232314752058 0.01643801472963157
1 0.5132576300173389 0.08723578684784045 0.009055702053770678 0.010532889894611324
1 0.7735005592813298 0.08734224533635437 0.009579094088807354 0.011418587576495312
1 0.7704463102379624 0.514562717304036 0.01600460130341205 0.018404779358273254
1 0.4506380898611887 0.08796817293932534 0.008955741415218377 0.010195718065123767
1 0.25110414076824583 0.4970620358602294 0.014968910995794817 0.017775335108534556
1 0.6408330177774235 0.08605312788334837 0.008638420883490082 0.01247194760932549
1 0.5448005442716638 0.08680981080704664 0.008367810930524513 0.010825233358231484
1 0.8068539366430166 0.08643647790271518 0.009261306451291449 0.011552930587359402
0 0.4499025150221221 0.5047812531238136 0.017738186583227077 0.02923079419356422
1 0.6314111047861528 0.5105172236971377 0.012349809919084862 0.01547694003319074
1 0.9105962636519451 0.5213644804997731 0.015097170459980913 0.017052824045346908
1 0.5659445937798948 0.5093128254617177 0.015576888103874345 0.017259133989053578
1 0.018276743742884422 0.48557460725912943 0.01499149020837278 0.018203300363661627
1 0.700715279092594 0.5117210535856052 0.014734073561065026 0.01717473446662815
1 0.6083308628627232 0.08614218074644628 0.008722733478156905 0.012063803454161975
1 0.31172950900330837 0.4994421308099749 0.012901384003308336 0.01520441766953419
0 0.36498065870635366 0.04360130479724821 0.008347803232621211 0.01285842353693027
1 0.0752177043836944 0.4872058340557717 0.015386075389628509 0.017160099532604875
1 0.4353522475884885 0.5048400770333829 0.01072513813875159 0.014556928404058082
0 0.8786487190090879 0.39789217075010314 0.013313449158960516 0.029202518932684326
1 0.11479768947679171 0.09013293543749544 0.008242860132334183 0.01046142026535206
1 0.3731061974350287 0.5016861066646301 0.012903797383211124 0.013495398383787724
0 0.20287025218107263 0.009852010245684072 0.007855434806979417 0.01384265837167967
1 0.8406344043965244 0.0855572451674143 0.008411952427455278 0.01006357739870007
1 0.055032525743756985 0.09023736918999159 0.008005920721560103 0.010378086393462282
1 0.14345100947788783 0.08972969327479603 0.008410706812021683 0.010314076317952734
1 0.1830512455531529 0.09042741020218696 0.029627741599569518 0.011371201649342305
1 0.3269997810830875 0.08967481227220878 0.00806574918785872 0.009572028328277738
1 0.8734404894770408 0.08665493626252854 0.008139162647480913 0.010500494118326808
1 0.575941513995735 0.08670658479182426 0.00933246223294012 0.010798663138208667
1 0.7070691634197624 0.08546634517672122 0.008987893863600112 0.010817205457529401
0 0.9581902951610332 0.08106112347066353 0.01842140664859693 0.028131611187700013
0 0.371365566642917 0.07759626731896997 0.006944072489835751 0.013782129421253335
1 0.6756844034000319 0.08547625572670299 0.010181349150988585 0.011638182630213397
1 0.7410268978196748 0.08708407373324487 0.010481853874362275 0.011998301467902489
1 0.481003897530692 0.0870840026898758 0.00738852364676338 0.009772228542246544
1 0.08504022870744977 0.09065879845516651 0.008236126023895889 0.011123402378113342
1 0.4191098894391741 0.0890272164416791 0.008427678322305437 0.00926973879299127
1 0.02532714240405024 0.09106822139097284 0.008229216750787227 0.010381709605283564
1 0.35775826901805646 0.08963644885292447 0.008859284070073354 0.009968734501025006
1 0.2976972229626714 0.08991746089918197 0.0080454690115792 0.009779830182734359
0 0.2271334589744101 0.5259316455655688 0.026059286934988865 0.024253353671533646
0 0.0780644027554259 0.45031422024797824 0.011825366896025986 0.019211832030624387
1 0.38868509995270556 0.09051769510937067 0.011535222802828472 0.011579191140866118
