1 0.19266194713358978 0.494292125944534 0.014693435357541449 0.017512758816544207
1 0.8041571792291136 0.0866728747132124 0.009090812838807354 0.01125696391191795
1 0.5741611402861927 0.08703331324606221 0.009198558573820173 0.010831982478290775
1 0.7718747197365275 0.5249806590275325 0.01593235560825889 0.019153292294531374
1 0.5429856436593192 0.08764670169439671 0.009516969019052957 0.011813659751754541
1 0.01878668824020697 0.4866948901456 0.01412918129745795 0.018687389880334235
1 0.6342355377820074 0.5167555419329789 0.015196119035993263 0.018248483946374305
1 0.567454279685507 0.5128808365852647 0.013775105379065681 0.017163225440842894
1 0.13253554519341917 0.4924946576643265 0.015750729307836428 0.019027119271107402
1 0.841642107282366 0.5266614030523991 0.015914761290258234 0.01885604683844712
1 0.4360532955247529 0.5049391825332007 0.011302636594188436 0.014954345010495838
1 0.372954543755979 0.5029626849629998 0.013846806117466505 0.015329453999053366
1 0.25161622495067365 0.4985052819023785 0.0158455907082071 0.018504240074936215
1 0.3123547106373067 0.5018361502600532 0.01385062081473213 0.017723899709346007
1 0.9118204700703525 0.5311354302613768 0.01572122379225131 0.019032518567154842
1 0.5012009289799905 0.5089068126076256 0.014602038325095622 0.016773055258047752
0 0.44980068596041933 0.5006001377254083 0.017161622339365457 0.04198293685040313
1 0.0757844691373864 0.4897232558378811 0.015096391950334815 0.017769935812487113
1 0.7035211057079082 0.521429058922235 0.01609771105707906 0.017502528571401808
1 0.4489903352698501 0.08880691095427055 0.008806812519929827 0.01096284436407165
1 0.7042583543427137 0.08724054675356646 0.009415918466996165 0.011461995074981798
1 0.738318462761081 0.08815260152536614 0.009739155672034431 0.012015849180056602
1 0.51174089859943 0.08833461463685943 0.008922966159119854 0.010567630102074333
1 0.7706641372369261 0.0873312336141524 0.009825414540816335 0.011687273598223493
1 0.05427465633470185 0.09030493143395338 0.00922677954848931 0.011514567168075099
1 0.18210989115189533 0.08960621989939584 0.027355271942761484 0.012760667861124345
1 0.838171199876435 0.08600972038486188 0.009631721340880053 0.01133155944941519
1 0.8705290191027584 0.0855539416507537 0.008026745854591878 0.010371905620355367
1 0.904545375279018 0.08625908261020981 0.008054616499920285 0.009682927027356979
1 0.3573070448272082 0.0897608813138068 0.00909423828125 0.010128368951269114
0 0.6266983966438138 0.07983615817990516 0.009850326849489801 0.01690036497537637
0 0.9844204649633291 0.4835886609208456 0.023744077098612835 0.03136706830074722
0 0.2736185229554468 0.4213629817116061 0.022424036142777413 0.03616391657866548
1 0.4185103591607542 0.08871263640354785 0.008688011947943207 0.00978650825942458
0 0.030874004169386262 0.13421918227184482 0.011066689783213093 0.017477805478974102
0 0.9556163865692762 0.07536550553095704 0.016195803272480915 0.028895043231457553
1 0.32645346193897484 0.09029239227931694 0.008822460563815354 0.010540775708575317
1 0.14328976066745058 0.08993479548122894 0.007750958812480071 0.010433145004472155
0 0.7387355882294324 0.045530629570403214 0.008434062101403069 0.012717047232530726
1 0.607524482571349 0.08720985601813902 0.0077000832071109655 0.00992539804590756
0 0.04189382280622209 0.04579075486616147 0.007397067790128748 0.016296709468601015
0 0.14998556643116234 0.009620089167436677 0.006934866613271286 0.013256195360213215
1 0.11402439584537427 0.08942001522912889 0.00833429609026228 0.010631498090845792
1 0.479992691351443 0.08874968552050483 0.008500391123246165 0.01117078830526636
1 0.6726251718949299 0.0882434659943747 0.007960572534677864 0.00900929380207231
1 0.389176504952567 0.08936836669983318 0.008887777523118638 0.009609752357240637
1 0.025037575741203463 0.09043103341400825 0.00894786873642279 0.009978751616060353
1 0.2957878112792969 0.09024390517994373 0.009404318673270115 0.01077848682139988
1 0.63869994027274 0.08494747993090108 0.01019723074776787 0.011597403736381571
1 0.08363814984897736 0.09101412720158955 0.008865821229442227 0.009326543680827486
0 0.9888834272112166 0.04579725533442909 0.009065122020487837 0.011983595490510179
0 0.1333463427326243 0.0728497191238607 0.009461381302536554 0.018347336668231583
0 0.10029960029960029 0.36649291582027 0.027300027300027296 0.028106754564153652
0 0.08329774280694523 0.0816161838473319 0.0075368173527682655 0.009781714918032286
