1 0.8413551486268337 0.524411459554744 0.01696746203364156 0.020412749140961084
1 0.5009501710229991 0.506711288330659 0.014127147441007673 0.016883030393329397
1 0.13246861282660036 0.49301895772787857 0.01529253745565611 0.018415151690153796
0 0.45067557510064576 0.49921067151362636 0.01951490129743301 0.031801001198874135
1 0.5130338863450654 0.08654027226488993 0.009282248360770115 0.010329847945880719
1 0.5441483478156888 0.0860727358532048 0.008943985919563155 0.010278696720168318
1 0.19259125845772881 0.4934324301357205 0.015582960479113514 0.0182706494775163
1 0.3736166272844587 0.49968943277762057 0.012357517164580698 0.015584499693924905
1 0.019074116434369768 0.49172120850553364 0.015582970210484094 0.019968728084429826
1 0.7714077696508291 0.5223050236625598 0.016108610192123785 0.019549998467278586
1 0.9114481867576133 0.5273390147063503 0.013892660335618638 0.019020867454631447
1 0.8391233171735493 0.08321636615738162 0.00973464031608748 0.010986999109546947
1 0.25211408186932 0.4934284517070539 0.013694996736487556 0.015779868958798637
1 0.07578209468296597 0.49301092982717654 0.015495222442004151 0.01875104473899849
1 0.8052245159538425 0.08423082994565967 0.009204008141342533 0.011615519795488052
1 0.6412026152318837 0.08480674301682294 0.00904083251953125 0.010481880755637012
1 0.7717348994040977 0.08401361484480459 0.009442387794961734 0.011419937400507172
1 0.3124086224302954 0.4957402029357782 0.013288420073840101 0.013722168817779283
1 0.5678338031379544 0.5101858774239119 0.014574089828802582 0.015471540737143382
1 0.634386023696588 0.5135462287797401 0.013879892777423465 0.01626182717439996
1 0.7024654466278699 0.5183915996787161 0.014317570900430484 0.01771921084698902
1 0.7052346054388553 0.08407453453376068 0.007635622608418413 0.01070943266668815
1 0.11577554624907825 0.09188514909162125 0.00865393268818757 0.0107093616233191
1 0.3585929870605469 0.08740728554071507 0.008527950364716224 0.009739548592485839
1 0.4199555066167092 0.08699701008448021 0.009575201540577142 0.00953004169717214
1 0.4809702659139828 0.08694521946844641 0.008692527303890344 0.011111609178851877
1 0.32739635389678334 0.08913481162409775 0.008081007976921267 0.010246229900514763
0 0.9565720850107622 0.0767957151148864 0.01146806989397324 0.0220742404128164
1 0.7390774318150112 0.08296913523310503 0.00938742501395088 0.010728401246223164
1 0.4507490664112325 0.0869469245093035 0.008672908860809974 0.009712054808665417
0 0.1926784320753448 0.4115964366388832 0.017876566672811706 0.033450059881146674
1 0.4361855253881338 0.5042635600935828 0.011128873241191056 0.01576452359108499
0 0.5935047305360133 0.07812092259936727 0.010570526123046875 0.01902314084244089
1 0.027044578474395127 0.08974848424590844 0.00978869807963469 0.010025213979415767
1 0.6740704750528141 0.08538212326271837 0.010419573102678612 0.01052223338925457
0 0.07025506545086296 0.08624075342099621 0.0066947450443189905 0.012614318520891663
1 0.2978090169478436 0.08962366104649638 0.009351924974091224 0.009712552112248734
1 0.5746634736353038 0.08508580137043169 0.007820440798389595 0.010176252182005437
1 0.1431893523858518 0.09132035430771353 0.008390037380919162 0.010227545494455927
1 0.18426883463956872 0.0910695712149847 0.028253438521404658 0.011184499675492052
0 0.7143859084771604 0.045517202373653705 0.008153020119180484 0.01324518363801124
1 0.05497376772822166 0.08977491237919318 0.00819984747439014 0.00917425650499479
0 0.16979061827367664 0.3617804710476857 0.019989208299286514 0.02412632812768116
1 0.9055044991629465 0.08596567349605398 0.0066308780592314745 0.00837047182761969
1 0.8711215427943637 0.08299368071711008 0.008413198042889035 0.010185345733243192
0 0.05228373469138632 0.04931436388405525 0.008232797895159039 0.013671230722174094
1 0.3887540466931402 0.0883565315162098 0.008393034643056418 0.00972725808964106
0 0.00785099958278695 0.13542556972159794 0.0061480028896915674 0.008537992091827802
1 0.08545949751017044 0.09030887434093539 0.0076874275596774365 0.009501979566399364
0 0.15101134047216297 0.006706067777633492 0.007044694861587224 0.013077095026850777
0 0.15337651701288063 0.07965303256783082 0.011416375052738688 0.02083616433392218
0 0.9217135796083163 0.4795714997508718 0.014368435421067036 0.020323604227309704
