1 0.5020205828608298 0.5136954198547348 0.01384587190589128 0.016869390066472777
1 0.6336576500717473 0.5232648195783577 0.01456887381417412 0.01782193955862806
1 0.13370118822370256 0.4917468551617588 0.01593831120705118 0.01891472866127819
1 0.07641027411636042 0.48618444353901175 0.015785528689014665 0.018605121658980168
1 0.37317427810357545 0.5053067609246394 0.013312904202208225 0.01521550043510519
1 0.8042171244718591 0.0834397265096591 0.009176448899872474 0.010844770284718863
1 0.70333566471022 0.5269538175593883 0.013747234733737275 0.01686967423994889
1 0.5119570128771724 0.08854064040708992 0.008472909732740737 0.01049857594736259
1 0.8705869402204243 0.08290775376225015 0.008986492546237089 0.010855284703337527
1 0.8373540761519451 0.08308802631120184 0.008536513970822605 0.011069409417639153
1 0.19292243646115675 0.49517640275903707 0.015670153559470667 0.01911464470177085
1 0.2516519974689094 0.49895960424742125 0.016152595987125328 0.019576994947515716
1 0.8418708334163745 0.5303692985695956 0.016086811922034525 0.019898110975599074
1 0.773089817592076 0.5293587066449305 0.015923636300223146 0.019049568975725597
1 0.3128422912286253 0.5023559035479864 0.012959305120974176 0.01625671205182863
1 0.7713358353595344 0.08366138182107949 0.009072751415019181 0.010840791856052353
0 0.45045214283223056 0.509570499761244 0.01743207659040176 0.03384136675784644
1 0.5750050447425064 0.08892860824544466 0.009346553257533495 0.011727271014995825
1 0.3574033464704241 0.08795645078343291 0.009163058533960423 0.010398617927116284
1 0.01952593423882309 0.48078855757330613 0.014048547160868743 0.016542590568865773
1 0.738208225795201 0.08511258472056166 0.01049368722098213 0.011860690462062331
1 0.9111614616549746 0.5313192194570963 0.015620951749840569 0.018027681155382332
1 0.4499316702083666 0.08828069271975426 0.008525069879025824 0.01069842094448617
1 0.6398705852274992 0.08869658060214368 0.00950326724928256 0.012147492542896982
1 0.08416117454061703 0.091797907834434 0.009297137357750713 0.011055200743830144
1 0.43671144757952013 0.5093583642612757 0.011629221390704715 0.016473536414154073
1 0.6072533276616311 0.08933920339684022 0.009308639837771051 0.012061672153090631
1 0.3260797383833905 0.08824893633379116 0.00860502281967473 0.009534730559529107
1 0.4810147966657366 0.08823739178632134 0.007865438655931138 0.010299867644143736
1 0.5429894583565849 0.08912149099240181 0.010678505410953406 0.010156786298887109
1 0.4187334021743463 0.08831749318491958 0.007944846639827797 0.010711208750914266
1 0.6723552626006458 0.08829333843944427 0.009195444535235965 0.011255258871060861
0 0.07463138444083078 0.04673893519112053 0.009288155302709464 0.01819846941456655
1 0.7049819790587133 0.08567539029013613 0.00849151611328125 0.01102934095749777
0 0.950101424236687 0.04308314998511853 0.009578782684948915 0.016203003264830672
1 0.11481399925387635 0.09112867929803012 0.009043674079739333 0.010817986934588896
1 0.14353555562544842 0.09011275912068667 0.008629078767737556 0.010356986512855914
0 0.9533786384426817 0.07693062647270286 0.01772012515943881 0.026782284479428372
1 0.1840529928402025 0.09097636231479765 0.02791758946010044 0.011496948412551958
1 0.5675036761225486 0.5181376196343802 0.014775178870376217 0.015622863113209231
1 0.05565526534099968 0.09121272360361037 0.008281240657884246 0.010442877946031324
0 0.15791015235745176 0.00842886947697468 0.007080817709163735 0.011740200908162015
1 0.025706965096142828 0.09058974430045479 0.009782659764192543 0.010767190925721723
0 0.6835766227877871 0.045453050211406075 0.01291983468191963 0.013875054147964184
1 0.388445250842036 0.08813558663847985 0.007289808623644789 0.010737707927568056
0 0.23323031834193642 0.37640737717025313 0.015987551942163596 0.01988162891398059
1 0.29664179743552693 0.08852838542592965 0.009349589445153069 0.009424400207402234
0 0.17666172900829943 0.07500822932012326 0.011531058462466406 0.016188826471969054
