1 0.19435645122917333 0.49067566324329837 0.015326752954599808 0.019335163319286454
1 0.4373773068797831 0.5040909247068034 0.011350904192243263 0.015016579001779183
1 0.021291543634570375 0.48522180588845204 0.01582483247834809 0.020811160354565407
1 0.31404382355359134 0.49685217374807045 0.012213376103615269 0.015034481930778535
1 0.18484952498455437 0.09147998875795764 0.027886799403599342 0.011473362014028996
1 0.502527275863959 0.5068511016809397 0.014792383933553891 0.01806547622771434
1 0.1338118144444057 0.48772608464728817 0.014939853123256129 0.01811236485128396
1 0.5740275480309311 0.08551429945082659 0.010009765625 0.011665960587509986
1 0.8418751930703923 0.5184773490251534 0.01654675542091832 0.019620757662847398
1 0.9115887077487246 0.5212372418258135 0.015294600506218189 0.017433474416690024
1 0.25314728094606986 0.4928898719263238 0.014619944046954715 0.017147880073129167
1 0.6349639892578125 0.5119817827500003 0.014333608199139035 0.017168624736890254
1 0.771570633868782 0.5183839269948592 0.017199457908163268 0.021822675843028046
0 0.4529887218864596 0.5046091150406176 0.018206771539182074 0.031084315691948184
1 0.6386373870226802 0.08443117224636656 0.008894939811862275 0.011724855540448291
1 0.5427626784966917 0.08615368977223158 0.009808910136320079 0.010732095501413496
1 0.7031344199667171 0.5163240245093996 0.016264623525191337 0.018646895159978628
1 0.07842337355321767 0.4856809591825899 0.01635969901571468 0.017187806446532457
0 0.3584722402144452 0.047345645562764806 0.007392104791135198 0.014526379755368723
1 0.671273523447465 0.08525037333482442 0.009063409299266561 0.011313230260201583
1 0.3744014039331553 0.5008134099192815 0.013921387341557729 0.015336558335957833
1 0.7050407565369899 0.08462409051500826 0.010225101393096276 0.011534033051193429
1 0.5111711852404536 0.08585278558264148 0.009379562066525824 0.009994381157250251
1 0.027011698606062912 0.08944047571941385 0.008495374601714466 0.010446643244590697
0 0.40342116842464526 0.08147303292438644 0.0168693698182398 0.031104776182233167
1 0.05650112093711386 0.08961502927715742 0.009122975018559675 0.01085500052986135
1 0.08669670260682398 0.08939518557164768 0.008331824322136087 0.0096853425019045
1 0.6066877014782964 0.08548225889138729 0.009404785779057729 0.011752065150792525
1 0.5689205247528699 0.5092241633371496 0.015050459881218095 0.015828746796701647
0 0.8188371806717024 0.07620958755115648 0.013697909394475195 0.02165814089233171
1 0.11679519925798688 0.09071613045398583 0.009459242528798605 0.01139947691022221
1 0.1450535521215322 0.09140638782762701 0.009133786571269134 0.01073280593510395
0 0.4809251123545122 0.0826883718386392 0.008411485321667758 0.018108031205772274
0 0.9554921364297674 0.07691918849028662 0.02001081194196426 0.029533794162541135
1 0.7706298049615354 0.08276975201788024 0.007897824657206681 0.009549294450183333
1 0.32875711090710696 0.09013584821562629 0.007948505635164202 0.00954851297312385
1 0.7371701610331632 0.08330403367478316 0.008968742526307447 0.010292337047024971
0 0.04492315954091598 0.006587531916381915 0.008086846799266578 0.01283277688070503
0 0.8362104454819038 0.07617298446352248 0.012337198062818956 0.016991087357646813
1 0.2985835561946947 0.08998182619153675 0.008738303671077797 0.010020525117058813
0 0.6320036614154262 0.4778862217532754 0.048176518764754095 0.02198188692517363
0 0.6503107385460326 0.43480172337993495 0.02794238088355736 0.025498988833201446
