1 0.43705235695352357 0.49707951252901444 0.011926767777423465 0.017153563542652808
1 0.02012780491186648 0.4823852572925924 0.015147525437024174 0.01985988964305289
1 0.70343017578125 0.5140048137269256 0.015118657326211734 0.017332308659169952
1 0.7718233380998885 0.5171353397838934 0.015726829061702752 0.0193070301451447
1 0.5020776086924028 0.5013051721198108 0.014238007214604604 0.017987612695240983
1 0.25265440648915816 0.48704847299333703 0.013997175255600253 0.016890560990448118
1 0.5682953425816127 0.5051504655127405 0.012957825952646614 0.016254154490543096
1 0.8376525567502392 0.08345400622683714 0.009963055046237183 0.012390105648185651
1 0.80403876791195 0.08428571094824693 0.009760486836336077 0.011073529933043762
1 0.6395618672273596 0.08689250528861503 0.009474695945272641 0.011659637727664983
1 0.9108498242436623 0.525360598965185 0.015335705815529193 0.019144625003507856
1 0.8417690043546716 0.5215545215119685 0.016077781210140345 0.020089928072020615
1 0.6348712687589685 0.5101720239669479 0.014594097526706025 0.0173735138132161
1 0.7054026856714366 0.08642248235901331 0.010087927993462949 0.011942106162987893
1 0.5433162767059949 0.08969282176626169 0.009994973941725112 0.011479542787135923
1 0.5743077336525431 0.08828175837028995 0.009271738480548465 0.010961139323214563
1 0.3129433223179408 0.49185796699094525 0.01501885238958865 0.017877069213006937
0 0.4505043029785156 0.4956893358835419 0.01667972486846295 0.0345760972805098
1 0.6725783056142379 0.08651455456529564 0.009280457788584207 0.010996518920998977
1 0.1340884578471281 0.48164114904521516 0.014662022493323493 0.01720002590600817
1 0.5115591944480429 0.08897364974141918 0.008696575554049775 0.010633842522024265
1 0.770890372140067 0.08512153618506133 0.010613266302614801 0.011899338054822812
1 0.7378292472995058 0.08620956538198546 0.010544446049904286 0.011937559387369016
1 0.029260192598615373 0.09190362036757296 0.008943645321592992 0.011021810360378996
1 0.3741307550547075 0.49369159634599663 0.013619870555644134 0.015709678110182226
1 0.6070300121696628 0.08782960284800306 0.009323976477798092 0.0112291149112523
0 0.9904083719058911 0.04897005219597867 0.009667377082669161 0.01870095916382182
1 0.08760282944659799 0.09157831278071592 0.009584465805365117 0.011219168839586001
0 0.9540002005440847 0.07486766912237422 0.015393938337053704 0.029672186645440787
0 0.11028445496851086 0.0084754739270682 0.008098796922333389 0.013787883934145978
0 0.3247645631128428 0.445398942673862 0.01863845513791453 0.026366893900622333
0 0.5855034030213649 0.04648932431398093 0.007960261130819516 0.013229483053452293
0 0.4017988321732502 0.08242512063464297 0.018193069769411676 0.02804330427997708
1 0.8706716420699139 0.0825098043305446 0.008019894969706587 0.01046831147214942
1 0.0775958859190649 0.48049415385198363 0.012074412131796079 0.013449078107170335
1 0.14572919144922375 0.09068352154759418 0.009024950922751919 0.011218316319157456
0 0.19370479972995058 0.470015896308168 0.03802396813217473 0.03458547500522378
1 0.48052371278101086 0.08881341142253818 0.007788989008689372 0.008884896862874518
1 0.11767792215152661 0.09106630322000862 0.00925815348722495 0.011032324778997649
1 0.18653550439951372 0.09063926152867914 0.026881237419284127 0.01178190336579143
1 0.0021098301726944595 0.09214481260548073 0.004219660345388919 0.011007246469724782
0 0.8618896640076931 0.48483135153218077 0.013447975625797342 0.01929438442545465
1 0.05791849992713149 0.08999432982448866 0.00977062692447585 0.011335822051557889
0 0.35953054622728 0.08225095781542915 0.008809926558514035 0.014324900760757117
0 0.21169989449637275 0.46834438792127725 0.04013742719377791 0.03415878853073956
0 0.37741750600386637 0.13887184803228622 0.020386676399075272 0.013663913255162467
1 0.2995519396297606 0.08840653045081515 0.00828561139845186 0.010469194395491273
1 0.32887025688582106 0.09073301809425764 0.007648256675494049 0.011632438217212509
1 0.44915044915044916 0.08944883384345267 0.00910000910000908 0.007117944337675275
