1 0.7039077914490992 0.5124386626563286 0.014156107999840569 0.016093738563239472
1 0.19398101495236766 0.49626265587173507 0.01555754213917012 0.019312713614668343
1 0.6356904555340203 0.5088739195277578 0.013781333456234094 0.015256563502413192
1 0.25379025206273914 0.4978551640322477 0.015411882984394928 0.018506797636221834
0 0.45264131195691165 0.5026798613108315 0.016525891362404378 0.036862130809639765
1 0.7721359875737405 0.514090705160101 0.016234105947066244 0.017442567967927796
1 0.8422506682726802 0.5167500005501935 0.016747455207669067 0.018960906851157523
1 0.7730678636200574 0.08664072758871955 0.009889563735650543 0.011754551668709097
1 0.020289154685273463 0.48502601036336396 0.013348581839580924 0.015434598185239968
1 0.7067255292619978 0.08658044729008486 0.009038652692522362 0.011382284414913324
1 0.31357288360595703 0.5009502394480622 0.013758717751016421 0.01769406149434706
1 0.07748665128435407 0.48765255476032665 0.013270923069545203 0.015201718021510427
1 0.911589019152583 0.5210795255465337 0.015214258310746256 0.01807485395242832
1 0.4375481897470903 0.5034771099982546 0.012162656200175431 0.015673730165445463
1 0.5036858539192044 0.5061542372739772 0.01337899967115756 0.017055949953584844
1 0.02890896310611647 0.08872144578130943 0.009066017306580836 0.01059036398016873
1 0.7390609274105151 0.08618217816321862 0.009188282246492421 0.011532256966967311
1 0.05793015810908104 0.08824183199688666 0.008583302400550056 0.01019550493501663
1 0.08831728721151547 0.08881181294673468 0.00829093310297751 0.00998883977446474
1 0.6752534983109455 0.08640919724900191 0.010354956802056793 0.011445868230208585
1 0.8066842215401786 0.08628092844619116 0.009570686184630053 0.010239338693717391
1 0.3739747806471221 0.5025720174766214 0.014898806202168366 0.01722489108517393
1 0.5456591236348055 0.08673351022869231 0.01094927106584824 0.011159634496326301
1 0.5132164468570631 0.08675326028528683 0.009317436996771426 0.010136183721864056
0 0.408218967671297 0.07809541802988011 0.01576248480349172 0.030030671485641838
1 0.11892254498540139 0.08952768145491659 0.008480227723413595 0.010315497185333644
0 0.6009256401840521 0.044416811630515744 0.009412025918765906 0.01747737921875983
1 0.18698552190041057 0.09114139606108917 0.028723930825992516 0.011756256709566175
1 0.8721568827726404 0.086290910039542 0.008505684988839446 0.010204527442885343
1 0.14724376250286492 0.08993664260882411 0.008410064541563716 0.01056528567089585
1 0.5755152021135603 0.0850610427563195 0.008203000438456681 0.010024503545725323
1 0.5690957672741949 0.5088897621990549 0.015014492735570827 0.015312403590482613
0 0.9567934931540977 0.07945646689404418 0.02013039102359693 0.028927865267956338
1 0.6083732916384327 0.08537821587742091 0.009173179159359094 0.010078425462830484
1 0.6421066206328723 0.08535228504771947 0.008748813551299401 0.010911124791406894
1 0.13444608571578046 0.4922505526482879 0.014090966205207686 0.01595506190686359
1 0.8393883218570632 0.08533598059452366 0.009378861407844405 0.010659347091511421
1 0.33029610770089285 0.08932190433647776 0.00795924906827966 0.009890160534861232
1 0.9066740542042012 0.08722811416398359 0.008821915607063061 0.009250272909872941
0 0.9024064978774714 0.48237289574637865 0.012951597875478293 0.021805909607933403
0 0.3558926095767897 0.13455202045582063 0.022495114073461404 0.01604123751351522
1 0.301200127115055 0.0912595056621265 0.008823005520567646 0.010325656387107059
0 0.11531635206572864 0.00681192239751054 0.0080532151825574 0.01299951566785364
0 0.9797673128089126 0.045350889846719374 0.009600580955038174 0.014424077303943926
0 0.16052053412612605 0.4816909504469157 0.04371748165208465 0.031379003586746904
