0 0.4533112584328165 0.5045520672152745 0.01670183454241074 0.03249651578182465
1 0.4379388458874761 0.5050663501637912 0.011716881576849457 0.01599413575983837
1 0.1333926940450863 0.48934402633391894 0.01575510842459541 0.01911791269674693
1 0.193808380438357 0.4926439908260591 0.016414720184948963 0.02112460369879199
1 0.8414723921795281 0.5157286810768025 0.01588657924107148 0.01756135248097102
1 0.6398653302873885 0.08566061326937476 0.009182988380899234 0.011379016419937247
1 0.5436276805644132 0.0862997904606726 0.009452664122289484 0.010933290322548934
1 0.703547730737803 0.5140364280261507 0.014066112284757673 0.016665921857527924
1 0.252817659961934 0.4937657656232797 0.014307372424067271 0.016723609073192428
1 0.7719246222048389 0.5153119406739846 0.01520865304129463 0.01816181103613937
1 0.019904850697030827 0.4819494062235014 0.01461598094628782 0.01748604650978328
1 0.5023858206612722 0.5068155799964171 0.013146848094706681 0.016646598061147662
1 0.6355160304478237 0.5124491770749473 0.014041822783800992 0.016603545779506353
1 0.07751578700785736 0.4855963465300573 0.016416569145358335 0.018848374154590255
1 0.3738242947325415 0.5030889290297927 0.01515976263552297 0.018010630746811578
1 0.31322671929184276 0.49842450559177437 0.012390409197126123 0.016540317181056266
0 0.7758882483657527 0.12158536234615029 0.012254520338408776 0.020360958524927246
1 0.18555183799899355 0.08840778930697576 0.026837407326211732 0.011291846206119036
1 0.5747760072046396 0.08680870963482644 0.010222143056441335 0.011132566972720146
1 0.14582213576959105 0.08886058421958405 0.009234097539162144 0.010704388587485956
1 0.568732281120456 0.5088364086289021 0.013360393290617048 0.015465146833929286
1 0.6728461129324778 0.08622206901493737 0.009988901566485965 0.012326734962997507
1 0.6068690942258251 0.08660144060563767 0.008913779745296502 0.011135408707481946
1 0.08665625903071189 0.08994900415503794 0.009492796294543202 0.011326444326843947
1 0.5118542106784121 0.08724115062220335 0.008718996631855819 0.00996674528669174
1 0.11724254063197544 0.08887774119320843 0.00879712007483657 0.010837239687600086
0 0.4035028730119978 0.07989096813912339 0.018347292530293366 0.03345361204959887
0 0.28044025265440653 0.4662532973968067 0.013589664381377526 0.022176755994348374
1 0.8703900551309393 0.08486535379628506 0.008412730937101423 0.010851874621623372
1 0.47992737439213967 0.08885252079719745 0.008362049959143806 0.010925475551953981
1 0.02816716018988162 0.09134742183131968 0.010050267589335542 0.011021881403748044
0 0.4032488572543376 0.0475324034400709 0.006595557600990251 0.014714898576987743
1 0.05702622082768654 0.09085335072129623 0.008793986573511239 0.011241831674311347
0 0.8192176040338011 0.07893344561113491 0.011632179727359748 0.02011479325118631
1 0.7718280091577647 0.08521566864904594 0.008553174077248128 0.010579849561550064
0 0.8990209094483624 0.500307470207764 0.05010362384331269 0.03372877173563731
1 0.9071255897989079 0.51637830164335 0.0247745124661192 0.016274330807351786
1 0.7061140099350287 0.08603913233964651 0.010441371372767778 0.010476197286113424
1 0.7381021927814094 0.08520586466411774 0.009428686025191335 0.011269041284655591
0 0.06175294700933963 0.006847444082033039 0.008581764843999123 0.013342228880126707
1 0.2987476271025989 0.09052658674537378 0.008799650231186238 0.010068408347795136
0 0.9607951884367029 0.07697520618677858 0.03299479581871819 0.02839248243883324
1 0.8382160420320471 0.08632728424449303 0.006830955038265251 0.008044524850441253
0 0.7267811055086096 0.0811411183042082 0.008963448660714352 0.011715477815734348
1 0.0019562314359509213 0.09220566125106777 0.003912462871901843 0.010306687807572056
0 0.964950872927296 0.07738739981397767 0.02709556112484057 0.015987599769886226
0 0.912082844515277 0.46324351257086677 0.014387852225690003 0.021546209887017054
