1 0.020492692382968202 0.4815571757830039 0.014422309641935386 0.017595737471588813
1 0.19417704368124206 0.48948064273259245 0.01442874207788583 0.016745774604334424
1 0.1337416512625558 0.4876871528810516 0.015753376240632975 0.018653431149930698
1 0.18599821596729513 0.09172679342201996 0.030142336475605866 0.011827868425563538
1 0.8040498227489238 0.08374720221088584 0.009143907196667758 0.011038860768949792
1 0.6392568082225566 0.08488069916399879 0.009310586111886227 0.012233810236286658
1 0.9122013948401626 0.5324228781952103 0.01564430703922193 0.018547150269839385
1 0.5734936461156728 0.08629417803451804 0.009735340974768806 0.011392514660055789
1 0.6345639910016742 0.5144677323196228 0.013843692078882391 0.016713805088264196
1 0.772025439204002 0.5233708873283419 0.01609397421077807 0.018916859962349555
1 0.5028257564622529 0.5060382234523267 0.014149101413026197 0.01793930320429037
1 0.3746395500338808 0.5014566365826149 0.01404571533203125 0.01720840902355549
1 0.7039808935048628 0.5182802747194226 0.015075994997608439 0.01667785714352735
1 0.8373869292590084 0.08317601352376405 0.009461850536112931 0.011479613830504961
1 0.8420973797233737 0.5272196618463546 0.016748233717315025 0.019019730760726734
1 0.3133114989922971 0.49712981123429834 0.014397718468490925 0.01671721516997833
1 0.5427942859883211 0.08768492302694292 0.009237639758051646 0.010536726236539756
0 0.11043293622075297 0.008905996743480884 0.007791480239556769 0.012399980676482908
1 0.07771117833195901 0.48455371404595293 0.014475306686089961 0.017189937747603738
0 0.45172858724788745 0.5012596333202531 0.01846671590999682 0.035752433385156934
1 0.6715502836266343 0.08392488167686739 0.010046355578364146 0.011620563874690234
1 0.437590384969906 0.5029881895324869 0.01085989815848213 0.014644880094935787
1 0.5679440790293169 0.5103727214845001 0.013762493522799775 0.01611320444635779
1 0.028108859548763358 0.08900128561197768 0.00923616058972417 0.010831129957862222
1 0.05730919935265367 0.08829301874428358 0.008614423323650741 0.010737850014306145
1 0.6062608057138872 0.08571272358056926 0.008826586664939464 0.011389033534972596
1 0.7038919877032844 0.08298387673218187 0.009521172971141561 0.011378732246461059
1 0.5113144699408084 0.08814311723559863 0.008380812041613585 0.009614228089490464
1 0.14584911112882654 0.09010423391640127 0.008895017662826863 0.010882281183574623
1 0.08733718249262595 0.08846110735544405 0.009515392537019695 0.01064449902738102
1 0.7714284780074139 0.0822808670737971 0.009203852439413266 0.010940394659453434
1 0.11679220199584961 0.08932840480474537 0.009114070814483018 0.010633842522024265
0 0.40142331804547987 0.08519648693940379 0.014001340282206634 0.029101069001688056
1 0.737711069535236 0.08254884266183482 0.010367880062181138 0.011457448299362922
1 0.25460280204305846 0.49303217179452097 0.01389803205217632 0.016415565025013287
0 0.5612898067552217 0.042708680386882344 0.007674548090720622 0.012425343159231966
0 0.954703199480965 0.07638456066424028 0.011720837954780638 0.02268763024344687
1 0.8702171481385524 0.08310752771600469 0.00852686045121164 0.01051939165449277
0 0.24494941867127712 0.476148217837394 0.03219861400370692 0.029997210058821607
1 0.3289350392867108 0.09216839900400366 0.006705926389110311 0.008816340011746103
1 0.4792154273208307 0.08937785098960069 0.007571162009725767 0.00929602483953792
0 0.40480753840232386 0.13699672934971255 0.016272408621651805 0.012745535623517764
1 0.2259754648013991 0.48755764081928243 0.017601402438416777 0.01971865542539139
1 0.2986758942934242 0.09171088441450936 0.008157378675306963 0.008337353128591764
0 0.9703452071873125 0.07774308140133017 0.012600012600012485 0.015129233916111417
