1 0.31491624092569154 0.4957833973041576 0.012635717586595154 0.014840959793499973
1 0.19434806278773717 0.4894755276100212 0.015311143836196599 0.0186362386546218
1 0.8696063294702647 0.08441422840284933 0.009277966557716878 0.011697006539782652
1 0.8038762929488201 0.0841931414383813 0.008682873784279378 0.009799722326066955
1 0.13467066628592356 0.48539074702004104 0.015210210060586734 0.01779835316010515
1 0.18420737130301337 0.08952022190116686 0.028467489748584977 0.011904808394239273
0 0.4055626538335061 0.08479189495269253 0.019197580765704717 0.03472344122790915
1 0.07791071521992586 0.4814775361663045 0.014410349787498012 0.016690360776479344
1 0.021246591392828498 0.4786703284818605 0.015533656490092378 0.019033371087583354
1 0.737498224998007 0.08430162466291302 0.010030629683514035 0.012404953712316053
1 0.25373416044274155 0.492817620820005 0.01594629093092314 0.018698046385690975
1 0.7711208888462612 0.08360667842691484 0.008829700703523671 0.010403733049687516
1 0.773594603246572 0.5235870012569768 0.017229196976642307 0.018221771639613377
1 0.5031106909927058 0.508919955630899 0.01382111529914708 0.01714347538424829
1 0.70395784961934 0.0837690835685517 0.009712063536352077 0.010822320580100644
0 0.4528527551767778 0.5021808526866596 0.01811436244419639 0.03324559706503508
1 0.3754535597197864 0.5001619422251388 0.012851637236926039 0.015281428681578953
1 0.43833284961933994 0.5036290717646419 0.011083486128826535 0.01409713571959884
1 0.0858205678511639 0.08984020123534554 0.009532052643445067 0.011239558286501925
1 0.8437844879773198 0.5270413429900517 0.017768237055564372 0.019108961232247295
1 0.9129766347456951 0.532173089709648 0.016735777562978293 0.020014622100832876
1 0.6714698635801978 0.084982078051626 0.009903109803491673 0.010799657745375288
1 0.5739686927016902 0.08797971748679513 0.009381975446428612 0.010864946601527647
1 0.8368070952746334 0.08445671233753824 0.009150913783482222 0.010819478845338857
1 0.5695919114716199 0.5138180407097064 0.01391710553850449 0.01555366687175939
1 0.11681068186857263 0.0890540708351781 0.009745617302096604 0.011523660719312864
1 0.0566023028626734 0.09024894925914594 0.00946251226931202 0.011449491442029879
1 0.7038764175103636 0.5208783307253982 0.01355416434151787 0.014844938222166504
1 0.02711494844786975 0.0902122908807187 0.01000320181554678 0.011082197224067239
0 0.07087696815023617 0.05373123670263632 0.008280793014837773 0.014288242382329891
0 0.4985033541309591 0.08499905741682776 0.014049218625438436 0.025824406734594685
1 0.14575002631362605 0.08781763204031898 0.008816699592434623 0.0108216101464102
1 0.5427937021060866 0.08962220465743095 0.00870685188137762 0.010121548787840792
1 0.9376676909777584 0.08502541450674345 0.009926465092873128 0.011095979637661981
1 0.3288356917245047 0.09155234642932998 0.008245059422084276 0.009839506612732158
0 0.7262791224888393 0.0069514160526303916 0.009697738958864801 0.013696593204923157
0 0.6397271058997329 0.07932848226470962 0.008315962188097867 0.014866109146141901
1 0.9740479138432717 0.0858051510036968 0.014830453055245696 0.011282681611512232
1 0.2988480743096799 0.09118423521262331 0.007726046503806605 0.010277417939525507
1 0.6062345699388154 0.08744362422398158 0.010653748804209207 0.009465463274710238
0 0.6469116284401338 0.5033820964979371 0.046736206422877756 0.025721308794549966
1 0.3602257942666813 0.09256432369969143 0.00854943723094709 0.010805554345006026
1 0.6384003308354592 0.5182962594774578 0.022421544911910087 0.014157522583287105
