1 0.1894532417764469 0.4897933045997595 0.014661594313018174 0.017019291575157712
1 0.49989264351981033 0.5100794544570824 0.014352058877750373 0.017482636428069145
1 0.5656180089833784 0.5138279867813726 0.01447732107979912 0.01746956444816484
1 0.01610442813561887 0.4816660142243809 0.014564480100359234 0.01797610366945564
1 0.7701328822544643 0.5227795933677803 0.014919047452965475 0.017236258024221126
1 0.6319004759496573 0.5166127447611983 0.014273818658322699 0.017570730205684993
1 0.08529277723662708 0.09299172060786615 0.009115530520069364 0.010595408059370934
1 0.8401462788484534 0.5271972121417364 0.01649506238042094 0.02039484621196173
1 0.12956785669132154 0.48747430694739263 0.015682804341218912 0.019505667404994508
0 0.4496413250358737 0.5055899397936529 0.018280496402662706 0.031438964190220825
1 0.8091532648826132 0.08909143964729578 0.00950155452806119 0.01155449354147839
1 0.14431661489058514 0.09467338819653028 0.008246869457011322 0.01125540095779895
1 0.31019312021683676 0.49816235555999827 0.013609477451869433 0.01756675177701838
1 0.07274481714988242 0.4852085918218097 0.014817335167709663 0.01729991288288547
1 0.4833664796790298 0.08781770308368801 0.00799233572823662 0.011084044351662416
1 0.7433977710957431 0.08953929704575544 0.010230862364477077 0.010928459373453868
1 0.24973281548947707 0.4929173657101443 0.013298112518933336 0.01569973203851585
1 0.9089447332888233 0.53219973097304 0.015254429408482036 0.018668066083953973
1 0.5780843617964764 0.08882818844329955 0.009416852678571482 0.010670785073927668
1 0.11557797023228238 0.09408870126928993 0.00910457299680125 0.011454322391124944
1 0.3707240357690928 0.5020815340567346 0.013959300761320173 0.017618187176207008
1 0.701025203782685 0.5197083885239652 0.01507101253587369 0.0168544709589733
1 0.7764819398218272 0.0893864117155706 0.00951852603834506 0.010270810906204336
1 0.4522887249382174 0.08877085644448024 0.008943985919563155 0.010655865966428216
1 0.05509964300661671 0.09304748965256647 0.00854377357327208 0.00969244683880901
1 0.4212497010522959 0.08941717349436709 0.008697665467554266 0.010009158178011604
1 0.43457875932965956 0.5058246670849775 0.011235373360770023 0.01547551916580983
1 0.025940673691885813 0.09219081318693736 0.008290285966834243 0.01065813935423765
1 0.5146999359130859 0.08792071596880327 0.007738697285554828 0.008663880941775533
1 0.547440665108817 0.0881367588540691 0.00943164436184637 0.011378874333199158
1 0.3593432368064413 0.09020113707177865 0.008720709353077189 0.010271308209787642
1 0.6103496162258849 0.09015993191773254 0.008367421675701535 0.010299867644143736
1 0.8756305928132971 0.08640244812894263 0.008717906718351423 0.0096867633692854
0 0.9602941396285076 0.0798179000340606 0.020436189612563622 0.030702031323117062
1 0.8427910318180005 0.08743136924282133 0.009114790935905595 0.010678102540939295
1 0.300550110486089 0.09277585533102291 0.010925370819714633 0.011540995301359838
0 0.6984363478057238 0.021957800330951644 0.008968431122449008 0.014690347851124582
0 0.5481164504070671 0.05654878119727639 0.00992117122727994 0.01265047959573556
0 0.10527781077793667 0.042973494544997576 0.007326904608278864 0.01120808607401498
0 0.29764214340521367 0.014528368969701987 0.006843917223871959 0.01158106376150122
1 0.18383419270418128 0.0943284371181323 0.026304984579280946 0.01351251983572757
1 0.3892487506477201 0.09009641914580631 0.009042545240752573 0.01041708920306798
1 0.32772908891950336 0.09142194632544788 0.007670889095384262 0.00980753709666191
1 0.643285945970185 0.09127964645725076 0.008992642772440962 0.01108773860685276
1 0.7091959739217952 0.08905812030721368 0.00922284807477676 0.011736648739709756
1 0.677166763617068 0.0894590180387346 0.009026196538185628 0.013180676258918386
0 0.6790101966079402 0.08755264027378114 0.008969676737882579 0.014872076789141677
1 0.0027108235018593924 0.0033089159566398025 0.005248618369199791 0.006617831913279605
