1 0.31474847209696866 0.4996745847134901 0.01227308779346702 0.016393257407133235
1 0.2543216627471301 0.4956840786742326 0.014057392976721931 0.01798676017481247
1 0.7733641643913425 0.5231753759767301 0.015050148477359748 0.018167636592401067
0 0.9707457873286033 0.051032121504194256 0.007118692203443863 0.013958672193330156
1 0.02222267036535302 0.48401193731361575 0.015086250645773751 0.018937746712848785
1 0.8425028275470344 0.5261643125991912 0.01660343092315045 0.01993448518055009
1 0.13541285845698142 0.49071644213713017 0.0162955498208805 0.019860742163481406
1 0.19523295577691527 0.49453417070287026 0.01574489048549109 0.019816553187935383
1 0.7041948279555964 0.519840813363865 0.014733450753348148 0.0170347790296095
1 0.9126169632892219 0.5287384269897987 0.015454662089445173 0.017983350093098337
1 0.07852179663521903 0.4857296238903857 0.014062453289421243 0.016284276879018157
1 0.636284536244918 0.5171462804627264 0.013964828179807074 0.017366551563049604
1 0.8354451704998406 0.08884861341189998 0.010050248126594311 0.01231941749598588
1 0.4386599793726084 0.5068924489217238 0.011589984504543975 0.01463180811503148
1 0.8681579901247608 0.08759402303624984 0.00980361627072717 0.011691465156997143
0 0.4040503599205796 0.0833437469180793 0.017430052465322043 0.0322679692636069
1 0.9368642690230389 0.08487657864859417 0.010475781499122943 0.010749856343674749
1 0.5692112981056681 0.5144257456885172 0.014716634944993638 0.017287409249933473
1 0.769346587511958 0.08742568577329773 0.009441764987244854 0.010750140517150926
1 0.37524779962033644 0.5035572469185373 0.013774793975207289 0.01608109284354942
0 0.43662098475864963 0.03249559221802707 0.008904281927614801 0.012456886415087949
1 0.6057547744439573 0.08653600966274722 0.008588051309390998 0.01018165147805286
1 0.801876145966199 0.08878510063997375 0.008610939492984656 0.010122614438376466
1 0.5041159415731624 0.5126720401236414 0.01568494524274551 0.017785423266938986
1 0.735788462113361 0.08664967905321921 0.009603072185905595 0.010752840165174636
1 0.6379378182547434 0.08552960929685578 0.008853834502550992 0.0103770207429266
0 0.6634251341527823 0.012920160224630377 0.009571153290417758 0.015947815483221033
1 0.05583915418508102 0.0900054481117442 0.00894953280079122 0.011156579631457364
1 0.5732852780089087 0.08889532442704706 0.008609693877550992 0.009827713413470683
0 0.056611625515684785 0.03757608114685746 0.007001837905572382 0.011676403962759607
1 0.18504726643465003 0.0913346695465761 0.028927627874880426 0.011568844302025478
1 0.11559758867536273 0.09049689061711297 0.009238690746073822 0.011462279248457977
1 0.7037988000986528 0.08561027904240638 0.01011221749441963 0.010517970787111882
1 0.9700488654934629 0.08393994287110493 0.008890891561702658 0.011525365760169942
0 0.45359101587412315 0.5059960236911141 0.01593749377192281 0.03304965945320904
1 0.14399913865692762 0.09000047507591105 0.00770276906538983 0.010005392879452221
1 0.08558387902318215 0.08995831083638284 0.00871351300453653 0.00978934999418639
0 0.09196310627217195 0.08727002975172014 0.007973456869319984 0.012417386301898934
0 0.5236968994140625 0.08124945944200182 0.006991016621492328 0.012780560004456962
1 0.902618408203125 0.08659781739381638 0.009854063695790793 0.01047662354632769
1 0.026354882181907187 0.09166832472929592 0.009893290850580952 0.01115821362894539
0 0.4970434539172114 0.08584156073033238 0.012643775161431793 0.020716672673735528
1 0.3399772644042969 0.030531740367516207 0.005784793775908776 0.00819172671110248
1 0.66983818521305 0.08588184232058088 0.009224405094068862 0.010141583017911479
1 0.32830849472357304 0.09133424328636183 0.008373961156728293 0.010233442094086666
1 0.5418277662627551 0.08925071888069466 0.007897824657206681 0.008760144706831507
0 0.4089663717961605 0.4926077202305424 0.0426157656048369 0.039024045661809496
0 0.22480597480597475 0.0789291052743967 0.009506259506259532 0.011121788027617622
1 0.29741221277969604 0.08885548686501475 0.006749004521833015 0.009321495034639346
