1 0.31480131343919404 0.49901587059570496 0.01192762413803415 0.015168043464583173
1 0.07845270390413245 0.4870151536532549 0.015342634551379151 0.01855439669348199
1 0.195302457225566 0.4922778333020012 0.014717452380121959 0.017806594190914328
1 0.8427288288972815 0.5252463612277608 0.016579297124123128 0.0196667937659885
0 0.4049375105877312 0.08184473183122985 0.01927800081214128 0.0315698260760017
1 0.9364606117715641 0.08632053512443374 0.010742654605787612 0.012175199456824541
1 0.3754537932726802 0.5024681520710775 0.01183412512954402 0.013719042909541432
1 0.7730531497877471 0.5228136941849221 0.01601441052495219 0.019378926034618223
1 0.6359850046586017 0.5170000732092318 0.013300837302694516 0.016313830920540822
1 0.25424922242456555 0.49517881823358456 0.014270081812021707 0.016559498890698385
1 0.13482132736517458 0.48854791434040074 0.014305426149952189 0.01800579979771653
1 0.8021564872897402 0.08725269516967316 0.009201984016262817 0.01080640686543457
1 0.9126062198561065 0.5293266660854912 0.015777899294483345 0.01961166411160962
1 0.02195517384276098 0.4852996694209254 0.015383778786172671 0.019542325783421723
1 0.6055791815932917 0.08698003071927846 0.00918252127511162 0.011086886086424216
1 0.8355107988630023 0.0893496112504053 0.010479362643494947 0.012630516409033926
1 0.7040433299784759 0.5189452406536837 0.015390824298469405 0.016263248041780785
1 0.5733310154506138 0.08906543777422532 0.009206499372209768 0.011046888669651884
1 0.7028550128547513 0.08530617790120927 0.009557607222576535 0.011302715841582918
1 0.11550628895662268 0.08963026807981757 0.008890541232362088 0.010933645539394162
0 0.9721840838996731 0.05356854738752328 0.006780663315130801 0.012759104907005362
1 0.6374110397027464 0.08618455811608162 0.009471114800900824 0.011664468676760048
1 0.14451721736363002 0.08969548589260087 0.008278554799605398 0.010423767279758212
0 0.429198440240354 0.029430568147318748 0.008583535953443862 0.015650427940398674
1 0.026322136119920382 0.09171024031703248 0.009525532625159438 0.011029625130973948
1 0.5697279560322666 0.5136979063726512 0.012743424396125655 0.014811263665239167
1 0.8679082442303093 0.08964557792584675 0.010337362484056138 0.012074104742673512
0 0.053362525239282727 0.035552375257926185 0.008680791270976158 0.014169599956024749
1 0.18405244788345027 0.09056360034064621 0.02700213996731505 0.012835263398621597
1 0.6700302435427296 0.08592830468393631 0.010311515963807447 0.01078566220167343
1 0.7702566652881856 0.087223247693204 0.009264576191804827 0.010224135412741772
1 0.7355977272500798 0.0863269290276478 0.009590927435427301 0.010130926512554735
1 0.9702069029516104 0.08534077602193418 0.009386023696587949 0.011883637470263865
1 0.05558412902209224 0.09083388483817792 0.009019151025888876 0.01085507157323039
1 0.08481971585020727 0.08918301454999479 0.00889223449084224 0.010477049806541957
0 0.6650652204241071 0.016728972847555305 0.007322661730707896 0.01182815259903972
1 0.902086841816805 0.08967456362041712 0.009155584841358345 0.012629095541653016
0 0.4833523501747514 0.0790116133871867 0.009114636125571174 0.0184084427102991
0 0.5289036887032644 0.08205697389625179 0.00775006352638707 0.012656589325473437
0 0.41018038379902744 0.48744901550801273 0.02294937445192922 0.032992824757973056
0 0.09166557934819436 0.08653892244087807 0.009031373627331786 0.01275043761598188
1 0.5037785744180485 0.5098610671406381 0.014417531538982785 0.015643749863708374
0 0.4540894177495217 0.5052077264681907 0.016338426239636415 0.029762624854235125
1 0.4396096443643375 0.508200002128997 0.011461219009088043 0.015994419933314567
0 0.4965024637155785 0.08233477909284716 0.015574441803949936 0.024504398539537852
