1 0.3150630678449358 0.4944239113941125 0.012412479945591505 0.0152274357211047
1 0.43907691021354833 0.49985581634792386 0.011762502242107785 0.014167042394739137
1 0.18346531537114358 0.09354635619000043 0.02755332479671557 0.013144870400919703
1 0.6381653766242825 0.08486421710238035 0.008958933304767215 0.011236503421632986
1 0.25371493125448424 0.4902569336261472 0.015165251128527601 0.016868537546044178
0 0.9553312963368941 0.05851419600190626 0.008413509446747567 0.014982833401482829
1 0.7734016885562819 0.5138338123376344 0.014726599868462949 0.016935176226208482
1 0.19473352237623565 0.48759380189412643 0.01543305844676738 0.01810128208571296
0 0.40629161134058117 0.08464362744149563 0.019248261743662332 0.030176878739136433
1 0.13473094239526867 0.4851276023810983 0.014833761721241229 0.01893987801392015
1 0.021647363292927647 0.48356820043056065 0.015249889724108638 0.019863441811505168
1 0.8432544007593272 0.5155507884807138 0.016775325852997475 0.01867303911978716
1 0.7028062781509089 0.083581671161011 0.009025418028539577 0.010797881661149172
1 0.3753709598463409 0.49789580083934154 0.014136956662547811 0.016428352831441395
1 0.7046961881676499 0.5119472556726445 0.014863928970025449 0.0170461459686567
1 0.9130934890435667 0.5194556162169031 0.015301762794961826 0.016783285503190238
1 0.6046539618044483 0.08551703462053482 0.009234603570432074 0.010941673440096233
1 0.6368733620157048 0.5106092959034201 0.01454271589006699 0.017302754617647204
1 0.11617425996430067 0.09250372370589606 0.009117729809819423 0.011025078355355072
1 0.07868462192768953 0.48491333558005867 0.016052070929079645 0.01967730818460727
1 0.3281264402428452 0.09323355223609531 0.007554969009088043 0.009244873613825519
1 0.8352223610391423 0.0812994739738095 0.009276409538424775 0.011691323070259054
1 0.14504891025776764 0.09263167281354609 0.009832557366818815 0.010794684709542144
1 0.08553454340720663 0.09217294577962255 0.00866899684983857 0.010363664589546146
0 0.021779663708745216 0.039269009109515224 0.008160620319600007 0.013376613870744491
0 0.4957285511250399 0.08439021574411212 0.014100522411112837 0.022479969093432372
1 0.29870959690638954 0.09378360552092621 0.009116425806162285 0.010323951346249981
1 0.7363317839953364 0.08286086513868045 0.009939388352997474 0.011381076677639552
1 0.9705394044214366 0.0813138247343566 0.010496022749920285 0.011838240757444114
1 0.7690540235869738 0.0823190884063433 0.008974347795758888 0.010957729241500408
1 0.936006195691167 0.08090774083689539 0.009615216936383982 0.010504898807207596
1 0.8680365426199778 0.08071393452614063 0.008589141222895396 0.010259941270740444
1 0.6699390022122129 0.0845485358920289 0.009049240423708551 0.00949565670655436
1 0.05566847567655603 0.09135594703560507 0.0088107342622718 0.010416165639270397
1 0.027210109087885643 0.09243616146193426 0.009582714158661514 0.011133206363041551
1 0.5707500613465601 0.5080527292249667 0.01621612237424261 0.015515587625951349
0 0.017277446328377237 0.10017122139681549 0.00806839855349794 0.01654017509431823
0 0.5748102616290657 0.08065305035886906 0.008789996711575225 0.015088474891252746
1 0.9020238603864399 0.08237322345355559 0.009612102897799589 0.011202047387646154
0 0.00945135646936845 0.053885400813463956 0.0073060089228104575 0.011730112749757623
0 0.4528006728814573 0.49805614572327606 0.015555245535714352 0.03191921736496504
1 0.8020718632912149 0.0812257309567408 0.008632893465003181 0.010007737310630704
1 0.3591027551767778 0.09405222049928534 0.006959876235650496 0.010264345959621233
0 0.5014924808424346 0.4902572888429924 0.041231116470025544 0.03609017356159679
0 0.5285948928521604 0.07702010559601503 0.008296888701769742 0.01557128562728254
0 0.37537718792350927 0.03644006215414342 0.007094324851522642 0.011094700857019165
1 0.5398374285016743 0.08787659803662633 0.010508478904257016 0.009851441898731711
1 0.5048944272051843 0.5079830156206266 0.014030691321527988 0.014292605363300107
