1 0.31461684557856345 0.49347484302704037 0.01264969183474172 0.01535133535671925
1 0.19459880128198742 0.48918929387613896 0.014705424406090569 0.017133671399320146
1 0.14522731547452966 0.08757739888789332 0.008063219031509075 0.010117073055590954
1 0.8685943447813697 0.08471140281556455 0.009419188207509543 0.012439693919779051
1 0.6387586788255342 0.0858262864059877 0.008805099798708551 0.01112659932972037
1 0.2536804432771644 0.49100743577673844 0.014142561931999345 0.017017444447562546
1 0.8029911274812659 0.08482478803256036 0.008867224868463043 0.010173623577350776
1 0.6362657352369658 0.5123384204626062 0.013989506935586734 0.01702881138660966
0 0.4514734696368782 0.49690275662683053 0.01869528634207588 0.0380431557766438
1 0.5040505856883769 0.5070941410464426 0.015445787079480258 0.01888361166563656
1 0.02264216238138627 0.48758939720524563 0.015747683388846266 0.017520147326924876
1 0.772947661730708 0.5183869818597282 0.015378990951849457 0.019426667178616436
1 0.7035810509506537 0.5156400899956033 0.016528382593271707 0.019039196643845055
1 0.9119874603894292 0.5246378747718904 0.01477984992825262 0.017046714315609012
1 0.7373300669144611 0.08519591859245144 0.01038360595703125 0.011890528677061236
1 0.5736512164680325 0.08743815388456512 0.009411247409119947 0.010646133024869046
1 0.8362274948431522 0.08517147967349996 0.009572710309709862 0.011002912824213031
1 0.9371305193219868 0.08252490104646666 0.009783063616071296 0.011326302240105859
1 0.8427221337143255 0.5217829969868172 0.016809268873565025 0.020591636344216287
1 0.7045140947614398 0.08618228472827218 0.009568817761479604 0.01193983277517846
1 0.6058687093306561 0.0861458394799521 0.008519386758609656 0.011168728047564054
1 0.1861260083256936 0.08914081478878205 0.030520302908761156 0.011128801674160773
1 0.026665797038954133 0.08888644400591644 0.008800842324081733 0.010966183402416767
1 0.07863383390465561 0.487522190178129 0.013399805341448108 0.015281570768317095
0 0.4983481582330198 0.0862671105109119 0.01637813023158486 0.02407915533063527
1 0.5422608122533682 0.08976276396308648 0.008363684829400543 0.010738702534734688
1 0.08599898523213913 0.08868233640665016 0.008955152667298611 0.010481667625529883
1 0.13531336492421675 0.48957150720160103 0.015033566221898905 0.01817260962823417
1 0.3752698703688018 0.4962758699383775 0.01313034369021047 0.01328084740927179
1 0.43807115360182164 0.5030487184829133 0.01144261262854753 0.016150999518689802
1 0.11662076444041972 0.0873473249372411 0.008877987764319587 0.010680020711903512
1 0.5694582413653938 0.5093657527716564 0.015470777239118263 0.01607611980771632
1 0.0565377157561633 0.08920649438346415 0.009166055796097737 0.011288151950928693
1 0.6712071944256218 0.08667244845299814 0.009782129404496165 0.0103464010508682
0 0.40621874283771126 0.08423963932342125 0.019603573546117702 0.031122394937756318
1 0.7701633219816247 0.08455105793163 0.008675244389748128 0.01039080315652133
0 0.8608381310287786 0.0456763395203145 0.007294323979591878 0.012194736383311911
0 0.967032763422752 0.045016311100201954 0.007536596181441429 0.013122136522825307
0 0.7034279181032764 0.027334007283431824 0.007230174784757672 0.012823043939145863
0 0.17408468285385445 0.04030709481800073 0.008438382829938623 0.011313940693892027
0 0.12970206202292928 0.34427716099922445 0.014479578757772641 0.027833939471401482
0 0.06016526416856415 0.47586184201677356 0.03737366929346202 0.03868822956757243
1 0.9714663758569835 0.08198063779621294 0.0088653564453125 0.01172918918596004
0 0.5562689644949778 0.020337869429987613 0.006950689821827189 0.010962702277333562
0 0.35332088081204166 0.08459940294426511 0.009296183683434319 0.02032302136585721
1 0.32856910082758695 0.09193281919225046 0.007933791802853949 0.00982117742351855
1 0.9024405965999682 0.08409055481348032 0.008939781967474551 0.00975766465159232
0 0.8874195050665639 0.04717312934142266 0.015657368598544982 0.013189132155104194
0 0.20697762459776192 0.09586527246171585 0.006934331877123642 0.015392351027695983
