1 0.1950609246078803 0.4965476818683436 0.014453810088488514 0.018430354971129385
1 0.7042739245356345 0.5160974672055151 0.015084714305644181 0.017601420941112368
0 0.45225805165816324 0.503013623058605 0.018800852250079717 0.03702041543587203
1 0.8434614843251753 0.521429058922235 0.01698163090919957 0.02070217982645033
1 0.25421714782714844 0.4989978255799675 0.015124496148557074 0.017923105316148127
1 0.7688773797482861 0.08407442796870711 0.009234370017538266 0.012372984196245815
1 0.7735501503457829 0.5192548476559818 0.016086189114317646 0.019438886638092144
1 0.18365801597128112 0.09242536286983942 0.02645461413325096 0.012009242146735419
1 0.6358460406867825 0.513602921388238 0.013377364800900824 0.01694611690504134
1 0.6054476913140745 0.08607941392989503 0.008690036073022923 0.010714334659152254
1 0.5037522607920122 0.5076780464966234 0.015280665183553891 0.016639493724243195
1 0.912599836077009 0.524282018536344 0.01594434465680801 0.017890709539863645
1 0.735558490363919 0.08545330871850146 0.009749899105149794 0.012232815629120026
1 0.6699146348602918 0.08622995482890136 0.009595131387515998 0.010741899486341706
1 0.4380608383490115 0.5041282935189211 0.011016690001195734 0.014622146216841393
1 0.703361666932398 0.08646478868527961 0.010205638651945173 0.012428255937362815
1 0.11650790973585477 0.09298802635267579 0.008891845236019227 0.011304634012547134
1 0.31493696874501753 0.5016816309323804 0.013123804209183665 0.01670925831264535
1 0.375390033332669 0.5033212408465699 0.014226018166055484 0.018228875976517844
1 0.569722117209921 0.5104330373048194 0.013505974594427676 0.015011179705731827
1 0.8025225425253109 0.08326687799277262 0.009451262804926646 0.0109422417870486
1 0.8357182716836735 0.08288292410476893 0.009778081154336734 0.011607065634571692
1 0.14462811606270928 0.09320044602612033 0.008724660289530853 0.010850595840980562
1 0.1347793267697704 0.4929833649999871 0.014981172522720037 0.016897949500828784
1 0.055719210177051774 0.09371767727445246 0.009283396662498005 0.011119139775970654
1 0.08605470706005486 0.09458394459490264 0.009032847929973995 0.011415532711626385
0 0.406269696294045 0.0854882620560716 0.02029403375119578 0.03576877336003725
1 0.6377006842165577 0.08566164339822592 0.00984363166653387 0.011372267299877977
1 0.5728217144401706 0.08820112414642388 0.00939334168726076 0.010918229128311393
0 0.2163000301438935 0.08919466566251816 0.0069834650779256645 0.011511370216468073
1 0.8682761678890307 0.08191620146048911 0.008625575474330278 0.010751632427900865
1 0.9715613540338011 0.0799191013132652 0.010295634367028069 0.011699137840854008
1 0.8688866751534597 0.04732642833143814 0.010030318279655502 0.011272735539845929
1 0.026991046204858895 0.09205913430241246 0.008616282015430687 0.010429592836019888
0 0.8428986218510842 0.04817244829171049 0.007751776247608533 0.014908877254306998
1 0.9369456232810506 0.08080714342632768 0.009594508579799028 0.010756960680579257
0 0.4973117283412389 0.08315093521449118 0.016063300930723803 0.028415287360296675
0 0.1927860415711695 0.03324403411091612 0.00800416907485652 0.01241511291408949
0 0.012224465000386141 0.1492670913993729 0.011646411856826473 0.01780645210417625
0 0.9598475086445712 0.0406518682879761 0.0068761085977359655 0.012097406967720263
1 0.5413619450160435 0.08941234254527203 0.008399496273118638 0.010161617247982174
1 0.07977590755540498 0.49065435023258486 0.017793597007284362 0.0176753060449192
0 0.2976631242401746 0.07727792198227934 0.009470102738360965 0.0204850002472798
0 0.02428911900033756 0.47362347858827286 0.035134777730825 0.032279407246023094
0 0.3387826413524394 0.08288416736372721 0.009346164002710423 0.017839132053936956
1 0.9029189907774632 0.08119660317543234 0.010333469935825972 0.011538579826812317
1 0.021705235753740584 0.4860890322943843 0.02654088273340342 0.022396137917959268
