1 0.25359437903579396 0.4948153603575504 0.01347257653061223 0.016205276652640085
1 0.19437700388382892 0.4936744038506877 0.015192849295479907 0.01780261576224788
1 0.43855924022441006 0.5064828128558103 0.01167406354631699 0.016607950468387138
1 0.8687041924924267 0.08269359352626401 0.008002767757493638 0.01085762913451601
1 0.021031418016978675 0.482533098543575 0.013677316052573071 0.016555804635508136
1 0.8431794302804129 0.5215322138940883 0.016511878188775635 0.018218077384423045
1 0.3143012377680564 0.4995254646818647 0.01290146185427297 0.016533212844151882
1 0.6710094529755262 0.08905130014378536 0.009064654914700225 0.011111467092113789
0 0.5682640075683594 0.01903031622271443 0.008668549206792104 0.014948519454234102
1 0.5696309926558514 0.5105371868838394 0.013903092364875561 0.014886001289474508
1 0.5026667847925304 0.5103690982726788 0.015310014997209768 0.01893263159027754
1 0.7732386686363999 0.5189387046637316 0.015306433852837949 0.017526399143400827
1 0.736723685751156 0.08538762912381936 0.009559319943797811 0.01100610977582006
1 0.9123843446069835 0.5260447466090885 0.015004994917889035 0.017879058427340246
1 0.3748917871591997 0.5030889290297927 0.014085263622050384 0.018284573977849123
1 0.7044944763183594 0.514602217417225 0.015527219188456587 0.01658322737595952
1 0.836136175661671 0.08421409923224957 0.009353014887595622 0.011015132283688774
1 0.13376314786015725 0.4894054078047739 0.015204273924535624 0.016862285729568223
1 0.8027532149334343 0.08474990832158694 0.009206966477997474 0.010678812974629751
1 0.6363798258255939 0.512107600556579 0.014678176568478949 0.01627290993997096
1 0.5737421463946907 0.08906884785593948 0.009091124242665793 0.010430019096234177
1 0.6387747161242427 0.08907190272080841 0.00892172054368619 0.01128978594841672
1 0.7040648168447066 0.08689726519434104 0.00983101981026787 0.011300868713987751
1 0.11621253344477439 0.08768300485597871 0.008165943379304827 0.010212768473694563
1 0.055351909326047305 0.08969577006607705 0.009152042622468902 0.010586527638240298
0 0.49799195114447153 0.08406611589452885 0.01659533442283168 0.02541675988301449
1 0.026590298633186186 0.09194148648327394 0.009121807254090602 0.011303355231904323
1 0.6059117219886001 0.08783851879081819 0.009245891960299683 0.010922917990668359
1 0.08584530499516702 0.08967498988063138 0.009298577600595902 0.010982097117082841
0 0.09108927785133829 0.4723318390956658 0.03286521288813379 0.03492321518166372
1 0.7696922457948023 0.08485494594271997 0.009150290975765344 0.010651035017333162
1 0.18432523766342473 0.09011552981207942 0.029810652440908005 0.012207737319847136
0 0.8795858110700336 0.043330984778032 0.007829471510283683 0.012120140845814665
0 0.4544850174261599 0.5054015327789455 0.017029820656289857 0.03058189698606197
1 0.14433376156553931 0.08897656251955001 0.008241419889488982 0.009633480842501665
0 0.1603901142976722 0.03862201714762244 0.007791597016003672 0.012671863649818113
1 0.937371234504544 0.0825087031583244 0.009606809032206587 0.010467885211935164
0 0.974063016930405 0.04471345321796313 0.0074606136399872755 0.013172719401585348
1 0.07857506129206443 0.48602772186689847 0.015746963267423666 0.015037039492064157
1 0.9729066965531331 0.08381561697527619 0.01036180768694199 0.011237071768585342
1 0.5425598378084144 0.09022461690524801 0.009424326371173465 0.010485788140934494
0 0.33278539229412474 0.0750154038083033 0.010490884586256409 0.015779726872060577
1 0.9035431219606983 0.08326382312790369 0.009952778718909431 0.009783240264448514
1 0.29849877649424034 0.08877103405290285 0.009230594245754958 0.010381070214962158
0 0.405480365363919 0.08044915588970993 0.02007807517538267 0.024914199090390176
0 0.37110135470791206 0.08355999901982405 0.010203944630174162 0.01911343086083952
