0 0.44823350711744664 0.5058330502025248 0.01848244180484693 0.03395532032179462
1 0.4993458961953922 0.5072863133597093 0.014173780168805857 0.016908037659233214
1 0.6997856607242506 0.5166913187273622 0.015326675103635291 0.01824294256358872
1 0.18418516431535994 0.09275173610723214 0.02873778829769213 0.012884567496738832
0 0.5789547745062381 0.028179707548543476 0.00739755435865756 0.011587173491239094
1 0.43384189994967715 0.5056682295863404 0.01060018734056119 0.01566818878265988
1 0.19034444069375797 0.49486523280262 0.014174947933274888 0.017675021871442997
1 0.5649248239945392 0.5080633857303235 0.013810138313137817 0.015447670165144275
1 0.30977208273751394 0.5028127124109457 0.012938246435048605 0.016458475219916457
1 0.4822115606191206 0.08648748704168949 0.008932308274872474 0.010821752233148279
1 0.016727694443293983 0.4874333149234537 0.01334630469886624 0.018219782425279985
1 0.24948343938710738 0.498346642059301 0.01476139924964128 0.017712248596822612
1 0.07363043999185367 0.4889530036306954 0.014642890618771918 0.017129692970653615
1 0.8398354977977519 0.5217471911288184 0.016335779306839913 0.019144625003507856
1 0.9087789107342156 0.5248626559915488 0.015140455596300898 0.017141912430129327
1 0.3585762880286392 0.08757622667230407 0.00847804789640466 0.010823315187267278
1 0.14344698069046954 0.0937575326044867 0.008097434530452797 0.01083006430732655
1 0.4520445064622529 0.08602961252819448 0.008970922353316335 0.010672276984677608
1 0.63163068343182 0.5120362730140577 0.01289624583964446 0.01564687577194648
1 0.5139594564632495 0.08748916302353943 0.009093615473533214 0.011869855056669135
1 0.7698579126474809 0.5203535333582628 0.0160911715760523 0.019522575726827203
1 0.1301823343549456 0.4912525353999438 0.014889249996263145 0.01719959964579391
1 0.6420955268704162 0.08588194888563445 0.008382680464764035 0.010917731824728076
1 0.11564190533696389 0.09416876714620366 0.009290578413982785 0.010937268751215446
1 0.37082913457130906 0.5041815760457048 0.0142635423309949 0.016666490204480237
1 0.7411154922173948 0.08295286630159372 0.00966644287109375 0.011420860964304745
0 0.2568805071772361 0.2612873521457273 0.011347011644013052 0.02890257382857631
1 0.8407008891202966 0.0828844515372034 0.008460531429368638 0.010706519888557302
1 0.08509037446002572 0.09378044409100371 0.009399978481993393 0.011094985030495347
1 0.5452328896035954 0.0867783385945597 0.008655470244738492 0.010245732596931446
1 0.7083528479751277 0.08421996031019578 0.009537677375637817 0.01281814194668176
1 0.6751477767010124 0.08549799499763076 0.009824480329241018 0.011500216407528014
1 0.02599448330548345 0.09545106443578134 0.008770791851744357 0.010910698531192628
1 0.8079690738600127 0.08249960960708665 0.009236549844547248 0.0102548261481692
1 0.5766344265061982 0.08690497339988242 0.008912067024075225 0.010597965620656544
1 0.32768592055963014 0.08935231089842902 0.008251812993263706 0.010563722716776861
0 0.07019983992284659 0.04041287839450873 0.008234822020238761 0.012703548992412179
0 0.26413863045828684 0.010531397983861383 0.008629545873525215 0.01586767856293828
1 0.05491288827390087 0.09393009694789699 0.00858787614472058 0.011501068927956557
0 0.04586061166257274 0.043035586449542904 0.006770503764249836 0.013135208502729583
0 0.05859152638182349 0.08104691479685454 0.00807332992553711 0.016639493724243132
1 0.874363490513393 0.08317949464884727 0.008090427943638472 0.010173410447243639
0 0.9585603986467635 0.07816120418961578 0.02215763014190045 0.032710924669602466
1 0.6099136118986169 0.08509564087704442 0.009419888866190962 0.012058191028007426
1 0.42029532607720815 0.0867088581796337 0.009408756178252526 0.008716453034868833
1 0.7747749795719069 0.08212684504970755 0.007887392627949663 0.011099247632638047
0 0.6140474981191206 0.08133758874130215 0.008964382872289577 0.014608221716508562
1 0.38971593428631224 0.08806976495705968 0.008123903858418366 0.009445073827794324
0 0.7777774577238122 0.07086622240428378 0.006895571338887163 0.01327296159530784
1 0.9437420903419963 0.5291469974051763 0.009222536670918413 0.012117157024314791
1 0.2978196650980061 0.09248932917201776 0.006902612788083775 0.006780463613574985
