0 0.5282973464654416 0.028979620362305628 0.00824916606046716 0.01600330035444518
1 0.8405237003248565 0.531336127778929 0.016162171655771614 0.020819685558850783
1 0.25060747107680964 0.4957012001261724 0.01449732877770247 0.018228165542827305
1 0.5002499794473454 0.5147779076688733 0.014537655577367702 0.018490599748079508
1 0.6410217674411074 0.08838057969663153 0.00912148611886162 0.010953892899571986
1 0.5130188611088967 0.0885963384084212 0.008239278987962388 0.01004567446970073
1 0.4511537357252471 0.08881039207935376 0.008638965840242421 0.010088726751342
1 0.9101034670459981 0.5339733286812482 0.014948319415656811 0.018152717484901593
1 0.8070259872747928 0.08654918820770507 0.009232501594387725 0.010967746356535756
1 0.13173408897555605 0.4917232687632359 0.01605602186553331 0.019459631301853318
1 0.632598993729572 0.5219021367167056 0.013306520423110684 0.01612741312016681
1 0.37220530607262436 0.5046812240601982 0.014562178631218142 0.016797067916784914
1 0.5441594805036273 0.08778523626403446 0.008553796884965006 0.011574243598072898
0 0.44928873801717956 0.5058954262805464 0.01682530617227358 0.03562000854525701
1 0.18380920254454322 0.09471523274089778 0.0264078257035236 0.011912978381679455
1 0.07455263332444796 0.4889054045734351 0.014506437340561226 0.019352213727857295
1 0.7744942489935427 0.08718165180062816 0.01062447684151787 0.012020822215889746
1 0.7011910263372928 0.5238686882152402 0.014800558284837388 0.016248755194495652
1 0.19150056644361846 0.4938530779238359 0.014581874925263076 0.017154558149819376
1 0.48170630785883695 0.08854923665474437 0.008100704270966224 0.010800226092327656
0 0.12353115665669342 0.04324978220721357 0.007440391851931185 0.014257622690271502
1 0.11517527638649454 0.09200443090824782 0.00877800766302615 0.010516692006469071
1 0.08442960466657366 0.09222420357038852 0.0089941997917331 0.011120631686720592
1 0.3273943589658153 0.09260396589961854 0.008500099182128906 0.010296883822643836
1 0.0181475111416408 0.485265923820629 0.01593331171541798 0.01976966456436568
1 0.5660193307059153 0.5188494031488421 0.013842680016342533 0.017063338463965596
0 0.9574126418755979 0.07964466077864438 0.019757329201211826 0.029456427933651132
1 0.14368726769272164 0.09397147971036571 0.008181747125119574 0.010135118071328374
1 0.8401243248764348 0.08510874837863322 0.008768198441485965 0.01193713312715475
1 0.6751059707330198 0.08818677338587678 0.009375435965401852 0.011289714905047682
0 0.20021625440947866 0.25107991192471113 0.012958059505540513 0.045240701581330575
1 0.35880808927574936 0.09153476319549134 0.008404945840640953 0.009844053388351046
0 0.011318175464260335 0.043426502587713 0.00634294565843076 0.011913191511786582
0 0.8588098019969708 0.07488681531033185 0.011493605010363585 0.01939839191773656
1 0.4204919776137995 0.08985131952260107 0.009492835220025543 0.010740762792436994
1 0.770649579106545 0.5272250611424021 0.015840180066167102 0.01901774154639351
1 0.29756915812589685 0.09239914786666181 0.008724835454201206 0.009720722099688916
1 0.31018249356016825 0.5004245895604982 0.011852497957190681 0.01400989446241159
1 0.607799140774474 0.08816208581513364 0.0074527506925622196 0.009246507611313558
0 0.2500939271887954 0.00989151035887309 0.009117437868702142 0.016183111121498065
1 0.05425019166907486 0.09136401045799168 0.008146062189218954 0.010262285701918927
1 0.873050611846301 0.08471097655535029 0.00842939104352676 0.010208363784813776
1 0.0257864387667909 0.09126916756031661 0.008896506562524914 0.010646204068238085
1 0.574982078707948 0.08736160465441913 0.010140710947464915 0.011563160832501878
1 0.43416042717135683 0.5080002281752424 0.01181785427794171 0.01421123137028516
1 0.7401565240353954 0.08724807735068522 0.00918906075613838 0.011361255577675996
1 0.38919674620336414 0.09146723647321407 0.009798088852240129 0.01112091586019678
1 0.7067984756158323 0.08795254339813542 0.008899766571667758 0.011016268977593497
0 0.22739745159538427 0.47800422585369456 0.028834518121213324 0.03633527318480213
0 0.0029400660067188493 0.003440843492956363 0.005394260494076476 0.006881686985912726
