1 0.3720366808832908 0.5033742391998774 0.011892357651068254 0.01457383672589078
1 0.4995038947280573 0.508686436076848 0.013119833809988773 0.016655407438909156
1 0.0175327865444884 0.4879127866211385 0.014547284768552196 0.018489463054174798
0 0.44901392411212526 0.5041571371267534 0.016034028968032465 0.03388598199360673
1 0.6324034710319675 0.514093688981601 0.01391274588448662 0.01576196602979937
1 0.19178553989955358 0.49656103802172413 0.015395183952487252 0.01824578429835054
1 0.8399262720224809 0.5227452083771627 0.01748065559231512 0.019802912861078763
1 0.7708989357461735 0.5225836557559542 0.01729225625797193 0.021595763322298345
1 0.5664644825215243 0.5108911959917904 0.01427459716796875 0.015807717959464274
1 0.130788939339774 0.49395864837023684 0.014249996263153677 0.016568450355198102
1 0.8079950760821907 0.08537935257132562 0.008515805614237931 0.009597106637550618
0 0.028338237684600205 0.04268878824354974 0.006598822924555562 0.010913824439430606
1 0.1436114603159379 0.09204393102143683 0.0074358181077606895 0.009971647279155844
1 0.07462787628173828 0.4912901883855376 0.01570088522774833 0.01880603230663931
1 0.7753506096041933 0.0866741179721707 0.010467062191087388 0.011317279732237144
1 0.7070664386360013 0.08940665907574843 0.00972451969068881 0.012083624554125533
1 0.18370774327492229 0.0935413831541673 0.028447404199716995 0.013557916548547322
1 0.9103771910375478 0.52441771137122 0.013705662318638472 0.016454496791250012
1 0.7008420204629704 0.5177704675031557 0.014740613042091878 0.018486337145936862
0 0.09777239390781949 0.03873192123953504 0.00879141749167929 0.013441973770265883
1 0.6425530180639151 0.08921896249473156 0.009087387396364801 0.01019401302426669
1 0.3110957243004624 0.5001714620365909 0.011047596834143806 0.015087622370824276
1 0.513334624621333 0.09007645595910468 0.008930595553651104 0.00979631224435279
0 0.9592411274812659 0.0780453324547034 0.019978114536830276 0.029401724539486477
1 0.3586565523731466 0.08887198668031579 0.008592800218231802 0.009456085549996295
1 0.2512929098946708 0.4961678840174291 0.01339885166713169 0.015397655633336553
1 0.6095006514568718 0.09037569062952219 0.009686528419961734 0.010316065532286
0 0.5432450041478994 0.026929379775036046 0.009146009172712013 0.01193713312715475
0 0.8249848034917092 0.07188800365957346 0.009288242885044722 0.0148746343504273
1 0.5459256853376117 0.08982670299522698 0.008467070910395396 0.010682223056343906
0 0.5888559769610969 0.08247850972648028 0.00841779124980071 0.01444624283508596
1 0.11509686100239655 0.09115844646965998 0.00961515854816046 0.01063164017758387
1 0.6751260562818877 0.09038648922161704 0.008776917749521614 0.010915529480287683
1 0.4517971350222218 0.09018252370908886 0.008688556904695452 0.009721148359903183
1 0.578699150863959 0.08961492271210385 0.010155346928810536 0.01126776250401278
1 0.4351943658322704 0.5060564105548023 0.010923268843670285 0.015177137015820949
1 0.4831101553780691 0.08993998164716924 0.007856174391143151 0.009815209780518764
1 0.4203919391242826 0.0900973427096039 0.008175908302774234 0.009533878039100574
0 0.029445745507065132 0.07966608035441144 0.00924924928314832 0.021381141304413404
0 0.25698436036401867 0.011382852761865675 0.008664500956632673 0.012576949708773995
1 0.0850724492754255 0.091430045269519 0.008386358922841598 0.010049368724891074
1 0.38997144115214444 0.0911692095400703 0.008452590630978949 0.009880214463194923
1 0.7415305935606665 0.08879810157650898 0.009077733876753835 0.009899467216206125
1 0.670703342982701 0.011116440127946938 0.0056568067900988955 0.007540259016959853
1 0.2964932175458491 0.09181326894331379 0.007128954497375534 0.011800802454566885
