1 0.11373371980628189 0.5278390179376891 0.015427024997010525 0.021149326791219607
1 0.058753938091044525 0.5246108072482843 0.016065402906768174 0.022068912160138093
1 0.693757660534917 0.1437341272530949 0.032418231574856474 0.013858145826131464
1 0.2768068118971221 0.5361076135740981 0.015374086341079387 0.017782013185224765
1 0.2931511548100686 0.13981569471173355 0.009273606903698961 0.011066141422663076
1 0.22204858429577887 0.5330462127152111 0.01564496877242108 0.01983218272912531
1 0.1683857927517015 0.5299738711774911 0.015846340023741426 0.02108183559062679
1 0.9053264540068958 0.5821563624349464 0.015388333067601984 0.01781426687477119
1 0.5131081561652981 0.5527341774051752 0.017247258400430482 0.020809455313708296
1 0.836724651103117 0.5771616583742379 0.015719043965242423 0.018264681834516548
1 0.3924291182537468 0.5444921519887888 0.017212069764429173 0.020072167229759318
1 0.7705629309829402 0.5695670511799586 0.01543224101163894 0.017796506032509984
1 0.2648366032814493 0.13916301928031713 0.009183144082828453 0.011345910209962276
1 0.4511651408915618 0.5493332602856219 0.01734597342354912 0.02090593220887138
1 0.7033846329669563 0.5647469717203627 0.01785574153977994 0.02193719775392862
1 0.6502656742018096 0.14306809566829803 0.009545462472098148 0.010372402923938694
1 0.8529845257194676 0.14332644487983018 0.00868707773636789 0.010695295036248192
0 0.8129722439512915 0.01936237292963075 0.008804009885204061 0.013975083211579547
1 0.6183537074497768 0.14269898984442475 0.008778474768813717 0.010307682414738669
0 0.9911382246990593 0.5864776464004775 0.01626244369818226 0.030877153227813
1 0.9925308227539062 0.14062040295290623 0.010293921645806699 0.011520961071289153
1 0.6375045387112365 0.5602596594013736 0.01772713174625318 0.02062616342157222
1 0.00782131540532015 0.5204097286631774 0.014117206845964706 0.021919721085143524
1 0.33275312306929605 0.5393785923716679 0.016427487743144134 0.018823082715210153
0 0.19361320807009327 0.06115548189794569 0.0076983315604073725 0.01539019607958686
1 0.5764526055783642 0.5569587713454358 0.018771735989317646 0.019673187669202598
1 0.14234508786882674 0.13614687304751177 0.009546688624790724 0.011901540399263217
1 0.88932060708805 0.14428602766552096 0.010607505331234094 0.011574954031763344
1 0.957596136599171 0.14151807144247427 0.01002813845264652 0.012030910374294154
1 0.5201834075304927 0.14388182641733946 0.009227986238440681 0.010439752037793326
1 0.5857582870794803 0.1420090876876288 0.010685667699697043 0.010388742898819034
1 0.9765582960479114 0.5865238245903568 0.012996128627232222 0.017170898124699675
1 0.023816513163702827 0.13719785312747892 0.009810427013708621 0.011485794603611876
1 0.5528935802226164 0.1431539515797889 0.010532768405213697 0.009831336625291977
1 0.487165100720464 0.14540645263872962 0.008151774503746819 0.009011709276619843
0 0.5232662278778699 0.10747092756618899 0.009566949338329061 0.011695585672401775
0 0.5935986187993264 0.13995433584642483 0.009291746178451816 0.01221136053166843
1 0.08157183686081244 0.13853936506515563 0.009400066064328569 0.011278063792524296
0 0.12624941066819795 0.05296382623021226 0.00800187247140066 0.012180101449288641
1 0.2331437091438138 0.13803360732092432 0.009369363590162659 0.01068733817891515
1 0.3719162454410475 0.1431986023372337 0.009596377002949616 0.010158775513220364
0 0.4686756658868214 0.14203276579779536 0.010767739851405165 0.017270231480654364
0 0.06407951822086257 0.07456598345572464 0.01102675223837093 0.014824406688512492
1 0.05226233540749063 0.13801240087526437 0.009248509698984574 0.010785662201673419
0 0.15197991351692042 0.2861425141964411 0.015185725932218586 0.015202144281724724
0 0.3145151115440618 0.1306894023124215 0.007619413561513012 0.013184034960418214
0 0.47174523801219703 0.062386805570233586 0.006280237314652414 0.011517693076313087
1 0.9223716113032127 0.14363981718068766 0.00891595957230539 0.012751148049672336
1 0.8197270607461735 0.14428236893201513 0.009192953304368638 0.01126897024128654
0 0.18710241512376435 0.13428539469179476 0.009375241337990269 0.018591623418861565
1 0.11294051579066684 0.13784566208811574 0.010452640299894367 0.011227409870395211
1 0.4230034497319436 0.1436286633717476 0.00866278823541135 0.009521942753101021
1 0.39083025406818 0.14216076528053984 0.008933320337412332 0.010164743156220162
0 0.46038869667850213 0.1215513820514065 0.00841655974133136 0.01773728377741493
0 0.060021624273183395 0.0712129495669079 0.011659583266900518 0.015950444087875694
1 0.20294189453125 0.1376930609314071 0.008822694116709183 0.010128653124745281
0 0.7100021985112405 0.08221238126603772 0.007397710060586733 0.012038298884674819
1 0.17178255197953204 0.1376105085365768 0.008731842041015625 0.010542267619325276
0 0.28267230210368166 0.10614605362006853 0.01498028286599 0.010061556776296218
1 0.31694356694356696 0.14202671601774744 0.008287508287508266 0.010083754478373314
