1 0.05830057299866969 0.525080830177886 0.014400598954181283 0.0205764330632407
1 0.6929461420798789 0.13861477760139687 0.028668929119499344 0.012309542467688622
1 0.11394532845944773 0.5286824448149912 0.01504872769725566 0.020251764866705064
1 0.1144036662821867 0.13926773720628946 0.009804550482302301 0.011143720781660215
1 0.5842901735889668 0.14000118894831004 0.009297740702726423 0.01091716347777572
1 0.1679309338939433 0.5325855675103234 0.015635315252810113 0.02077166024137637
1 0.4502958959462692 0.5514409039150799 0.016389496472417102 0.01905951504739197
1 0.7692094141123247 0.5643326467920923 0.014690632722815681 0.01629706468544618
1 0.7036050290477519 0.5614007579949744 0.01616341727120537 0.01905283697070176
1 0.3328335917725855 0.5453441751137454 0.016524314880371094 0.0210727420393891
1 0.9046973403619261 0.5748522515766923 0.015367780412946482 0.017826628420985046
1 0.6372169183225048 0.5603245219973116 0.017930867720623408 0.02155342147434757
1 0.9758482952507176 0.5779056955782461 0.012612167669802209 0.015285265023507428
0 0.4705337213010204 0.13940073039314171 0.011072275589923465 0.022185707458848007
0 0.9905421977140466 0.5737792125306366 0.01718544473453443 0.042306326266296
1 0.22128525558783083 0.5368546345996063 0.01540697837362486 0.019666651679250444
1 0.512384453598334 0.5542764579037729 0.015504097451969123 0.019063493476058416
1 0.6494469156070631 0.13929530203347892 0.009241376604352732 0.010821894319886378
1 0.9563442930883291 0.13977498686127077 0.010905051717952844 0.012214912700120706
1 0.9214627012914541 0.13943319721279526 0.009447370256696482 0.01173046796660283
1 0.617389133998326 0.14028166816929966 0.009619031633649513 0.012003913894057049
1 0.39197625919264195 0.5500512956165597 0.017431765186543366 0.021576155352441884
1 0.007911990491711363 0.5202785826039203 0.014517809663500107 0.019717944991700934
1 0.5751418288873167 0.5569689305472093 0.017125655193718094 0.019586088498753405
1 0.836298417071907 0.5694629016009387 0.012849768813775543 0.014973100459923701
0 0.28987452448630824 0.10506944856236096 0.008993304505640157 0.010699273464914703
1 0.3718710140306123 0.13914415726583568 0.008778163364955323 0.010461917568935388
1 0.14293789377017896 0.13920251939350614 0.009473703345473943 0.011310104351963595
1 0.2769232380146883 0.5411101324054016 0.016487510836854277 0.01960768568294309
1 0.08280195751968696 0.1394758942775913 0.00889925567471251 0.01056272810961023
0 0.16189726031556423 0.07082544351045195 0.007563668854382555 0.014215209798951639
1 0.5199160673180405 0.1413770858766045 0.010179947833625561 0.011004759951808198
1 0.3917703823167451 0.13892037065334398 0.009343984175701535 0.011054774483615899
1 0.17314506063655932 0.13971559460474914 0.010470721186423794 0.012727774781256513
0 0.1013120631782376 0.10274931421608942 0.008335035674426014 0.014689637417434134
1 0.991460761245416 0.14061187774862083 0.01047967404735348 0.010512855664540629
1 0.053536853011773564 0.13845240798144456 0.010041528818558675 0.01098366007120184
1 0.423617849544603 0.13966824419928067 0.009036939971301039 0.00993065525521688
1 0.5518952194525272 0.14066654562110092 0.010495555644132673 0.011258029562453621
1 0.48732492875079714 0.1419001071595138 0.008681939572704061 0.009340071728345833
1 0.20441135095090282 0.13828545606418882 0.009020435566804852 0.0111419446974341
1 0.26547677176339285 0.13671912738516923 0.00932055103535554 0.010937766054798773
0 0.8378309133101483 0.5126753791619866 0.018230048977598896 0.03338896258376795
0 0.07959430558340891 0.07369495622954844 0.010003294263567249 0.014644169661245333
1 0.02465612061169683 0.1377153685492872 0.009830611092703683 0.011482881825481028
1 0.23428407007334184 0.13749335802102164 0.009556050203284431 0.011713346514663004
1 0.8871223294005101 0.13793311647541015 0.008844492386798465 0.01055292412468202
0 0.22287743175031502 0.061341522316573166 0.01430690531827966 0.015001375720803574
1 0.32633376608089526 0.1380396104856086 0.009123198840082896 0.011173558996659099
0 0.38662439463089926 0.06364001060018734 0.006945551658163267 0.012189905434216846
1 0.2926568401103117 0.13676345844745333 0.008954573650749345 0.010649401019845123
0 0.03371989727020264 0.05354197716750045 0.00897549123180156 0.014209597372797084
0 0.814702793043487 0.1241710212842275 0.010295478665098896 0.020243381749157765
1 0.8529605476223692 0.13792317040374386 0.008924211774553704 0.010432860830995988
0 0.10577406202043806 0.3040031723911987 0.023409960221271123 0.016809287376260668
1 0.4546029227120535 0.14169052922083103 0.007737218117227358 0.01118719932351574
0 0.6689702248086735 0.0677458555490894 0.00725882393973213 0.011455245954922528
0 0.2693105821940178 0.10636239419699763 0.006029453882214613 0.005502214641393156
