1 0.05834158099427516 0.5248971120255356 0.01628068028664103 0.0219285304629051
1 0.6511458182821468 0.14216598696816465 0.009880922278579434 0.01132893084476053
1 0.11281566230618226 0.525559378311773 0.015329789142219382 0.019159402024269186
1 0.22177754616250794 0.5288692888755795 0.015216282435825927 0.019472987455233823
1 0.331996674440345 0.5354375325172657 0.015611317692970738 0.018388013123178615
1 0.8361609322684153 0.577412796683812 0.014862683354591786 0.016994142222515753
1 0.7692653111049107 0.5722220839679083 0.016539126026387165 0.019421552056045278
1 0.39158972915338014 0.540007184100978 0.016058941276705978 0.019792398442460075
1 0.7031774715501435 0.5679108881607817 0.01697867257254463 0.02045139673372152
1 0.6950903681032735 0.142662407631994 0.031982000958631636 0.015589198801536721
1 0.5532304413464605 0.14194529074222637 0.008933631741270771 0.01074964321356761
1 0.6365199186363999 0.5605986783584563 0.01720132633131381 0.01951618182361311
1 0.007830049310411726 0.5213251935166913 0.014348073881499623 0.020520450888433222
1 0.45009488475566006 0.5438952456020727 0.016000085947465006 0.019340562615333897
1 0.9929540205974968 0.14085470398401664 0.009965234873246256 0.011773022944660814
1 0.9758969521035955 0.5854472333758488 0.013161328374123128 0.017203435987722303
1 0.16742451336919045 0.5268900206139858 0.016041580511599176 0.020187115400874152
1 0.1729466574532645 0.14126725282806094 0.009202139718191968 0.010529195639420992
1 0.32620009597466915 0.13988435812791553 0.009244568493901479 0.01099332196939195
1 0.11404045260682397 0.1394100725961711 0.009151653367645889 0.010724209687449514
1 0.29650906154087614 0.13924237472354042 0.009120590832768666 0.01095190368523872
1 0.6192927457848374 0.14103941674353362 0.009267845932318301 0.010672276984677598
1 0.5216649892378826 0.14193534467056007 0.009779949577487275 0.010350947826487109
1 0.5127910302609814 0.5497541212038446 0.016428344103754773 0.020144773552923295
1 0.4245585227499203 0.1419368010596255 0.008853834502551085 0.01050276750613624
1 0.889428508524992 0.13921651493720805 0.009337288992745696 0.011043123371092502
1 0.4884482403190768 0.1431207743264449 0.00796664490991701 0.008586301582778393
0 0.9402820820711096 0.532651211583321 0.015624377192283122 0.033219595191964615
1 0.27632269567372847 0.5316292527196086 0.015192615742586077 0.01797425654186056
1 0.37318650070501835 0.14161344716541718 0.008613352872887444 0.011298950543023547
1 0.08242820233714823 0.1392363360371716 0.009467572582011322 0.0107718797880787
0 0.2767436747648278 0.06707367871287016 0.007560963533362556 0.014019272187125533
0 0.9905949806680485 0.5842514313880834 0.017418686224489895 0.03946658071882933
1 0.45580097120635366 0.1430670655394469 0.007063262316645396 0.00932373175346547
1 0.14308608308130383 0.1405070177359104 0.00939657250229194 0.010588303722466424
1 0.5857581703030332 0.14187545511045516 0.009087387396364801 0.010967320096321478
1 0.2665011152929189 0.13892054826176656 0.00878123847805726 0.010710427273854772
0 0.35928531568877553 0.10513424011492999 0.010170605717873081 0.010792056104887473
1 0.23488169300312897 0.13979235696500225 0.00936111138791453 0.010797100184089688
1 0.5746071484624123 0.5546929851764837 0.015811998016980165 0.016994000135777697
1 0.957919607357103 0.14058157775172314 0.010230395258689557 0.011228759694407071
1 0.3924808891452089 0.14172072265267513 0.00978960309709824 0.011502702925444596
1 0.8549583590760524 0.13847549707638418 0.009483804508131362 0.010966822792738173
1 0.2043397669889489 0.14132621882436824 0.009024873071787308 0.009594833249741174
1 0.9230348236706792 0.1398075957676624 0.009543905452806138 0.010731456111092101
0 0.4704099382672991 0.13949003190803128 0.009108095752949663 0.01849827243193646
1 0.9043530833964444 0.5827548317757816 0.016891168088329155 0.018215803996613537
0 0.3165549453423948 0.06428831686440746 0.0075860704694475575 0.013417463807945356
0 0.09281237271367287 0.2895338404611731 0.01171653124750876 0.025390900096682073
0 0.18617227126140984 0.1380775476446786 0.009434914102359679 0.0161258501660478
0 0.14888923022211814 0.07185141632451529 0.012708313611088979 0.013694319817113708
0 0.011912946798363511 0.2708568229127194 0.01022526925923873 0.015136926468941415
0 0.06495686939784458 0.053074795972660536 0.007259602449378193 0.012712358370173765
1 0.025456881036563794 0.13709508889415536 0.008333254833610691 0.010479607367827567
0 0.08283153845339407 0.07382379337931155 0.009195405609753661 0.012475926037992
0 0.009251539804497545 0.10041767084403261 0.008081920292912699 0.013187638509084795
1 0.05251352641047264 0.13730900047834985 0.012455580185870736 0.011586463057548641
0 0.0582619637859111 0.11834013676985933 0.006939138684953967 0.013720890037136536
0 0.6977593558175222 0.12649502749411198 0.026684819435586732 0.024605302521782522
0 0.8191350814301633 0.13967507167536572 0.011546568923618083 0.010781935357396646
