1 0.006558291766108299 0.5134066996029358 0.013116583532216598 0.01935079286047647
1 0.9754720415387836 0.5816170011771569 0.013312670649314372 0.016653276137837875
1 0.7688779247050384 0.5715525002146592 0.01618988659917094 0.019246359107980237
0 0.16173084414735134 0.113254958978672 0.007689651177853948 0.015791662158060132
1 0.39006875485790016 0.5444441266713143 0.015011690100845012 0.019344541044000428
1 0.27602904183523996 0.5332347618166565 0.014507449403101095 0.016331449676064057
1 0.6356637137276785 0.5639675549185701 0.017167383310746163 0.01998876231450046
1 0.056955600271419604 0.5165890162759375 0.015087945120675225 0.017762405215368305
1 0.293622873267349 0.14082873763263068 0.008505295734016233 0.009977117618572305
1 0.11239637647356306 0.5219301988474784 0.016012775654695464 0.02034085325148748
0 0.9915181374063298 0.580613158372551 0.016529628208705464 0.030201388701457
1 0.26590814395826695 0.14047469300299495 0.009272361288265297 0.010663893867130299
1 0.16697303616270726 0.5253198200713532 0.01587677001953125 0.020366428864343696
1 0.7030086906588808 0.5690571729203228 0.017263607102997475 0.020744379587663044
1 0.22082071888203522 0.5294603697060338 0.015586463772520725 0.019335731666238937
1 0.45029247050382654 0.5500166264524659 0.016949322758888753 0.019609106550324083
1 0.33176742281232563 0.5392006287322102 0.015749697782555413 0.01910214106881894
1 0.5120498501524634 0.5535059925664799 0.015400010712292758 0.018343966234370734
1 0.3923322716537787 0.13974561042817066 0.009145152812101423 0.011087028173162304
1 0.836250149473852 0.5756394831490798 0.014601726921237183 0.017999263807764378
1 0.9930201939174107 0.1442819781934854 0.009855932118941244 0.012086537332256382
1 0.20442063467843194 0.13927008163746796 0.009567649997010525 0.011157787368731114
1 0.5743851953623247 0.5584463484498691 0.01608494349888389 0.01871708600859504
1 0.17315315713687818 0.13913517027965153 0.009578938386878205 0.01071760265412831
1 0.9046482942542251 0.5781623042272367 0.014725665656887725 0.015583220913282137
1 0.024589548305589327 0.1360781030662762 0.0083628917226986 0.010561591415705496
1 0.4241459904884806 0.14034702806882107 0.008876878388074008 0.01044053351485283
0 0.24235347825653697 0.05108114142883529 0.008147025594905922 0.012699570563745656
1 0.23430703610790016 0.13975825614786067 0.009468623570033448 0.010698776161331396
1 0.11434259220045438 0.1386041921394092 0.010260873911332125 0.010600239008465977
1 0.6959211388412787 0.14567712787479103 0.03502281344666767 0.012200632982942638
0 0.8048899903589366 0.05267862262518111 0.007826980279416541 0.01483556049745255
1 0.6498484319570114 0.14434978908923884 0.009397156384526479 0.009967668850489345
1 0.8220193045479911 0.14801790031977013 0.009355194714604604 0.01141205158654317
1 0.8540919556909679 0.14782320596690235 0.009285907356106661 0.010949630297429276
0 0.469119947783801 0.13765675776982508 0.011173481843909431 0.02151747352961075
1 0.5209444785604671 0.1428039209005042 0.010192326136997755 0.01032572743047612
1 0.31104313597387195 0.14182110693313574 0.008507397710060581 0.009013840577691208
1 0.08283472061157227 0.1382696489145763 0.008486611502511157 0.010199128146837932
1 0.618958687295719 0.14368823323669183 0.009266288913026104 0.009871191955326219
0 0.806201389857701 0.28143958525240037 0.012857865314094405 0.019718229165177133
1 0.14334287448805208 0.13835760060545402 0.009404902555504632 0.010643575463583424
0 0.2835799820569097 0.2623799991616394 0.014054162161690822 0.015586630994996272
0 0.49561356525031885 0.023465056448610307 0.007329590466557729 0.01348033718955018
0 0.718834079041773 0.08611262670492356 0.009269558653539577 0.017398734209227024
1 0.8885505831971462 0.146474305518845 0.008931685467155502 0.010669719423391996
0 0.00828230122522432 0.064026273397685 0.009482758689899834 0.012111047294576904
1 0.9588282059650032 0.14446491486877627 0.009681857362085516 0.009374456718963605
0 0.5702850964604592 0.13929544412021702 0.012329412966358345 0.019476681710424156
1 0.05423189669239278 0.13780843536273615 0.00997265017762476 0.011029767217712039
1 0.4874058159030214 0.14183787316823035 0.007709425322863492 0.008011276553728203
0 0.33677844611965885 0.13925537566007565 0.0074788307657047155 0.014518991244988035
1 0.9121450307417889 0.10855661233193466 0.01131267936862238 0.01248303037489651
1 0.37433670978156885 0.14074007550806253 0.0073436814911511505 0.009279258604443312
1 0.4549418079609774 0.14090748920721705 0.008209384217554266 0.011684360820092632
1 0.9238718772421077 0.14550371101095222 0.009022926797672156 0.009536577687124273
1 0.7916325160435268 0.1492134536557439 0.005669730050223148 0.007338708978979207
1 0.5527368662308674 0.14450221263752488 0.006951624033402414 0.008412671588832405
