1 0.007106283489538698 0.5247079945771378 0.013921302192065181 0.019103846109675963
1 0.05788580252199758 0.5293857031251676 0.01590878622872489 0.021600878444869586
1 0.7029683638592156 0.5603983360577494 0.015756101024394085 0.018450247114462047
1 0.8362213446169483 0.5741946741528117 0.015101218710140344 0.018663519308335125
1 0.6512047903878349 0.14218513315612227 0.009465431680484656 0.011577795766525142
0 0.18669696730010366 0.13585950261972476 0.00887641128228635 0.016213801856925506
1 0.6198552190041057 0.14219706844212185 0.009666287169164577 0.011669725886069359
1 0.2212609660868742 0.5377740068384176 0.017315689398317926 0.021891019564049288
1 0.449628868881537 0.5418504753542195 0.015523482342155595 0.018530952381697142
1 0.29772857743866593 0.14145807531731577 0.008781004925163408 0.010831769348183638
1 0.9042104604292889 0.5801930789313879 0.015239170619419536 0.01736754617021626
1 0.16778068153225645 0.5370149084401717 0.016847882952008935 0.02274865511516054
1 0.7687365473533163 0.5667702158273953 0.01715305873325898 0.01950538323151831
1 0.5117805636658961 0.5459229654413549 0.01619128791653387 0.019980947543905538
1 0.11322280338832309 0.5331594558454689 0.014649488488022151 0.02090792142320469
1 0.2764128081652583 0.5388793706173887 0.015354467897999017 0.01890023581399306
1 0.45579186264349497 0.1422197312768472 0.007205262476084114 0.010060451490462094
1 0.9760284423828125 0.5866685399331014 0.01294723822146033 0.015716072013396237
1 0.5744393796336894 0.5489992854077415 0.015268131178252526 0.01731383738321829
1 0.9584869073361768 0.1394924473825788 0.009857333436304266 0.011549662592383325
0 0.2822513191067443 0.06904598472429739 0.008265281210140297 0.013924500332819507
1 0.697031137894611 0.14313896142892044 0.029507384008290793 0.013056208276351554
1 0.3264732750094667 0.14062864398371544 0.009052354462292758 0.010224845846432207
0 0.9906349960638553 0.5834212185774236 0.017122229751275635 0.04273102352644699
1 0.3906256228077169 0.5400665763574997 0.01560662717235334 0.018105260514379492
1 0.20458087142632933 0.14066434327666055 0.009280613490513403 0.009806329359388138
1 0.42504839994469473 0.14125712914797203 0.00929587227957588 0.010529977116480474
1 0.2661451612200056 0.14155206569456233 0.009334719910913595 0.011793057174731489
0 0.4712876300422513 0.1379311272610769 0.009863094407684974 0.020225336733420335
1 0.3931561684121891 0.14069851513717122 0.0098606031768176 0.011537798349752822
1 0.6361748442357901 0.5538097740125163 0.01626267725107616 0.01855595964760096
1 0.33288842804577884 0.5399905599526215 0.017692799470862556 0.019698621195320756
1 0.37421082477180323 0.14046417858437626 0.008010397152024841 0.009322595059560738
1 0.5219622631462253 0.14190451184839456 0.009728178686025261 0.01030491172334594
1 0.5538561295489876 0.14182401971126657 0.009694936324139035 0.010384409253307275
1 0.14327770349930743 0.1396184427975801 0.009716111786511486 0.01061927863137004
1 0.5863091605050224 0.14191680235123935 0.008837952905771707 0.0106496851933213
1 0.23506974200813135 0.14163888069153532 0.00932296441525828 0.01094778316983411
1 0.8542487475336814 0.14035796874765402 0.008732854103555576 0.010054270717355188
1 0.11469770937549825 0.13885866948732836 0.009416619125677629 0.01000546392282127
0 0.9447944796815212 0.5341907213905259 0.016962168168048467 0.03334235813367445
1 0.48857311326630265 0.14156201176622862 0.007921491350446388 0.008180999162376688
1 0.9934126406299824 0.1389258054710759 0.01032148088727676 0.011141305307112673
1 0.9243765850456395 0.13978322789207998 0.009317514847735965 0.010547666915372698
0 0.06600536618913923 0.05161876212408332 0.0067094102197763844 0.010888390913312493
0 0.6841643197195871 0.0690081186085964 0.006922663474569517 0.013825039616156503
0 0.10539835326525629 0.29044525584265135 0.012962224532146835 0.02173756588691216
0 0.3620769345030493 0.10111702176891156 0.010116265744579108 0.011045965105854313
1 0.08308204339475048 0.13791492937293462 0.008865298057089048 0.01021063717262323
0 0.31202090516382336 0.06450269023050074 0.007362521424585423 0.010225272106646494
1 0.025812504242877572 0.13723767293582867 0.009561674935477124 0.010953821856202936
0 0.08123340412062043 0.07046571541129261 0.008400449947435032 0.014140614261454387
0 0.8817706205406968 0.13358028925402315 0.010683487872688061 0.017661594674693505
1 0.17315580406967476 0.14082969671811277 0.008483497463926975 0.00946816292273396
0 0.059961786075514195 0.11501580440213677 0.006940199404346709 0.013864113469131242
0 0.14178865783068598 0.07255545611175121 0.012540350154954551 0.01348616274581188
0 0.05688939775739397 0.13386439168683412 0.007874926742242305 0.011677398569926245
1 0.8911953361666933 0.13917047883406686 0.010980722855548465 0.01106983567785343
0 0.0030758934361594065 0.09783211847100896 0.005584756938778624 0.012749585095553335
0 0.6832512057557398 0.124392818682386 0.007541578643176085 0.018844821986137957
0 0.8224753679299134 0.1410291253340581 0.009927282654555385 0.0131358427322553
