1 0.16751313209533691 0.5226269922110718 0.014902533317098813 0.018101282085713044
1 0.5119061372718032 0.555004581393115 0.017989645198899888 0.021613097904345298
1 0.11288129066934391 0.5217545796391991 0.015175391216667314 0.01987509292402848
1 0.3320869815592863 0.5368692695336296 0.015404545530980937 0.018637801608740852
1 0.6502721747573542 0.1399491852021691 0.009877808239995135 0.010661620479320854
1 0.6188550676618304 0.14054168690000438 0.00901623161471613 0.01026732978112112
1 0.7035340289680325 0.5687425218388225 0.016994865573182447 0.02011891376659088
1 0.32729324029416457 0.14204784184544283 0.008659051389110358 0.011573604207751503
1 0.22182215476522643 0.5262763479921752 0.01505785572285554 0.018241095435993553
1 0.7696147062340561 0.5720255069657608 0.015733212840800335 0.01752739375056757
1 0.9041735590720662 0.5807894880145207 0.016859404894770398 0.01901063720948896
1 0.007091439500146983 0.5174368478421204 0.014182879000293965 0.020134259134304607
1 0.6364384865274235 0.565344091237186 0.0181371727768256 0.022477269445408617
1 0.8357601555026308 0.5772251001027952 0.015012780014349551 0.017359589312883193
1 0.390394638995735 0.5418978612813726 0.0157568016830756 0.018692362916167334
1 0.08263724190848214 0.13929096838796717 0.009271680092325015 0.010611463860775076
1 0.8893370336415816 0.13930702418937135 0.008790619519292104 0.010958936978774179
1 0.4501161380689971 0.5486951487448598 0.016406623684630146 0.02023386193770571
1 0.8543336829360652 0.1391062556284502 0.009487229950573915 0.01104198667718779
1 0.058136229612389394 0.5187690530984522 0.015369726687061547 0.017687241330918792
1 0.2339632462482063 0.13892324790979027 0.00918742588588169 0.010724991164508998
1 0.9923765999930246 0.1418083191267076 0.011213808643574663 0.011566855087692222
0 0.9905097338618064 0.5820919260992227 0.017155705666055388 0.03887663658227967
1 0.14259847329587352 0.14003528976545163 0.009137367715640929 0.010983304854356614
1 0.27710556497379224 0.5310388112794757 0.01456544837173152 0.016845519494473583
1 0.5849923114387356 0.14171138044964574 0.009161579365632952 0.010870701114420296
1 0.5749847256407445 0.5603592622047746 0.01711024070272642 0.0205176091536714
1 0.39197641489457113 0.1415835023853647 0.009458502944634871 0.012049239563507761
1 0.48781274289500953 0.14265366417497405 0.00856454031808037 0.00845217170202144
1 0.4240141109544404 0.1425152716920744 0.00946792291135203 0.01052905355268289
0 0.012044534391286423 0.0983285695338954 0.006868401352240116 0.013280136975581378
1 0.2961603086821887 0.14127471238181064 0.008937173960160227 0.010688190699343705
1 0.9579754264987246 0.14159291563176318 0.009162124322385105 0.010981599813499547
1 0.5204695098254145 0.14170612324033638 0.009343205666055484 0.010593489888406717
0 0.2737459844472457 0.06738648266677529 0.007161510233976422 0.012997242280044199
1 0.11317641394478936 0.1395494241645529 0.008172015754543998 0.009837375311660804
0 0.9398778020119182 0.5365692533861525 0.01855577741350449 0.03081435088957717
1 0.26574068653340244 0.13876084276815343 0.008268940205476749 0.010092989353484719
1 0.1720953960807956 0.1400293931658209 0.008751382633131386 0.010519249567754704
1 0.373341618751993 0.14166335513217132 0.0092197340361926 0.01143549589832802
1 0.5523999272560588 0.14181769685142157 0.009240442392777415 0.010872619285384513
1 0.6937290113799427 0.13945660600289558 0.028626111088966878 0.013082920583112482
0 0.08978080749511719 0.2923001982084163 0.013274523676658169 0.02468032431949402
0 0.15246367941097339 0.07072108080132485 0.011232025769292104 0.014237943677046035
1 0.9762981181242029 0.5830089539068555 0.011583600725446482 0.014285116474091903
0 0.06356327874319895 0.054329350826626155 0.007836302932427852 0.012012225968235308
0 0.3563761029924665 0.10478751295230584 0.010660132583306746 0.011174482560456703
0 0.4692708229532047 0.13974600116670038 0.01231205220125159 0.017990241299895675
0 0.18704527251574457 0.13709370354845898 0.008959166857661046 0.01658010146772152
1 0.05282528546391701 0.13885561462245946 0.010218406210140309 0.009647689516310674
1 0.024572540302665865 0.1383755745778224 0.008641753877912252 0.011057829348484805
0 0.08388462845160037 0.07527883262072216 0.008100353941625468 0.011658785207236448
1 0.9233723854532049 0.14125581484564467 0.010522959183673465 0.010372402923938671
0 0.04474648529169511 0.13371449017814915 0.013089299201965332 0.017136086873867667
1 0.4551601020657286 0.14327060479176082 0.007776065748565026 0.010779410385197464
0 0.08778740435230489 0.07574686633599059 0.009706205251265544 0.010545393527563243
0 0.056137337976572464 0.1190734464251418 0.007818767002650677 0.01768738341765685
1 0.8201167826749841 0.1393525629889292 0.010002603336256362 0.011840301015146418
1 0.20332350049700057 0.13953976226636278 0.008088715222417104 0.009158200703590625
0 0.010501243630234077 0.27234276601966456 0.021002487260468154 0.017490309111926054
0 0.694520599988042 0.12066918705894603 0.009630787129304827 0.01738630161964414
1 0.7055377570950255 0.1380896960607853 0.01017294124681119 0.010658210397606699
