1 0.0584578173501151 0.5252575150367009 0.014794884895791817 0.019692937725797114
1 0.8370000099649235 0.5738258169807301 0.013151830556441244 0.015418116123621527
0 0.18615481318259725 0.13644866527921493 0.009849781892737556 0.020279613867370722
1 0.6910347451969069 0.14104286234693228 0.03034506038743619 0.014429547643360392
1 0.4507041464046556 0.550288367339063 0.016664154675542102 0.019653011352393824
1 0.38973142662826854 0.13998335706267973 0.008526860451211734 0.010580915212085758
0 0.10839888514304648 0.05065871755649374 0.0068394797188895025 0.012714844888090337
1 0.11337644226697027 0.5304684751127824 0.014997170895946271 0.020925682265465897
1 0.16827063657799546 0.5340916869340773 0.015488994364835798 0.019465598944853158
1 0.39106462439712214 0.5452025856792386 0.014446024992028069 0.017610514492350144
1 0.3329669018181003 0.5445552385005007 0.016321221176458834 0.02038688935462867
1 0.22170977689781965 0.5388775234897936 0.015964118801817598 0.021036225747699942
1 0.9053033322704082 0.5807208601200232 0.014654665577168413 0.01566335783356492
1 0.7037760676169882 0.5639798454214148 0.01637735172193881 0.018929931942253862
1 0.28991967804577884 0.13931917260547805 0.009352781334701816 0.011487144427623738
1 0.6368885040283203 0.5611036546256282 0.016887353391063436 0.020908916030371344
1 0.7709127932178731 0.5691856903749251 0.014875450912786957 0.017846662651055677
0 0.46762209522480874 0.1388481550687097 0.009295405173788266 0.017546362330102518
1 0.008014407693123332 0.5200330567205008 0.01349794864654541 0.01961365332594293
1 0.14063434211575254 0.14053380108604036 0.010176872720523766 0.010821468059672101
1 0.022151654472156446 0.14018771331373767 0.009936275530834586 0.010745380611424922
1 0.276942642367616 0.5402765095130276 0.014849799019949803 0.017402641594524506
1 0.5122875291474012 0.5531206533327798 0.016634882712850768 0.02024679183087196
1 0.8512850391621494 0.14424112825628452 0.009874460648517215 0.011634417331654025
1 0.5756440065344985 0.5578434033767842 0.01747380470742983 0.01875161308595089
1 0.5829419505839445 0.14123336514102647 0.00863351627272006 0.011017263584760108
1 0.9554978195501834 0.14337791580070328 0.009789135991310628 0.009660903582953016
1 0.9902211403360173 0.14304589461547146 0.012273048867984656 0.01199808833779535
1 0.23208592862499 0.13897166396579447 0.008715765816824757 0.009570039113944483
1 0.4209868761957908 0.14064597856576244 0.007837568010602685 0.009976975531834227
1 0.6163774607132892 0.140261633939229 0.009321095992107785 0.011230606822002238
1 0.976703098842076 0.5864864557782391 0.013205547722018525 0.016102405854262907
1 0.9207962970344388 0.14446828942880588 0.009839739118303518 0.012058333114745514
1 0.550148360583247 0.14099963245686842 0.009149356764190026 0.010620273238536673
1 0.8863464666872608 0.14571421251343253 0.010280375577965569 0.012915968665856726
0 0.42172879588847256 0.06455863688362369 0.008081708635602685 0.015201362804665252
1 0.3184917994907924 0.1389035688965648 0.008775127177335798 0.010153376217172943
1 0.5189830235072544 0.14158211703966836 0.00931985037667412 0.010348745482046694
0 0.019314537242967257 0.07486283817327917 0.0066356123710165195 0.012861549445168248
1 0.4851067601418009 0.1418357063454745 0.008536358268893525 0.008770090778497816
0 0.991478900520169 0.5875832233095557 0.015634653519610967 0.02841024328109444
0 0.06483346588757574 0.06980710785856095 0.007370948791503906 0.012210721141347036
0 0.2289408275059291 0.2818036114753869 0.011277412881656578 0.019665372898607675
0 0.2501202408148318 0.13132210472555886 0.008563139000717488 0.016019995546170764
1 0.05112798359929299 0.14067947551426713 0.008498065325678612 0.010043472125260326
1 0.1995975533310248 0.002849798184186507 0.007192105663066008 0.005699596368373014
1 0.1697592054094587 0.1412428849524785 0.006765871631855867 0.009562721646932825
1 0.45241970918616464 0.1424871385179326 0.008044184470663266 0.009196706209613006
0 0.4891346940099683 0.10393846851938893 0.010000734913105819 0.00998741890708382
1 0.6482214635732222 0.13919214706162558 0.008857182094029005 0.00962296642388299
0 0.03583686205805565 0.0829523334763259 0.008804515916474014 0.011859198551312393
0 0.8623508531220105 0.017652572166824795 0.00775924994021033 0.012492408099610447
1 0.11119957359469666 0.14092436200736524 0.009196164656658566 0.01034633000749915
0 0.47246384134097974 0.10264956932595024 0.00582418636399869 0.010133768247316524
0 0.5088154539770009 0.12130030082785725 0.007883188675860965 0.014413562885325278
0 0.22431893251380144 0.06202505273505646 0.007170034914600627 0.011012290548926974
1 0.818113677355708 0.1433036044366822 0.009922416842713604 0.010457583923423627
1 0.26426253026845503 0.13790960112025624 0.00921155968490915 0.00992376404841952
1 0.2016055048728476 0.1395901320150157 0.008087936712771051 0.008950043632288789
0 0.07019174342252771 0.12613103679280993 0.01012889706358617 0.01833132051468068
1 0.3696514051787707 0.14061226848715055 0.00877637279276946 0.010429308662543732
1 0.17506284129862884 0.002889760079274318 0.008156212008729275 0.005779520158548636
0 0.7038380684590071 0.07905543593811551 0.009757049468240802 0.012411433628509608
0 0.2134939036347487 0.10262321312027617 0.007209514251767771 0.009473883660708641
