1 0.45055362156459267 0.5535678002975492 0.016318574243662332 0.020176316808779265
1 0.057964446593304075 0.5157514149548968 0.015157514688919998 0.018126289351616864
1 0.6195595410405373 0.1431803086697046 0.008977773238201535 0.010309955802548133
1 0.9753022485849809 0.5886034060890419 0.012958760164221931 0.01517230606672582
1 0.00771235568182809 0.5113650552633205 0.013923117092677524 0.01827746964094457
1 0.836603359300263 0.5828565658802539 0.014400248624840475 0.017083941040988624
1 0.2216940704657107 0.5297696925348558 0.015620290016641466 0.020166370737112978
1 0.29377851680833467 0.13517095028694065 0.008854924416055484 0.009956017737965948
1 0.5528608828174825 0.14060406297802588 0.009350056550940681 0.010819052585124578
1 0.1680060795375279 0.5269840820346015 0.015765482065628975 0.02138519077644894
1 0.3912824513960858 0.5479429415534114 0.015477861676897315 0.01999629291161927
1 0.6370811462402344 0.5709630533816928 0.017999454420440025 0.021436626175637487
1 0.11662060873849053 0.1390358516497266 0.009286685865752549 0.011552504327145146
1 0.3320394340826541 0.5409105715817542 0.015502754522829645 0.018639648736336018
0 0.4715940125134527 0.13809175631848764 0.008900700783242984 0.021916524133536498
1 0.11353696122461437 0.5231233011872201 0.01604708846734494 0.021242251517930414
1 0.27673474136663945 0.5344655171419921 0.014573467021085798 0.015758413861347093
1 0.23551722935267858 0.13620015557429552 0.00894421947245696 0.010853153402266173
1 0.9577418736049107 0.14055291175231346 0.010317121233258982 0.011743468903138087
1 0.20572088202651667 0.13647591041124368 0.008901128963548326 0.011001420913463093
1 0.7026053448112644 0.5743478436564727 0.0167388916015625 0.01903024517934542
1 0.4253055806062659 0.1390690644247551 0.008928104322783776 0.010083398498663639
1 0.26758213432467715 0.13495661244253188 0.008981471159020257 0.010055123237783722
1 0.5121192153619261 0.5605412753162679 0.016469527264030594 0.020779332925233235
1 0.7693535940987724 0.5778004803486906 0.01506509586256381 0.01734538063907426
0 0.077682976820031 0.07510108211137156 0.008062897896280103 0.014328310842471272
1 0.6507379181531011 0.14452942224786913 0.009181898467394742 0.010101656644508197
1 0.5746235750159439 0.565813119559621 0.016519196179448352 0.020103000051924835
1 0.05589152355583347 0.13897923008459773 0.009910272092235333 0.011307049487094666
1 0.5860866624481824 0.14135506243220056 0.00887407575334824 0.01048500666387501
1 0.5211060971629863 0.14057770588811017 0.008607046944754398 0.010069687128437926
0 0.24296724223211316 0.05992205582419945 0.014414119071023678 0.014823398802503987
1 0.9048049303950095 0.5862679263750566 0.015143881038743638 0.01694469603766043
1 0.393293030407964 0.13903713043036942 0.008703115035076535 0.011002202390522577
1 0.9923081689951372 0.1400275460382257 0.010396217813297156 0.011021384100164717
0 0.9903966164102361 0.5865441429939037 0.01669560646524233 0.03630884505151732
1 0.8887192862374441 0.14144933698292325 0.010042307328204715 0.01141325932381693
1 0.3735683986118862 0.1388860211844107 0.008413198042889035 0.010236354872217525
1 0.9225661608637595 0.140755065658931 0.00925928232621164 0.010372473967307722
0 0.1372910227094378 0.07037577450608165 0.0071741415529834865 0.012615313128058296
1 0.14515009704901247 0.1372279399942695 0.009787812524912308 0.011471799059910007
1 0.693535006776148 0.14587686630686106 0.03241760876713969 0.01314948821990763
1 0.4560834145059391 0.14118679621261748 0.0061578555982939745 0.008385035718273915
0 0.9839409808723294 0.08475633774648551 0.00808731390505408 0.01189294415160876
1 0.1752545687617088 0.13683808950663506 0.009292563613580206 0.010653308405142605
0 0.35242633430325254 0.13169621910694984 0.007488172881457289 0.015286401717412119
0 0.8190916411730709 0.5225604956176456 0.018191590601084207 0.03440573528153989
1 0.32908317994098274 0.13704134458547282 0.009090832301548536 0.010681370535915372
0 0.11828125739584164 0.10442927676389646 0.0062103855366609515 0.01217257085216987
1 0.02732636977215203 0.13794522936983233 0.009403900224335343 0.010571466444002755
0 0.026129347937447686 0.054414815999587286 0.007108707817233337 0.012751148049672324
1 0.08465071843594921 0.13855403552086343 0.009171977335092972 0.010122259221531248
0 0.28314488274868954 0.10295477163936756 0.008030871955715896 0.009554196442647427
0 0.8469161987304688 0.1232263931277207 0.010891349948182262 0.0229126232109164
1 0.4884798478107063 0.14154748339725892 0.008222930285395396 0.008670772148572892
1 0.8542584789042569 0.14358958951877285 0.009981116470025636 0.009842490434232047
0 0.12353880551396584 0.32055208581990946 0.023527748730717883 0.016964588180993046
0 0.66837925813636 0.06246346136543314 0.00841693488919012 0.01257311336684556
0 0.8206494389748087 0.14456330993490357 0.010270722058354604 0.011941679902773637
0 0.2623281850839262 0.10399405837397917 0.006924745964411948 0.00670929408864382
