1 0.2211217296366789 0.5407517896519387 0.016452789306640625 0.022580424417261998
1 0.6923776743363361 0.13794295598202289 0.030240117287149232 0.011790712743553016
1 0.11240551423053353 0.5280629466369188 0.015121674051090172 0.019258436480717976
1 0.05689507114643953 0.5227870529215302 0.01507850569121692 0.01937480551921355
1 0.6365120946144572 0.559445573435487 0.0169151461854273 0.019577989554682283
1 0.39093640385841844 0.5515552837392423 0.016097399653220667 0.019279749491431377
1 0.1676294706305679 0.5345409651999178 0.016726055923773332 0.02189386129881111
1 0.8533522936762595 0.14088170046425372 0.009085207569355913 0.011094771900388219
1 0.9757530835210061 0.5810048915094652 0.012729878328284431 0.015916840574317408
1 0.2767453096350845 0.5448750757479413 0.01603714300661672 0.02093420746975136
1 0.3088882212736169 0.14374773205826702 0.008384198558573822 0.008766325479938435
1 0.8362040617028061 0.5710478791643325 0.013975182358099551 0.01654443769646094
1 0.44983408402423464 0.5535494711083354 0.016927290935905594 0.019518171037946418
1 0.7034965048030931 0.5635307802856815 0.016477935168207898 0.019548009252945364
1 0.5117575197803731 0.5551382850136578 0.0162935062330596 0.01943576072985421
1 0.3322565506915657 0.5481471912394157 0.016443602892817273 0.020111241082734013
1 0.8888447041414221 0.14100744722746336 0.01051610829878836 0.011429030951744938
1 0.14212976183210102 0.14264879770419447 0.010129227930185745 0.011806626458219102
1 0.02456315682858837 0.1392036916090954 0.009687073376713966 0.011276287708298178
0 0.5286857449278539 0.02066495310107078 0.008374428262515906 0.0145885427032831
1 0.006959716884457335 0.5172650649757696 0.01391943376891467 0.018763406285212426
1 0.2045176953685527 0.1428708437541446 0.01009676407794564 0.01048507770724406
1 0.9926114763532368 0.14036954881680835 0.010351687061543227 0.011257105998656038
1 0.5743058263039104 0.5569229654874371 0.01568572375239156 0.018998559836751305
1 0.7696542545240752 0.5673159709883989 0.015773695342394742 0.01747041696859335
0 0.297396114894322 0.26275283476238753 0.009761498898875983 0.019269092986074675
1 0.9046015836754624 0.5749217319916182 0.013972691127232036 0.014871934702403632
1 0.0826111399397558 0.14154311423006263 0.009922810963221961 0.011230819952109367
1 0.9577839131257971 0.1405115645115293 0.009762043855628181 0.01212710309598108
1 0.05207801351741869 0.1407651182956509 0.008964849978077172 0.010353434344403658
0 0.014910662660793382 0.06730485383574258 0.008766838482448034 0.012223508947775134
1 0.11298348952312857 0.14280697576537313 0.009456906999860475 0.01123849263596623
1 0.17293194362095424 0.14307885873870835 0.009452547345842627 0.010657286833809116
1 0.9225349426269531 0.1411707759328978 0.008807746731505053 0.011405870813436242
0 0.9907198536152744 0.5796999669068467 0.016832001355229602 0.03580401087108354
1 0.26547887373943724 0.14262915421265354 0.009623079883808991 0.010904446714716663
1 0.2336954389299665 0.14284782570257404 0.009313155193718142 0.01034078862471365
0 0.23050533995336414 0.05002895361159437 0.008347881083585751 0.014237375330093678
0 0.8848201985261878 0.2756545237110662 0.018566832250478293 0.0270140989926222
1 0.6188904898507254 0.13878329247277163 0.009170843630420939 0.010608906299489476
0 0.1964124562788983 0.11539467868925375 0.008328729746293062 0.018702237944464635
1 0.292433602469308 0.14272271832968578 0.007566529877331774 0.00922135825867162
1 0.6493815207967952 0.13799833428819347 0.008869404695471931 0.010500280988219668
1 0.8214616580885283 0.14028813311588276 0.008506307796556044 0.009536861860600451
0 0.03784045394586057 0.060317951620274216 0.006788088350879906 0.00959142316802702
1 0.4239161744409678 0.13864028217088406 0.009234837123325833 0.010374179008164789
0 0.677966293023557 0.08728871415777896 0.008886220503826535 0.01617174418245087
1 0.8394088745117188 0.10832799477034785 0.011263166155133888 0.012432163322660297
0 0.46826794682716844 0.13411474851934865 0.008935266611527415 0.01714162825665317
0 0.5712147148288027 0.13446744332497257 0.011120076082190775 0.022488707427824908
0 0.3357536938725686 0.13901056021034658 0.00941140311104912 0.018809868648567787
0 0.7680273250657685 0.05551105070563612 0.007583306760204154 0.013725436812755423
1 0.5199571726273517 0.13810880672705844 0.008922966159119854 0.010776994910649922
1 0.37354255209163745 0.13720080142729432 0.009582830935108439 0.012865954134049047
0 0.019643737345325703 0.0668196986685343 0.010021939569590042 0.01284066269466903
1 0.48779818476462855 0.1390308075705244 0.008447296765385854 0.009560021998909147
1 0.20045815681924625 0.0029286208021419313 0.007985173439492984 0.0058572416042838625
0 0.4008968119718591 0.07965396745998926 0.0055543549206792196 0.008883547038862667
0 0.3787163325718471 0.1293966162943323 0.009583765146683665 0.016955210456279114
1 0.3904031958334004 0.13765249224984916 0.009703815510073033 0.009808230359405937
