1 0.6922800492267219 0.13852959660191194 0.029529182278380146 0.011246875753513552
1 0.059987953730991916 0.520731270951475 0.015565521863042091 0.018980656907751955
1 0.9054582556899714 0.580377862734274 0.015851079201211826 0.01896772701458579
1 0.22350840665856184 0.5299138395306481 0.015735081263950925 0.019455084526234474
1 0.008179626294544764 0.5158073971297044 0.014001290408932434 0.01947554501651936
1 0.7697041569923868 0.5708716205657319 0.017027874382174776 0.019040901684702162
1 0.11238669375984037 0.13949486285712634 0.009594917297363281 0.010622404539608018
1 0.2932467947200853 0.14033530591292864 0.009283493976203733 0.011317492862344281
1 0.8368492904974489 0.5758649748024287 0.014764591139190026 0.018090199320141963
1 0.5134715255425901 0.5527485281657222 0.016478402273995604 0.02015983474716091
1 0.278832416145169 0.5339091054756316 0.013754552724410085 0.017702586698632523
1 0.11495099748883929 0.5266782403308627 0.015484089754065681 0.022624471306069878
1 0.45190997999541616 0.5474115371529549 0.015595805888273298 0.019555681936802145
1 0.6175884324677137 0.13955745206525497 0.009375591667330933 0.011591578180119884
1 0.37013205703423946 0.14145750697036344 0.009187348034917104 0.011700274534758718
1 0.5762821119658802 0.5559378070888902 0.015936481709382954 0.016919120424804212
1 0.3345142967846929 0.5381765385674265 0.01625654648761356 0.02067703047380837
1 0.7046737670898438 0.568358177212289 0.017653484733737276 0.02240125304053051
1 0.2323700651830556 0.13975253715665253 0.009394743004623738 0.010367074671260301
1 0.39286344878527585 0.54364474668282 0.017345350615832287 0.021481525584873967
1 0.16989106548075775 0.5292794222450763 0.015950378106564887 0.021575160745275313
1 0.5837470463344029 0.1399760395956681 0.009210236218510854 0.011104220668471202
1 0.6379765101841518 0.5632659306058816 0.018055195711097025 0.02182793305233743
1 0.17118886052345744 0.1397948079612343 0.009691043775908799 0.011162192057611901
1 0.6487533802888831 0.13865150702319318 0.008370302161391842 0.010228824275098738
1 0.26433450348523196 0.1403356611297739 0.009982284234494574 0.011450983352779828
1 0.023393936911407783 0.13873846410690424 0.010004755185574905 0.011179952899873153
1 0.20248631068638392 0.13972159776943344 0.009291512625558055 0.011247302013727829
1 0.9901367498903858 0.14257022373803072 0.011542806819993638 0.010726909335473213
1 0.8866398869728557 0.1422755713649166 0.010574807926100112 0.011704110876687152
1 0.08045810582686444 0.13989856680172455 0.008572714669363843 0.010210210912408953
1 0.9767052786690847 0.5853830101702322 0.013574716996173465 0.017136797307558082
1 0.32736287798200336 0.1417117711881755 0.010766788404815026 0.011741905949019098
1 0.1413804852232641 0.1386945237831499 0.009543594048947722 0.010611676990882226
0 0.4684438121562101 0.13811704775786765 0.009269091547751872 0.01873797275909427
1 0.519093571876993 0.13962607995975243 0.009276720942283122 0.010300862251310359
0 0.5390416748669683 0.0669035298440074 0.008927014409279286 0.01539985797777698
1 0.3907010603924187 0.14107607512196083 0.010190846968670285 0.011921361499226764
0 0.290029272741201 0.4212282124405277 0.022240580344686706 0.020106694307115255
1 0.051754873626086176 0.1388895023094939 0.008666077438665898 0.010586740768347435
1 0.4862664670360331 0.1408104439651016 0.007897357551419067 0.00872668328001132
0 0.9915815859424825 0.5863274607183164 0.016836828115034994 0.037357445178621516
1 0.9554887109873247 0.14248454543496245 0.009801125039859656 0.010809745903779696
1 0.550938080768196 0.13942413918324204 0.0095396236497529 0.011358911146497513
0 0.408049758599729 0.042469974666891154 0.013322012765066945 0.013273387855522106
1 0.42238733719806276 0.14111287558712615 0.00965445382254463 0.010722575689961475
0 0.735223186259367 0.12982404872419154 0.009440207967952844 0.016783285503190193
0 0.16007871043925384 0.07832524332874068 0.013599201124541611 0.017023127917086114
1 0.8178316233109455 0.14077882966587657 0.010900224958147362 0.010963128537547818
0 0.07700116293770927 0.4820399154756647 0.01187013120067363 0.0260413731836581
1 0.9209027193030532 0.14233219293004543 0.009577692771444424 0.011136900618231884
1 0.8518835573780293 0.1421022965878158 0.010311515963807262 0.010413537034615747
0 0.10388455098989059 0.10578798119688204 0.012110223575514186 0.01028963739900126
0 0.3372613556531011 0.12333157283559179 0.00815878109056119 0.019867420240171636
0 0.6217597650021923 0.04846401027827116 0.009561499770806793 0.009621261383025919
1 0.4531688300930724 0.14165191714975506 0.007037727200255053 0.008812929930031937
