1 0.16901786473332622 0.5247138201333995 0.014898971635468154 0.018650305241692762
1 0.8365450489277744 0.574724018295566 0.014163737394371913 0.017300339143099724
1 0.14098636471495338 0.13971310808683257 0.009418020443040489 0.010948777777000743
1 0.2324794847138074 0.141075542296693 0.009323353670081306 0.010887893609729193
1 0.22328489653918207 0.529757330988642 0.01632176613321108 0.02009561154154417
1 0.3340493124358508 0.5382291817038889 0.016638755798339844 0.019932780139693067
1 0.9052741381586814 0.5810798422638076 0.01500421640824289 0.017155410670247888
1 0.11469012863781988 0.5216892907830469 0.015573579437878673 0.019097310119723897
1 0.27783629359031214 0.5344990496121813 0.015597440758529988 0.01910512489031882
1 0.7043030407963967 0.5619735096362151 0.015838000239158122 0.0184457003388432
1 0.059573981226707 0.5199438262489803 0.014792714800153454 0.02004858083123641
1 0.39215072320432076 0.5410344712173687 0.016491948341836732 0.020065773326545307
1 0.45200301189811865 0.5446119311089986 0.015625700658681418 0.018635812394407543
1 0.5758296810850805 0.5522567659651927 0.016182335055604322 0.017988749389145693
1 0.6381416320800781 0.5584391730695956 0.016747766611527413 0.020856343937278
1 0.6487068643375319 0.13897805786900852 0.008841534050143525 0.010797100184089668
1 0.39015960693359375 0.1430133567524489 0.009391084009287332 0.010980036859380558
1 0.9761914623026944 0.5864185383174321 0.012935093470982222 0.016773907778476264
1 0.7702954350685588 0.5682301570612699 0.015683076819594965 0.01816380025047259
1 0.48598589215959825 0.143523519185561 0.007854539520886415 0.008361662449858113
1 0.9900380348672673 0.13943390764648572 0.010891038544324102 0.011291064729059531
1 0.9549874286262356 0.13978383176071685 0.010017706423389783 0.012278141298570728
1 0.2643719887246891 0.14145828844742292 0.009232112339564745 0.011102231454137934
1 0.5839083146075813 0.14072519192224758 0.010199332723812219 0.011630012642773236
1 0.6172567873584981 0.13889248613099378 0.00881086077008926 0.010804204520994176
1 0.20263671875 0.14081115439879202 0.00893744643853635 0.011514567168075099
1 0.5513462533756178 0.14173336837236514 0.009731837681361528 0.01210621634548185
1 0.008969991182794377 0.5190461222377277 0.015149806227002826 0.022606284203594413
1 0.6933179582868304 0.1384278624974395 0.030721547652264033 0.011928465836131252
1 0.5193245167634924 0.1427385610009828 0.00869898893395247 0.01048898509254152
1 0.1120383204246054 0.1403423392064641 0.008556132413903069 0.009921916920824354
1 0.17157465097855548 0.14065933471914288 0.00981724018953284 0.010941105093143898
1 0.08096757713629275 0.1408664971832781 0.008938390381482189 0.010538857537611121
1 0.32806964796416616 0.142287293520809 0.009022926797672203 0.011199134609515316
1 0.023381841425993005 0.13981839435975726 0.009525308803636204 0.010431724137091255
1 0.5134883024254624 0.5484465679965713 0.017110396404655687 0.01928458044052642
1 0.2941386164451132 0.14290011362219115 0.008995172928790653 0.011315219474534838
0 0.9911173606405452 0.5847773654491236 0.01691981724330352 0.03665596295267115
0 0.7208278422452966 0.12967794803575047 0.008495408661511508 0.012743759539291648
0 0.18251269204275947 0.47214336103758936 0.020558610254404495 0.04152825928851521
1 0.42253844592036033 0.1436574359362108 0.009603305738799448 0.010832408738505044
1 0.051738359490219425 0.13978294371860378 0.00972423748094209 0.009985287606012475
1 0.9205762902084661 0.13929352594925282 0.00982946279097586 0.01204938165024584
0 0.6334283789809869 0.04791125734541656 0.009979248046875 0.012192960299085778
0 0.062171897109673954 0.47150326028249395 0.01436342511858258 0.02862166834737244
0 0.14954121258794045 0.08024526142055077 0.0076329367501395025 0.012207453146370959
1 0.12078310518848655 0.1045671719432128 0.009585906048210305 0.010075796858175803
0 0.46810056725326854 0.1393402724860844 0.00915994449537631 0.016710110833073864
1 0.8864833286830357 0.13819569276740046 0.00896469427614783 0.011195582441063062
1 0.8515185920559629 0.13877100196992684 0.009473216776945173 0.010758239461222079
1 0.36990730129942606 0.14256937121760216 0.009547486597177957 0.009803061364412061
0 0.2666558374662354 0.41606405055105256 0.02133724991456756 0.022727729577472714
1 0.8181336850536114 0.1387301875544105 0.008825185347576535 0.010208861088397093
0 0.2953741891043527 0.12135024431629589 0.0072984500807158495 0.011950915540749469
1 0.4532746295539701 0.1431471314163606 0.006508963448660741 0.008209629640101811
0 0.3254536998515226 0.1230478256196261 0.008394747364277741 0.014515012816321525
0 0.3984036737558794 0.04453552510018994 0.014160779057716831 0.01226279593085702
0 0.1509414552892814 0.5122758750171501 0.011473924517402785 0.018052757378161963
