1 0.1129179876677844 0.5323286746878566 0.01530684257040218 0.020823663987517317
1 0.9761642144650831 0.5843177858947715 0.013405468999123128 0.017972267327527252
1 0.26809754663584184 0.13889163361056525 0.00937216622488838 0.011019181755724345
0 0.07896641322544644 0.07607888752122238 0.008627346583775109 0.015406251880991022
1 0.0581335972766487 0.5256925135853634 0.016022302666488953 0.019748351553652194
1 0.9576864437181123 0.14046428514942985 0.009922728246572043 0.012053431122281421
1 0.5125989719313018 0.5522228072347892 0.015901370924346275 0.019737552961557395
1 0.1681166473700076 0.5361984780431067 0.01625679950324855 0.02172932485610298
1 0.33277414282973933 0.5444662922024563 0.016829743677256082 0.021164814245671393
1 0.9040394997110174 0.5809768293786924 0.015861355528539484 0.018329757560561714
1 0.3914767674037389 0.5478720402711045 0.016866255779655642 0.02088888180030054
1 0.7697409804986448 0.56899934361792 0.014844933334661957 0.017502386484663665
1 0.8366537288743623 0.574940416397677 0.014528547014508982 0.01733387161328892
1 0.6364932936065051 0.5599371225059092 0.018792210793008607 0.020120050460495673
1 0.9923819717095822 0.13948861104065036 0.010285046635841878 0.011611754496928658
1 0.22205644724320392 0.5404480082059022 0.01774192342952807 0.022752207283612817
1 0.8892316234355071 0.13905361249198786 0.009354571906887725 0.010849032886861561
0 0.9907651628766743 0.5838366801995988 0.016480114995216878 0.03490715938025945
1 0.20625075515435667 0.1386420937767947 0.009219967589086428 0.010668227512642037
0 0.25658514061752635 0.057123344444427814 0.008532932826450927 0.011564439613144689
1 0.7033873577507175 0.5632184736353595 0.016345588528380146 0.01830816037637203
1 0.0075447200512399485 0.520406105451356 0.014144533750962238 0.018522569264149823
1 0.4255005972726005 0.13947298149946047 0.00843048095703125 0.009915309887503172
1 0.29739660146285074 0.13831284328295565 0.008742974728954061 0.010641373119143031
1 0.5747712193703165 0.5563124898172335 0.01654815673828125 0.01911634974262796
1 0.4506851118438097 0.548036931930658 0.016404833112444235 0.019189382326006105
1 0.2355575366896026 0.1397161629517015 0.008802725344288127 0.011020815753212362
1 0.39324480173539145 0.13935306029251252 0.009610545878507673 0.011720450851567515
1 0.27681518087581714 0.541751654027878 0.016363027144451533 0.019277191930145755
1 0.5217835173314932 0.14139989079806795 0.009396455725844967 0.011047101799759013
1 0.5530596752556003 0.14026696219190737 0.00927298409598213 0.011563445005978045
1 0.9230261043626435 0.13995195589356185 0.009359242964764035 0.011146704603160093
1 0.14471374239240373 0.13687890392215143 0.009202723600426507 0.010907998883168917
1 0.3742374108762157 0.13915591494341265 0.009178706577845948 0.01086750416281327
1 0.5859536930006377 0.13911485187610464 0.009093148367745602 0.010759660328602969
1 0.6950464054029815 0.13832705195676467 0.032707058653539574 0.01408747382140873
0 0.023311614990234375 0.05549797872573183 0.008448600769042969 0.01331310109881826
0 0.47221000827088644 0.13673631988047813 0.009795831174266561 0.018617199031717758
1 0.3305045536586217 0.13849201465968713 0.009187970842633935 0.010653805708725912
1 0.456076563621054 0.1410796272904131 0.00694126985511003 0.0096300707607875
1 0.11683995383126397 0.13640419213019275 0.009406693127690517 0.010544114746920444
1 0.08446830632735272 0.13669991015384256 0.009300446023746422 0.010586598681609357
0 0.12661645850356743 0.10497744739944767 0.0067081451416015625 0.013467975643336341
0 0.8004383943518814 0.522437732675936 0.018118099290497475 0.033266767989010515
0 0.6644802482760683 0.06684200628641442 0.007762208276865364 0.012899344517500196
0 0.12790784057305785 0.0699367975287526 0.0068515855438855255 0.012612329306558397
1 0.48852990598094703 0.14169848607816404 0.007891285176179827 0.008520657509780805
1 0.05588165108038455 0.13782342551360466 0.008828766491948336 0.010688190699343682
0 0.24739187590929926 0.05794840661083189 0.00944207639110334 0.012125184925016862
1 0.02795695285407864 0.13793329408383276 0.010058033223054845 0.010827506746040928
0 0.12200487876424986 0.3206594323505364 0.02623386772311464 0.02019791399296895
1 0.620134314712213 0.13836875441439409 0.009523041394292104 0.010418083810234612
1 0.6517929544254225 0.1384422132579866 0.009581741021604041 0.010243459209122013
1 0.17484917932627153 0.1371192791613152 0.009226507070113188 0.01070261250325983
0 0.85650634765625 0.12660503815107815 0.01001755072146033 0.02161721841974993
0 0.28080496496083784 0.10484800638104769 0.009307316371372755 0.010717460567390232
1 0.15366017088598133 0.0024102883815896297 0.0070488988136758746 0.004820576763179259
1 0.8201304065937899 0.138567604804351 0.009587657694913923 0.011177182208480404
1 0.00584876795812529 0.0025867778711396645 0.008366886146214544 0.005173555742279329
0 0.4090195871017789 0.06619541974907786 0.01121918930138109 0.008483029553119846
0 0.2603033775103601 0.10599249261002949 0.008373823835170425 0.007082443368410068
