1 0.4503626920738999 0.5535493290215973 0.016356954769212388 0.02102201707389092
1 0.11373079066373865 0.5280564106469666 0.014915738786969873 0.01897682056582348
1 0.9037394620934311 0.5824450826867453 0.015296157525510105 0.017003519947229727
1 0.1675859762697804 0.5304257070046173 0.014895614312619574 0.020196493125588126
1 0.05851063436391403 0.5258623072373809 0.01555927432313258 0.020719656495235425
1 0.3331871032714844 0.5445997116495228 0.01687544219347895 0.02135506838797388
1 0.9566200412049587 0.14168996087387867 0.010417704679528069 0.012427190286827133
1 0.6925793083346621 0.13976361992222355 0.029614506935586732 0.012756618389088785
1 0.22210541549994026 0.5346412784370093 0.015189501704001919 0.01924479615386127
1 0.23407718113490514 0.14171035032079457 0.009637248759367048 0.011369922868699483
1 0.3918588599380182 0.14333017465670503 0.009588591906489146 0.011691465156997143
1 0.7032497950962612 0.5723160743451549 0.016428110550861057 0.01862956057793159
1 0.007911429113271286 0.5211033961185326 0.01582285822654257 0.023546614236273983
1 0.2772966112409319 0.5393521642383832 0.015684011031170283 0.018359027428608263
1 0.835577984245456 0.5786966924491932 0.013729796117665793 0.016436451775512517
1 0.7689839577188298 0.5751493549460385 0.015658631616709207 0.0174833468617596
1 0.6501437595912388 0.13881632763937754 0.009003308354591878 0.01081322702886288
1 0.20342807380520567 0.140874240910504 0.009014402117047998 0.011053637789711166
1 0.29732322692871094 0.1410611560144614 0.009369168962751123 0.010878586928384289
1 0.3915958015286193 0.5478741715721759 0.015792068170041494 0.01793134634695739
1 0.053358350481305813 0.13887124416364932 0.009850463088677852 0.011404449946055354
1 0.26564434596470426 0.1416932999122238 0.009719303676060255 0.011781263975470014
1 0.328521271141208 0.14163401422075572 0.009368254213916986 0.010819052585124578
0 0.9913160363022161 0.5816523807749413 0.017367927395567553 0.043457655105039225
1 0.5745029838717715 0.5630947160864832 0.016376106106505146 0.01823342275213669
1 0.6371978059106944 0.5690268374017405 0.017898170315489428 0.021162682944600112
1 0.5126352115553252 0.5568646388814512 0.015811998016980258 0.01819307011851914
1 0.9753688890106824 0.584146358245266 0.012603759765625 0.015314676978292035
0 0.47030394417898996 0.13853734032913786 0.010323271459462668 0.01973371661962894
1 0.17298422054368623 0.14051511667998154 0.009302178207708857 0.010778984124983208
1 0.1427228694059411 0.13943220260562864 0.009626816730110007 0.010970374961190427
1 0.6177971509038186 0.13888992856970817 0.009592017348931699 0.011821332435611405
1 0.02472664385425801 0.13870596176556615 0.009658253922754403 0.01166546328392667
1 0.4237456808284838 0.14384989242295373 0.009176448899872474 0.01084249689690943
1 0.5202425742635921 0.13931320496247826 0.010189679204201253 0.011201834257539015
1 0.37334076239138236 0.14312794970671844 0.008722422074298465 0.011184499675492062
0 0.13254321351343273 0.07646955500760083 0.007589262358996328 0.015583860303603512
0 0.4839303931411432 0.06712191716045171 0.007379960040656905 0.013722310904517447
1 0.11309861163703762 0.13848235276149704 0.009115180190728643 0.010334678894975795
1 0.8882232977419483 0.14264407332015297 0.011460284797512725 0.010506745934802752
0 0.021173929073372667 0.0732578619014991 0.007486938213815495 0.0128155133420271
0 0.21352059500558038 0.1020181358618783 0.00700705392020088 0.014315096775828897
0 0.21445465087890625 0.3839520408760937 0.01982965274732941 0.019608538203371644
1 0.9217670207120935 0.14134422831842117 0.008924990284199663 0.010617857763989151
0 0.23163096758784077 0.10319038697280526 0.010631094173509216 0.011395853698400906
1 0.08212397049884408 0.1383698911082988 0.008545311129823013 0.009929021257728841
1 0.8530774797712055 0.14270545479100785 0.009846278599330278 0.009879006725921163
0 0.9938552233637595 0.12566456603166049 0.009433357083067553 0.021060522579913307
1 0.8198718635403379 0.14297385663925985 0.010769902443399234 0.011233661686871187
1 0.1787128448486328 0.002867985286662026 0.007705493849150987 0.005735970573324052
1 0.5524209470165019 0.13808266276724987 0.010113463109853386 0.01070680406203349
1 0.4870278883953484 0.14180522874015417 0.008350372314453125 0.009063713022760767
0 0.6490761893136161 0.053564888654017456 0.018105487434231474 0.015266296443972373
0 0.4179812840053014 0.5012841432825736 0.014427652164381362 0.016279730103399313
1 0.202727882229552 0.004138631463716329 0.009677925888372919 0.008277262927432657
1 0.992336351044324 0.14123308096755027 0.009887383908641655 0.01335729007436424
0 0.3390687825728436 0.05071594299025949 0.009549510722257673 0.012115025723243415
0 0.007582803769987457 0.5161712812659528 0.015165607539974915 0.02958615312552723
1 0.5846882255709902 0.13797147989469444 0.009283104721380707 0.010518397047326149
0 0.24916027547606498 0.12010493636644214 0.005305268463163186 0.007262032279733485
