1 0.11782751278001437 0.3523904558309013 0.015540239762286747 0.021710995666889332
1 0.28079529197848574 0.3587613409933805 0.014378800684091973 0.017209829890936355
1 0.06251340496296784 0.3472189248246397 0.015851147320805763 0.01870344568173842
1 0.22600158380002391 0.3567941501045245 0.015945551346759405 0.02004318153518897
1 0.45465625062280773 0.3681238624263445 0.016774703045280687 0.019920560680217313
1 0.012353981027797776 0.34461518534914054 0.01544728814339151 0.02060527667107299
1 0.3366034371512277 0.3602072156401842 0.015241350446428612 0.017588491047946204
1 0.5163318867586097 0.3726714905656529 0.017017364501953125 0.02159860505706012
1 0.1727076160664461 0.3547648673111231 0.015974550831074616 0.02145197154335126
1 0.7728159378985969 0.3781647059469502 0.01666508888711733 0.01792168444876726
1 0.9795952621771365 0.3878170843256178 0.013849219497369386 0.017448535610927594
1 0.9083063553790657 0.38281151062944535 0.01621791294642852 0.016425511096679574
1 0.6402051886733698 0.3751432314614664 0.016309154276945077 0.020240255840919808
1 0.7073924784757654 0.37585735940710674 0.017349865971779378 0.019921697374122027
1 0.3955324523302974 0.36368379394777023 0.016629433145328453 0.019087364048057567
1 0.8404729414959343 0.38035042623898857 0.01405163200534113 0.01603164665869414
1 0.5786149939712213 0.37334952847981834 0.016752126265545283 0.018506513462745636
0 0.42482889914999206 0.32948479487015125 0.024653999172911348 0.026297697659172448
0 0.9922852808115434 0.3851623357111443 0.015429438376913174 0.03669247924436027
0 0.5643013545445034 0.3213705054313078 0.013069775639748036 0.02310671369514736
0 0.7277524519939812 0.3636910403714128 0.009630942831234094 0.011670436319759857
