1 0.7781031861597179 0.3872187570715208 0.01788548060825898 0.02042837868215097
1 0.5363886307696907 0.3723046226079045 0.016158201256576816 0.021736713366483605
1 0.14878611661949936 0.35883835200542524 0.014892344572106194 0.022688694511686574
1 0.20364776922731984 0.36212652329830386 0.01599736116370378 0.020667084402142124
1 0.4195717792121732 0.3697480559294512 0.01563589913504463 0.020252475300395516
1 0.5947562237175144 0.3728128668700524 0.015677782954001965 0.018006368144668845
1 0.31017048504887795 0.36658520513956794 0.016055048728475768 0.020877941121467684
1 0.3654970441545759 0.36837230108789487 0.016925578214684274 0.021675047722152573
1 0.2556950900019431 0.36466724730546013 0.015592069041972259 0.019811295978626083
1 0.04335612180281659 0.351436485471365 0.014671082399329365 0.02130107542749967
1 0.478808305701431 0.3726324167126781 0.016689923344826253 0.022504976359336244
1 0.9097657495615434 0.3961930264926539 0.017337721221300898 0.020100868750853554
1 0.09661246319206394 0.3556843105933035 0.014815194266183032 0.021438331216494598
1 0.8426280118981186 0.39190136761201466 0.017840015644929923 0.02030732078129824
1 0.7143894117705676 0.3824749071469101 0.01626555773676656 0.018649168547788007
1 0.9788444674744899 0.4015081361477553 0.018034643056441427 0.020098879536520245
1 0.6545189838020169 0.37613748341125114 0.01573617117745537 0.015948383830173336
0 0.8129977790676818 0.3139390848557249 0.024461395886479602 0.022388038973888188
