1 0.695647414849729 0.14026220228618136 0.03012302943638389 0.012593715943868633
1 0.33285253875109616 0.5359576410220441 0.01556412054567922 0.018391707378368947
1 0.16850887512674137 0.525352357934376 0.015179079406115492 0.01953465309956486
1 0.9754143539740115 0.5798704709925546 0.01244229686503518 0.015912862145650877
1 0.391915885769591 0.5407229460441063 0.016976959851323352 0.019223341056409726
1 0.11434646528594349 0.5220560876974262 0.015010210932517544 0.018493015222627158
1 0.6200121665487484 0.1423752452116867 0.009449238679846931 0.010745877915008226
1 0.8364200202786193 0.5718273670094943 0.014583976901307447 0.016250460235352676
0 0.9904707305285396 0.5773465842638621 0.017064620037468003 0.03622075127390156
1 0.5749117014359455 0.5533268922331175 0.016107364576690025 0.018368547240060294
1 0.22239190704968512 0.5285845470524472 0.015718187604631735 0.01899443932134672
1 0.2676238624417052 0.139333310235918 0.009586022824657233 0.01133148840604613
1 0.29932333498584984 0.13912557942483042 0.009401516038544302 0.011316356168439548
1 0.05884573410968391 0.5179099966799601 0.014440448916688255 0.018881338277827137
1 0.8899117294622928 0.1395090004875663 0.009618330974968002 0.011634488375023053
1 0.008354064761375894 0.5144908214145625 0.014352006571633475 0.01902200414853624
1 0.6371296863166653 0.5574653816100957 0.016747143803810628 0.018937888799586928
1 0.5123870616056482 0.5503616130525483 0.01690704968510844 0.01936414901385689
1 0.4508935578015386 0.5451386466470982 0.01581386644013071 0.01832322157060956
1 0.7695515691017619 0.5667962177004656 0.016054581622688156 0.019173752784816263
1 0.6512751287343551 0.14220509634282394 0.009606264075454434 0.011331062145831874
1 0.7033056920888472 0.5630626044836748 0.01680179518096304 0.020693512535426898
1 0.9925647657744738 0.13889227300088666 0.010112528898278069 0.010599173357930316
1 0.8544539626763791 0.13988261756537393 0.009791938626036303 0.010848322453171128
1 0.9042601293447066 0.5771158354012039 0.015727918975207335 0.017857177069674362
1 0.4254194765674825 0.138895221300702 0.008176064004703498 0.01000411409880941
1 0.23535724562041616 0.13996460161325186 0.009134720782844358 0.011413614540662158
1 0.20583686050103636 0.13860380140087944 0.00896469427614797 0.010598960227823166
1 0.5860801229671556 0.14179766262135088 0.00964939350984534 0.011076229581067463
1 0.3281765373385683 0.1383842773905304 0.008349360251913266 0.010358123206760625
1 0.923458566471022 0.1398165827538466 0.009341960050621819 0.01126357094523912
1 0.026881198493801817 0.13683016817098656 0.010710589739741108 0.011656369732688916
1 0.45614102421974656 0.14231535565158177 0.007600745376275543 0.010035017964343976
1 0.5542085608657527 0.14127428612159637 0.009781973702566898 0.011206238946419825
0 0.6104219397720027 0.06979027058009729 0.009199804189253835 0.015296916136030762
1 0.2781680749387157 0.5324948451280528 0.0155147630341199 0.01762230769161168
0 0.2870083244479433 0.49503133219944717 0.01288460712043605 0.028900442527505028
1 0.1149227083945761 0.13661170981117318 0.008816388188576206 0.010230813489432004
1 0.05503158180081114 0.1362065849991941 0.008871156342175541 0.01028956635563221
0 0.6301734301508689 0.08551231023649333 0.009262162811902133 0.01519901837348677
1 0.5216908357581314 0.14165298280029073 0.009498751893335423 0.01014698231395891
0 0.4722305609255421 0.13765412916517045 0.009944526516661303 0.021888604089501808
1 0.1437115377309371 0.13685652526090228 0.009090306807537472 0.010864946601527627
1 0.08388529018479951 0.13684934988062872 0.009493516415965802 0.010822178493362556
0 0.17673611154361646 0.08013450480820963 0.009350017625458389 0.013790583582169693
0 0.4912746974400111 0.12837927524960793 0.010843705157844405 0.0187737075737239
1 0.37326166581134407 0.13828424832691505 0.007788755455795565 0.010231950183336716
1 0.17406459730498647 0.13798973804053902 0.00920852349728953 0.01085912104526595
1 0.8213887117346939 0.14145406136696476 0.010871420101243638 0.01162120326501164
1 0.3932135445731027 0.13782456220750938 0.009140326052295939 0.01073166924119923
0 0.38517942549198414 0.49919499754680013 0.029548521938345146 0.02684521109649894
0 0.9564266594088808 0.13728573377498762 0.008849163444674775 0.01316042889874055
1 0.002860182402085285 0.0028546291332815664 0.0054475871884093 0.005709258266563133
1 0.12286212492962274 0.0025612555408102496 0.01603221893310547 0.005122511081620499
0 0.5002578423947704 0.03753349064711498 0.009681545958227077 0.011780127281565302
1 0.48872255956724625 0.14275648309934305 0.009372761416358134 0.007738582536055688
0 0.4012326243447525 0.5348893289961109 0.009745547502984562 0.014366194292516263
