1 0.9752858220314494 0.5706025793271585 0.012822365274234656 0.016339122359920924
1 0.16879918623943718 0.5145993756824632 0.015491835925043858 0.0187416670142846
0 0.9906536024443958 0.5704006030289636 0.016888832559391092 0.03429192380432977
1 0.3334047356430365 0.5270663502559556 0.015984905009367 0.02019706147254044
1 0.3922078658123406 0.5311766354154229 0.01532449527662631 0.018154138352282502
1 0.11474336896623884 0.5124562814118517 0.01511235139807878 0.018606684613099136
1 0.5530714307512555 0.13044287199025797 0.009116659359056138 0.011619427180785524
1 0.8364419742506378 0.5628734870352772 0.01422991071428574 0.016077114414882975
1 0.059836562798947696 0.5100527421503215 0.015711745437310663 0.020637530360619334
1 0.008651878760785473 0.5074951808647016 0.013967982360294885 0.02062730011547693
1 0.45188078588368935 0.5370831811178239 0.01673671177455361 0.02059405181876385
1 0.6933106402961575 0.1294509289499672 0.03051570970184955 0.012235444233774687
1 0.9919720085299746 0.13501152896680368 0.010385785784040232 0.012610482178963251
1 0.5211751509685906 0.1331090585871477 0.009115258041693301 0.011131856539029712
1 0.22282754158487122 0.5178444236503316 0.01494294769909913 0.01860483748550397
1 0.5131910285171198 0.5404041744472015 0.015032554159359002 0.018157264260520438
1 0.8541376542071907 0.1340862246066771 0.009635146783322605 0.011632641247427886
1 0.7036849819884009 0.555920188333367 0.016931961993781906 0.020638524967786072
1 0.637753389319595 0.5507451051586532 0.017563333316725112 0.019498847241566156
1 0.296112839056521 0.1300905679231638 0.009400270423110684 0.011284812912583576
1 0.2776778084891183 0.5226255003003218 0.014464514596121678 0.018014040828525712
1 0.9576300796197386 0.1340986927179445 0.010914082429846931 0.011925197841155196
1 0.9047018557178731 0.565307788075604 0.013518975705516467 0.014397222910444915
1 0.39288049814652426 0.13199239891249842 0.010096647301498738 0.011742190122495277
1 0.3295018818913674 0.12939746881476083 0.009025865671586008 0.010487990485374889
0 0.47232982090541287 0.1299285535200567 0.009579716896524234 0.021358478469688035
1 0.7701413680096062 0.558919923547923 0.016028735102439372 0.018112080677807844
0 0.19781034819933832 0.07448581101375736 0.007976376280492678 0.016651500053611736
1 0.026545597582447282 0.13006236370565297 0.010184648085613639 0.012374476106995753
1 0.8884065589126277 0.13369914481043543 0.010882007832429827 0.013335834976912677
1 0.2051693274050343 0.1271698329349859 0.009011521631357645 0.010265198480049776
1 0.2671788079398019 0.1292479225229211 0.009529970130141934 0.011135408707481946
1 0.373992141412229 0.13228829454457083 0.008690503178810581 0.01124033976356142
1 0.4560585021972656 0.13415620232518644 0.007190315090880053 0.0094930281018997
1 0.4249118882782606 0.13276797937236262 0.009369363590162612 0.010795608273339728
1 0.4881148435631577 0.13444417662161032 0.008581901083187219 0.009522795273529554
1 0.23554823349933235 0.1277980694474508 0.00956399100167412 0.01126364198860817
1 0.05494041832125917 0.12893838656399206 0.009682412050208266 0.011186630976563406
1 0.6182103838239398 0.12858586936679078 0.008820125034877153 0.010637323647107491
1 0.14355953372254665 0.12795251773175462 0.009870898966886579 0.011414396017721663
1 0.5764613248863999 0.5449105263890947 0.015791912468112276 0.01794214493905219
1 0.1742213112967355 0.1284438181503853 0.009181820616430155 0.011122194640839581
1 0.11503616644411672 0.1282519655322793 0.009493107698401618 0.01075809737448398
1 0.08353531117341956 0.12853834135289968 0.009024114024882403 0.010380714998116942
0 0.8886217389787945 0.1024567576223621 0.009277655153858345 0.017706138867084713
1 0.8211920601981028 0.13395781371712828 0.011433504065688717 0.010643149203369168
1 0.6506263577208228 0.12836357466504897 0.009320784588249345 0.010464546173590036
0 0.5876267880809551 0.12004865875202246 0.008692994409677957 0.018513759886388266
0 0.5780719056421397 0.5338304604660988 0.02089691162109375 0.02636092625762258
1 0.5860577797403141 0.12681237822363597 0.009470569844148577 0.015921458393305346
0 0.42746617842693724 0.5074798354969878 0.026003467793367374 0.05700434680127744
0 0.5740772169463488 0.02759615731520787 0.008098213040098896 0.009381418969130006
0 0.5623283711519006 0.019329405902869367 0.016259575083104418 0.010990943462586826
