1 0.6936134026975048 0.13999500817520313 0.030009211326132018 0.013295624430033185
1 0.11356766369878031 0.5262605763642472 0.015137302632234539 0.020062931591783486
1 0.05912235318397989 0.5226727441407367 0.015410598443478949 0.020471430963792156
1 0.27713398057587296 0.5344986233519671 0.015269921750438436 0.017790680476248287
1 0.45152757605727833 0.5449624590918667 0.017482835419324008 0.02084384030432609
1 0.2219165101343272 0.5322340449202887 0.01583698817661831 0.01957301651884918
1 0.8359421710578763 0.5722192422331466 0.013929405990912051 0.01635730946239639
1 0.9564398940728636 0.14135321530460537 0.009312220982142964 0.01143542485495897
1 0.7695545274384168 0.566344950220292 0.015117567412707242 0.018171188760853257
1 0.3334818470234774 0.53640429068323 0.01469327965561223 0.01766166571806249
1 0.16876360834861287 0.529414759863107 0.016413085314692273 0.020887603019657856
0 0.47123305651606345 0.13770258074285913 0.010107390734614146 0.021324803912760718
1 0.5847596149055325 0.13959457222558097 0.009007979412468095 0.010518183917218999
1 0.6376303847955198 0.5563696086859456 0.01578903198242197 0.018622456241027124
1 0.8527307315748565 0.14168917939681916 0.00945110710299738 0.0111099041379948
1 0.5755576308892698 0.55165886497131 0.01635960170200889 0.01722318604431682
1 0.6496323566047513 0.13978692214727031 0.009094082579320734 0.010489695526231977
1 0.7035006309042171 0.5601858453409359 0.014421735491071482 0.016668905679027804
1 0.9043245899433994 0.5783701771250624 0.014649371711575225 0.015992999065933575
1 0.39176660654496176 0.5408621200040655 0.01649552948620855 0.018690089528357913
0 0.312054342153121 0.4966080687320319 0.01351418787119344 0.02753044219884119
1 0.32869903408751194 0.13934865560363174 0.00936290196010044 0.011373759210627915
1 0.42417759798011 0.13923555456011208 0.008978396045918413 0.010898336984978786
0 0.990669873295998 0.5844880058070033 0.01703752790178574 0.035946808042864015
1 0.2978253461876694 0.13953216062587492 0.009421912991270725 0.011529770449050729
1 0.991725999481824 0.1402831245583651 0.011087067273198354 0.011783111103065201
1 0.5123046563596142 0.5494443721148083 0.0159759521484375 0.01952612789527948
1 0.8877082357601245 0.14225212705313173 0.010030006875797156 0.012432163322660297
1 0.6177359211201571 0.1406291768089833 0.009942424540617048 0.012475641864515823
0 0.6196518333590761 0.06768077982304418 0.00830257182218591 0.01705864960160862
1 0.008214231048311506 0.5191433095665813 0.014938465186527798 0.02096432985822642
0 0.5115663178113042 0.12744633372730904 0.008112849021444516 0.01641819362966796
1 0.9221087085957431 0.14172914129190697 0.00932436573262107 0.012772390017016792
1 0.5210628120266662 0.13952882158752983 0.008512380171795285 0.010310666236238568
1 0.05441263743809292 0.13894594626620013 0.0104437847526706 0.01263399753411713
1 0.17301559448242188 0.13738512344828155 0.010045810621611924 0.011844563617289108
1 0.26654687219736534 0.1385870351657848 0.00925756960499041 0.0106525269280831
0 0.177829664580676 0.0792127526165353 0.007948427784199616 0.014528440013071029
1 0.5524497129479233 0.13904572667802387 0.009168585952447324 0.010402880529258982
1 0.2348926505263971 0.1384605069255157 0.009698867797851562 0.01117505090740906
1 0.14308456498749403 0.13645054792849462 0.009470764471560091 0.010841076029528541
1 0.4876980294986647 0.14067961760100525 0.00846855007872296 0.009056111382272972
1 0.3734731090312101 0.13835568243448979 0.007686692841199008 0.010001201320678561
1 0.39191234355070154 0.13794178376643362 0.008704672054368638 0.010390945243259429
1 0.11451197643669285 0.13658407394061467 0.009691043775908799 0.010241469994788747
1 0.025378319681907187 0.13806980391745272 0.0092472251580686 0.011285097086059756
1 0.45480876066246817 0.1405709567680509 0.00799996512276787 0.009817270038221058
1 0.20405909479880818 0.13781291109498603 0.009255000523158495 0.01097129852498801
1 0.08273084796204859 0.13833504433578223 0.00935371554627711 0.011649407482522507
0 0.9906471408143337 0.10661762566058952 0.00942868602519143 0.01697247399495704
1 0.9764828584632095 0.5829081433661807 0.012264640963807447 0.01647779901629672
1 0.8188942111268336 0.1414423036893878 0.008133090272241766 0.010902741673859575
0 0.5159501834791533 0.03807462798913072 0.011585235595703125 0.010210352999147037
