1 0.20459073903609296 0.3605215115048393 0.015321692641900518 0.01967148262834553
1 0.31115313938685824 0.36682746302801134 0.015739207365074944 0.019728175236843462
1 0.09689142266098334 0.35157800386250265 0.014661263446418611 0.018857751879304142
1 0.7158324572504783 0.38561253754078245 0.017627326809630146 0.019724907241867342
1 0.47939230471241234 0.37313881384723085 0.01604064630002386 0.01990010018993234
1 0.044857769596333405 0.3477212014437878 0.014946976486517456 0.02011195151642451
1 0.8442788416025591 0.39231071950445195 0.016924021195392124 0.018420693072939295
1 0.25710160391671316 0.3651892029378337 0.015680663439692273 0.01982280500441138
1 0.4211432787836814 0.3707452206573668 0.016450220224808663 0.021288003447595405
1 0.3668043175522162 0.3701412099337462 0.016872873111646987 0.023487506153228487
1 0.7796545223313935 0.3896971760440246 0.01910618373325898 0.023560254563130604
1 0.14971290315900532 0.3565830802550918 0.015003574137784992 0.020436761799698246
1 0.595701957235531 0.3795513304239704 0.01673375343789858 0.02143691034911369
1 0.5382800978057238 0.3761820986470114 0.017342236577248035 0.02150198607515894
1 0.910882365946867 0.3969578794037924 0.016606544961734655 0.019979242503048427
1 0.6550704800352758 0.3823748780832948 0.015791912468112276 0.018795233714544512
1 0.9801909777582908 0.4019552831125246 0.017861191107302207 0.019463751817257992
0 0.8185594094685004 0.1826043911245705 0.020209111118202002 0.023295090559664586
