1 0.09830933201069735 0.35094102901564517 0.014482478706204154 0.021103859035030773
1 0.48067676777742346 0.3717317288799256 0.01658420173489315 0.02211295904894589
1 0.2058797563825335 0.3536408191260932 0.01635851178850449 0.02041985347786555
1 0.1513290210646026 0.3519835194130115 0.016015344736527437 0.02128573005978598
1 0.2578376847870496 0.3575999950396019 0.01421652034837369 0.018033790885120228
1 0.36762478886818406 0.3660258096517076 0.016438386878188764 0.02188562026800193
1 0.31191530033033726 0.36108808237297313 0.015485296444017029 0.019125585380603792
1 0.9120190678810588 0.3918469483913263 0.017168940330038362 0.019764833615270677
1 0.5386613729048748 0.37421227915350075 0.016771511155731757 0.021350521612354994
1 0.04581043671588509 0.3473941177727047 0.016102829758001837 0.022692815027091206
1 0.7801400009466678 0.3872542787560433 0.019131096041932447 0.021655439752296154
1 0.5962122313830317 0.37701835014404006 0.01580662630042253 0.019833035249553824
1 0.42208220034229516 0.36781695507207013 0.01639961709781568 0.020330623006345035
1 0.7164814228914222 0.3842460183372019 0.018434174206792102 0.02045026003981681
1 0.8445965513891104 0.39067288567448855 0.019270604970503837 0.022727626277923213
1 0.9801953374123088 0.3955926389808546 0.017066021354831026 0.019634540076442074
0 0.8093349690340003 0.197219518377151 0.023821305255500656 0.02424951732960515
1 0.6563491821289062 0.3797313543211304 0.015007953254543975 0.01364686284659163
0 0.6560604329011878 0.36243811951493526 0.022064364686304173 0.03290657810795242
1 0.002527627713826238 0.34854189444299566 0.005055255427652476 0.015310698549625502
