1 0.20565521473787268 0.35749136972833206 0.014120335481604743 0.019700042062701626
1 0.42124152670101245 0.3668639082763314 0.016796501315369902 0.019886033602861463
1 0.096999927442901 0.349262345248481 0.014178373375717476 0.01770017122408496
1 0.9113617721869022 0.4040980221662908 0.018014401805644273 0.02159917340401248
1 0.7162231133908642 0.3874703926846782 0.0181037747130102 0.021239409783168635
1 0.257674080984933 0.35963602695306246 0.014210681526028396 0.018452094242057168
1 0.367095947265625 0.36330442235706994 0.015367936114875655 0.019184551376911104
1 0.045118906060043644 0.3459135739618069 0.015274320329938617 0.020594620165716206
1 0.7801730097556602 0.3936308473880461 0.01843230578364156 0.02138717999078225
1 0.3118626730782645 0.3621674442788738 0.01627676827566963 0.020464752887101985
1 0.5964465238610093 0.378507063942378 0.01737508968431119 0.02145367658420833
1 0.5389891643913425 0.374825241341621 0.016894437828842535 0.021813724378528368
1 0.48053161465391825 0.3720248538206053 0.01666586739676338 0.02220446290827587
1 0.15021658916862646 0.35346250026979026 0.014920273605658075 0.022455388087742778
1 0.6564768382481166 0.38142687536675834 0.016751075277523064 0.018056951023428924
1 0.9796572315449619 0.4081566587964624 0.017546050402582898 0.02120118845062241
1 0.8440812558543925 0.39911880556003404 0.01897119016063445 0.022137540054635536
0 0.18382804247797752 0.32356347214698883 0.015269376793686238 0.021481809758350123
1 0.0023181341132339165 0.3473865161322169 0.004636268226467833 0.015774611749489336
0 0.8122133527483258 0.25153998878264655 0.031351206253985964 0.02205782939456701
