1 0.09766393778275471 0.3518526575272306 0.01459219017807319 0.01868667944664378
1 0.20553758193035515 0.3620022684458442 0.01542383310746171 0.020905505948657168
1 0.47977556501116075 0.37321326729799 0.015688059281329717 0.020054690560974267
1 0.3117795671735491 0.36886640771960283 0.01603402896803256 0.021877379237192712
1 0.7168783849599409 0.3846711418575671 0.01770097382214605 0.01999018318188137
1 0.36691809673698583 0.36932250614887163 0.01608486564791935 0.02074111159268701
1 0.04505467049929561 0.3456629329558161 0.015316766135546627 0.018733283896737323
1 0.150552613394601 0.356384514038611 0.014423993169044956 0.020496011969481802
1 0.5380052839006697 0.37446959823618176 0.016299812161192646 0.019808880504078558
1 0.5961077943140147 0.3781726628042832 0.016396191655373128 0.019713398216082045
1 0.9121360000298947 0.39621057420480804 0.017005764708226984 0.020388878568961977
1 0.2575561367735571 0.3657414940887896 0.01523683509048152 0.019863725984981324
1 0.7799383669483418 0.38865496982013453 0.017618296097735967 0.021067769003555958
1 0.8447235263123806 0.39091606712672966 0.01749731569874055 0.019274634368860174
1 0.9805284616898519 0.4014196161099253 0.017928454340720622 0.020035793024808304
1 0.42076936060068565 0.3699201229692782 0.015479730100047811 0.01822233998656565
1 0.6556270365812341 0.38025650690511104 0.01590915602080679 0.017575276981303883
0 0.6196389100989517 0.3598267073555792 0.01747489462093432 0.026323841618980978
0 0.8177500355000399 0.1930208375057494 0.01823176169882017 0.025283233870894404
1 0.0022481324113145166 0.34693027561620987 0.004496264822629033 0.0169296348434229
