1 0.0977812299923021 0.3492742094911115 0.014641469838667898 0.0198893015978375
1 0.5960990750059789 0.37571378075826684 0.016987547582509543 0.020500985005314946
1 0.4803155003761759 0.3714341992503652 0.016788482666015625 0.02395980247063964
1 0.20601607342155615 0.35289727922566827 0.015664314737125304 0.018251609854612195
1 0.3672250241649394 0.3634352842428508 0.01645146584024233 0.021372545056758976
1 0.311547259895169 0.35992474720486134 0.015831694311025168 0.018491878528722406
1 0.7796769434091997 0.3862042577615582 0.01772666464046557 0.02118030170012318
1 0.25793211800711496 0.3560675185259322 0.014507293701171875 0.018805321872948942
1 0.5386465033706355 0.37278665186687476 0.017292411959901104 0.0218759583698118
1 0.15038236306638134 0.351229678224075 0.015185881634147805 0.020416585482889472
1 0.04591345422121943 0.347187878872367 0.016027817920762667 0.02185947630819336
1 0.42157924418546716 0.366691059759445 0.016283307756696435 0.021110821285197184
1 0.9114091055733816 0.3914591936830786 0.016716470523756362 0.019043175072511544
1 0.8446335305972976 0.390490375259412 0.018551106355628275 0.02105824919210384
1 0.655870398696588 0.37873077951150064 0.01650642862125318 0.018488610533746327
1 0.715704937370456 0.3828474585741821 0.017916620994100768 0.021318125836070508
1 0.9792552091637436 0.3959646931045433 0.017401559012276944 0.020382058405533626
0 0.8231408255440847 0.17537346926570713 0.020445531728316337 0.023147776762455365
1 0.0027906785205918916 0.34837963138809686 0.005581357041183783 0.02034767341491583
0 0.8432190592639707 0.3683026324612447 0.022427494357954283 0.029121299439131308
