1 0.097822228256537 0.34732200875312397 0.01393898165955836 0.019267387945217564
1 0.5397491844332949 0.37088617070155205 0.016444147849569518 0.020237698279634186
1 0.20620163119569115 0.3527699695083396 0.016519974689094382 0.020195640605159527
1 0.25848805174535633 0.35537086724907696 0.014329949203802629 0.019152723947578932
1 0.15063215761768578 0.3499423013336106 0.013991394821478388 0.01918796145862528
1 0.31219330612494023 0.3565308633788437 0.015731344417649888 0.02006634167349762
1 0.4217813452895807 0.36186664665433727 0.01594216482979912 0.0197202183795104
1 0.5971977856694436 0.3757108679801359 0.01700887874681119 0.02144401468601828
1 0.8452679381078603 0.39273818745599576 0.018957021285076533 0.02173642919300745
1 0.6562552160146284 0.37936221297557265 0.016298099439971275 0.018858888573208898
1 0.9120558135363521 0.39631600256447086 0.01846562599649233 0.02142923766525691
1 0.36720018970723056 0.35823270728431666 0.015525428616270725 0.019078128410081736
1 0.7805823501275511 0.3877895194984283 0.018633628378109002 0.02127379477378643
1 0.48109949851522643 0.36799712105596816 0.017265008420360405 0.01979865025893607
1 0.04571115727327307 0.3460344897759215 0.015875388164909517 0.023004837503936833
1 0.7167127181072624 0.383279970604928 0.01868687843789858 0.01934724069202415
1 0.9810001606843909 0.4006621517091676 0.018965740593112276 0.02027421457132326
0 0.8125392368861607 0.21374718983851732 0.0205162204041773 0.02469311212592213
1 0.002492441206562276 0.34842481497080946 0.004984882413124552 0.01798221339919358
0 0.4750640388938261 0.3465477212734154 0.014376078205865504 0.01908214864993801
