1 0.4679428022734972 0.5707952489440086 0.015839635109414857 0.01962274687718062
1 0.6971672213807399 0.17018424846055338 0.009267378826530595 0.010776284476959488
1 0.02641969250172985 0.5435810207807865 0.014577516487666541 0.020731875954711137
1 0.18567334389200016 0.5518702900375879 0.015810440997688156 0.01956790139627794
0 0.313914493638642 0.037869099522483546 0.0065155029296875 0.013768915354610965
1 0.919806499870456 0.6106259269291936 0.014500832071109656 0.016869247979734634
1 0.29569018616968273 0.5573022660347684 0.015459255296356849 0.019198191703767766
1 0.1309431621006557 0.5493967730575482 0.016042865052515135 0.02081641756387479
1 0.3520185509506537 0.5608163552412102 0.015603513133769134 0.01806547622771434
1 0.03322768697933275 0.030895979720609913 0.00704474838412538 0.008374237126179077
1 0.241547020114198 0.5542611835794283 0.015823481034259405 0.020521019235385535
1 0.45543398175920763 0.029679362025714327 0.007293389768016561 0.008976898025787794
1 0.40882118380799587 0.5657933695030265 0.01638077716438141 0.019447980189330007
1 0.5916247465172593 0.581841356136601 0.016525424256616766 0.0203439791597255
1 0.39937249008490117 0.16781040532728383 0.009223159478635199 0.011864171587145526
1 0.7170293379803093 0.5945822739411308 0.018339818837691337 0.022153880029515835
1 0.0632806310848314 0.16764984731324215 0.009132930210658485 0.010702825633366957
1 0.0951800638315629 0.16866388484130593 0.009594664281728317 0.011845771354562868
1 0.48141853176817606 0.029612439172073943 0.007253841477997474 0.008989259572001624
1 0.7764791371871014 0.17160724714252468 0.03524842554209188 0.013325604731770168
1 0.935272216796875 0.17241472607509012 0.009685905612244947 0.011278276922631445
1 0.12453587201176859 0.1686202997343968 0.00903328097596461 0.010907643666323689
1 0.22712201488261322 0.027989737579717153 0.006904096019511321 0.008271153197694784
1 0.3686575597646285 0.16780035269056398 0.008675322240712668 0.011290212208630999
1 0.7290764633490114 0.170999080381815 0.009619420888472585 0.011202189474384264
1 0.46733653788663904 0.16835143610424602 0.009371543417171594 0.01073024837381832
1 0.21435866063954878 0.16720493821459784 0.009246904022839633 0.011423986872542723
1 0.03381542040377247 0.1669931224097902 0.009195356952900788 0.010695863383200548
1 0.07890700807376784 0.546117269055693 0.015121216676673103 0.02161878137386894
1 0.9896705783143337 0.6165358827133088 0.016917793118223803 0.018257719584350053
1 0.507421688157685 0.029762482767496972 0.007184398417570172 0.008947059810788895
1 0.4295516889922472 0.029354409655702508 0.007715731250996445 0.008907417610861786
1 0.5281327695262675 0.5755930207857244 0.016156099280532465 0.019596887090848288
1 0.7848787891621493 0.6009142273373734 0.018931641870615457 0.022374682820507637
1 0.4470189931441327 0.1687286053505059 0.00856025851502704 0.010699557638390901
1 0.6549846882722815 0.5877474755787877 0.018450522909359002 0.02050325839312441
1 0.533756956762197 0.028861723891375455 0.007789767518335423 0.008647967227109452
0 0.6831650388831584 0.022261855660209152 0.012373193498937934 0.01846656650883222
0 0.6134603461440729 0.47861157561566026 0.0216217041015625 0.02844903296059302
1 0.6292358709841358 0.1692579494932602 0.009033825932716878 0.0106609100456304
1 0.4995919052435427 0.1692240262845412 0.009581741021603949 0.010815358329934245
1 0.18523068330725848 0.16740304264917982 0.0096280234200614 0.011244744452442206
1 0.19534768863600127 0.029529353951975822 0.013084878726881386 0.00822852717626779
1 0.5643647641551738 0.1701972138754041 0.009242310815927864 0.009423902903818929
1 0.5975007816236846 0.1706029780777046 0.009241999412069516 0.010854005922694705
1 0.08008389570275132 0.030800994736196748 0.00661489914874641 0.008056886396655073
1 0.2515756840608558 0.02749129730249745 0.007140373697086218 0.008452029615283348
1 0.5308425280512595 0.17031102535261416 0.009701008699378181 0.01042412249660344
1 0.85228410059092 0.6044872114967534 0.01787504857900206 0.020282455602132522
1 0.40376013152453366 0.029831146183678964 0.007545782595264643 0.009051777736761218
1 0.15324495276626277 0.16867010113609734 0.009128492705676014 0.011098537198947602
0 0.8275397164481028 0.3849895582376269 0.026975982043207804 0.020159834747160866
1 0.35210741782674987 0.028962818605526484 0.007873068050462388 0.009342060942679078
1 0.9713928845463967 0.17252086486844337 0.010721946249202844 0.01198267192671259
1 0.276477151987504 0.16645170089429825 0.009530203683035695 0.010954461246524341
1 0.3391546132613202 0.16623249657910993 0.009295093769929827 0.010693234778545897
1 0.5604481599768814 0.028594210085236514 0.008107555155851423 0.008698336975762354
1 0.9547348800970584 0.021980107948831776 0.008201910524952095 0.009138237516888982
1 0.37782528935646525 0.029769445017663383 0.007509659747688155 0.009060302941046617
1 0.6626689677335779 0.17016375244858392 0.00858011051100131 0.010186340340409826
0 0.8058107337173152 0.021522872825658165 0.013680905711894181 0.02063525697280997
0 0.5858215020627392 0.2054965681744765 0.01324462890625 0.02349304753601403
1 0.6137611233458227 0.027908996790797516 0.007025115343989146 0.00837224791184582
1 0.005005222194048823 0.16648736466555886 0.008068542091213927 0.010352297650498948
1 0.010187287719882266 0.03114718907355302 0.006767005336527922 0.008646404272990463
1 0.24453875483298787 0.16624361486636546 0.009822144800302957 0.01091737660788285
1 0.9007990311603157 0.023458129720128423 0.008023943219866018 0.00881946591998408
1 0.056425663889670866 0.03111791920550648 0.007299705427520128 0.00858601740930222
1 0.27599270489751077 0.02713856697518904 0.007306974761340101 0.009081118648176805
1 0.9017013238400831 0.17238439055650792 0.009197624362244947 0.011332127796367556
1 0.5863318929866869 0.02745115779898703 0.007827291683274888 0.008996790169120392
0 0.6787193454041773 0.1679948694350092 0.011616920938297156 0.017099357452071383
1 0.9274804251534597 0.02288775803175066 0.00776968196946744 0.00887352992382732
0 0.448387690952846 0.5621749886308267 0.017302843989158122 0.025694965716194722
1 0.3073465775470344 0.16603169249650424 0.00870420494858098 0.010472929291137335
1 0.10328709349340322 0.031235069721061687 0.007134924129563927 0.008815203317841375
0 0.1915960895771883 0.5132958719472256 0.010888741940868146 0.016379190820062187
1 0.326310294015067 0.028846165393554595 0.00792110209562341 0.009354280402154814
1 0.9825237040617029 0.021322530524951276 0.007717210419324101 0.009562721646932844
0 0.549709787174147 0.19534923064367238 0.008866290656887725 0.019396686876879496
0 0.15644830586958905 0.044964413919114585 0.006656529952068722 0.011156366501350224
0 0.7942539915746573 0.053701895791220734 0.008555042500398671 0.012462996144825815
1 0.17586287673638792 0.02925459372219429 0.009334408507055178 0.00874330742836784
1 0.3008873608647561 0.028360299792655863 0.006777860680404987 0.007927942681838409
1 0.874422501544563 0.024933380800032316 0.008309967663823354 0.009646908039251164
0 0.17721398022710064 0.0475374626591863 0.009264731893734071 0.011869784013300091
1 0.6388432249730946 0.02862316025812235 0.006094329211176646 0.009318474544156139
0 0.9571614168128189 0.3765530160767953 0.027141026088169724 0.017537623995710013
1 0.7428226752551077 0.026259443299802045 0.006640547181087737 0.007271845836868259
0 0.6879979152706425 0.04292208674597587 0.010152902714886152 0.012971129970722318
