1 0.36972341732103 0.16826621958307655 0.008795057024274513 0.01046838251551847
1 0.4011686675402583 0.1691307463409851 0.008993343431122427 0.011426331303721216
1 0.5909311722735969 0.5845364573846921 0.01740046909877236 0.020919146275513743
1 0.02541977471234847 0.5441251419443023 0.014984258583613803 0.019995298304452614
1 0.13003239339711714 0.5516060797481096 0.01532525432353118 0.020014906274309074
1 0.3079279296252192 0.1676632034666226 0.008709732367067926 0.010430729529924621
1 0.630523681640625 0.17129810192212538 0.00946340755540494 0.011113669436554183
1 0.24126430433623647 0.5590887225927739 0.015662407388492516 0.019859179209362438
1 0.564626576949139 0.1692849814951818 0.008818334462691335 0.01077315856872151
1 0.5001708050163425 0.16849892213838344 0.009120006950534058 0.010625388361107917
1 0.9197174383669483 0.6107933761500326 0.015093122209821482 0.01759175904292228
1 0.06407108598825884 0.16709684572859587 0.009882450103759766 0.01207580978353059
1 0.44683004885303734 0.16850439247779989 0.008008373026945173 0.010124035305757364
1 0.2513422284807478 0.029540898499445634 0.006721691209442739 0.008416365844022763
1 0.18570903855927137 0.5558625011177025 0.015344191570671243 0.02066310597347555
1 0.5277945849360252 0.5793760801873705 0.01737758091517861 0.0198723932760048
1 0.7730479337731186 0.1712940524500898 0.029472506776148016 0.015518358317344013
1 0.597927171356824 0.17033319088375623 0.008721799266581587 0.010843136287230836
1 0.7170413270288585 0.5928550675529088 0.01577976771763398 0.01982280500441142
1 0.40815104270467956 0.5721248255956857 0.016139361323142542 0.019904220705336973
1 0.33984437280771684 0.1680678664967029 0.009243245027503181 0.010118280792864738
1 0.21508680071149555 0.16849675531562758 0.009621328237105398 0.011573106904168176
1 0.27642528378233616 0.030475829236077796 0.007166648397640298 0.008773998163795278
1 0.27695546831403456 0.1679124946486015 0.008740872752909759 0.01076477545117419
1 0.7858408713827327 0.5985503302757701 0.015557736766581587 0.018067607528785622
1 0.29540727576430964 0.5625870401712877 0.015515463692801365 0.018901940854850082
1 0.46755327497209825 0.16774390873385772 0.009438028140943862 0.011578648286953697
1 0.22679603343107263 0.029698010910088644 0.006839246165995696 0.008539555045946785
1 0.12525422232491631 0.16719531183809225 0.009139352915238375 0.010483727883232178
1 0.18598883492606028 0.16844848134636148 0.009541336370974176 0.011258811039513105
0 0.6803714985750159 0.17049431724475028 0.008643325494260199 0.014089463035741975
1 0.07870458583442533 0.5479810918425886 0.01566486942524813 0.020793257425566057
1 0.46675717100805164 0.5755714946449038 0.016023285534917102 0.02011251986337687
1 0.2453388681217116 0.16839360034377424 0.009618019571109703 0.010776852823911843
0 0.6829581747249682 0.02080114323953004 0.011255069654815026 0.01963546364023972
0 0.3946262281768176 0.040207811709760344 0.006987279775191336 0.013984318849555396
1 0.3516360691615514 0.5682850735855417 0.01613305539500959 0.017841831701960634
1 0.4300224537752112 0.027757354719570963 0.007284981863839352 0.008428798433605634
1 0.6543511371223294 0.587523546879558 0.018164187061543415 0.01962956704060897
1 0.935903432417889 0.16994184848537186 0.008721176458864895 0.010266619347430686
1 0.09570618065036073 0.16704704432689535 0.009329484433543927 0.011268259807596107
1 0.9720146023497288 0.1716679181796891 0.010009142817283122 0.011761300788768367
1 0.6976453820053412 0.17245877296389803 0.008342509367028069 0.00968122198649989
1 0.8512986630809551 0.6044977259153721 0.017120517030054266 0.018110233550212677
1 0.006009350625836119 0.16477450903788396 0.00882497247384519 0.010660625872154222
1 0.3525865126629265 0.029489107883411827 0.007077509043168039 0.008596034524337562
1 0.3015620562495017 0.030211689989968493 0.007160809575294957 0.00912921500902027
1 0.5313740555120975 0.16903316827360182 0.009596610555843469 0.009981167090607866
1 0.15397182776003468 0.16812669040627218 0.008736396322444984 0.010409629649318264
1 0.03401185298452572 0.03059845009104946 0.006227230539127269 0.007525766169674672
1 0.9825848949198819 0.023991629899971834 0.007810942980707896 0.010388103508497622
1 0.01060030928679875 0.030918003165013863 0.006575758968080795 0.008990396265906342
1 0.990383615299147 0.6147719469032906 0.015972215302136415 0.016309568318398176
1 0.056888035365513394 0.029972842183239215 0.006418286537637514 0.008081396358975602
1 0.19686111138791454 0.03031395691970877 0.010513850620814722 0.007424671455523641
0 0.42016259018255747 0.1959190695067823 0.008688790457589305 0.016576265125793067
0 0.8072057451520648 0.02198287864022453 0.013872107680962949 0.02179326388824343
0 0.8637246890943877 0.05546547638439375 0.008001833545918413 0.013849762708584177
1 0.730262600645727 0.17059551852395485 0.009518681740274234 0.010098104476055941
1 0.3780493444325973 0.029121600535342053 0.006644268425143479 0.008477321054663369
1 0.45561377856196195 0.02690597098493572 0.006798880440848148 0.008743165341629753
1 0.3267363334188656 0.03047021680992324 0.007172720772879491 0.00894002651725344
0 0.12012825206834445 0.051561003865049734 0.010394777570452025 0.015925223691864727
1 0.03512887565457091 0.16578602452634664 0.009168031264324576 0.011059605432710944
1 0.6136116494937819 0.027979578377943723 0.007717677525111527 0.008658978949311431
1 0.4038590411750638 0.028895327404933738 0.006295028997927255 0.008254955309552524
1 0.663084380480708 0.17204572681627042 0.008027057258450225 0.009668292093333704
1 0.95505648243184 0.024310827757091008 0.007791324537627619 0.009158626963804897
1 0.5873769643355389 0.02643431405784598 0.006378796635841878 0.009201537158708072
1 0.07974343397179429 0.030309623274197024 0.0068711261360012744 0.007284289758290729
1 0.5075600293217873 0.026673517081420486 0.0069112972337372755 0.008853140476911407
1 0.9286746589504942 0.024536958800761233 0.007868241290656998 0.009382129402820459
1 0.5343061174665179 0.02681162539084396 0.007159953214684319 0.00887047505895839
1 0.902894623425542 0.16957299131329023 0.008191789899553518 0.010350734696379938
1 0.10300793939707231 0.031084706430477945 0.0065453587746133746 0.007299350952528265
1 0.48250517553212685 0.026538250506758815 0.007875948536152694 0.009205657674112685
1 0.5609151879135443 0.027958194323861176 0.008961113131776197 0.010523938430111658
0 0.8890172218789861 0.031706584561413335 0.010433586276307447 0.01530259960555437
0 0.4457984457210619 0.19114289484925617 0.008190077178332242 0.011704252963425251
0 0.5509567260742188 0.033758032885956676 0.007364234145806699 0.01374319765501667
0 0.7233869591537787 0.49687817562114095 0.010344213368941244 0.009934136380300064
0 0.5418813666518854 0.16474602064689692 0.008313782361088979 0.013690057214971019
1 0.17605592605592602 0.029993237952879143 0.010968760968760965 0.009342301943198805
0 0.7775502775502776 0.49825610363726963 0.01729001729001727 0.019930244145490755
0 0.7809627809627809 0.18061783756851021 0.007280007280007301 0.013286829430327184
1 0.6388350072560599 0.02851860593187003 0.006825006825006763 0.008522801772742767
1 0.743724585829849 0.026551805522775543 0.009698693909220244 0.011145202318202077
1 0.8742977427187951 0.02294600477276899 0.008621061252640259 0.009178401909107596
1 0.9021365863471126 0.024257205045498647 0.008261850367113598 0.00786720163637794
