1 0.29611863895338414 0.566300903331484 0.016023558013293224 0.020753188965424708
1 0.09485157168641382 0.16724191628818574 0.009366171700613843 0.011656369732688916
1 0.5642547607421875 0.1670951406877388 0.009523975605867327 0.010916808260930493
1 0.18609311629314812 0.559161613089414 0.01567848361268336 0.0202163852689207
1 0.6967821705098055 0.17000322995622674 0.009820432079081587 0.012202480110537825
1 0.27643721444266184 0.16907469312280862 0.009365938147720012 0.011467820631243497
1 0.7282250852000957 0.17048433565139945 0.009289799904336734 0.011567920738227905
1 0.33888707842145643 0.16763524790090342 0.00922378228635203 0.010712061271342811
1 0.5283030295858577 0.5780970864144535 0.01623317173549102 0.019821952483982823
1 0.026415681352420724 0.5476650909370764 0.014528775701717452 0.018664940175716037
1 0.07919384995285346 0.5516156706029305 0.01582921281152842 0.019111092533318573
1 0.1308337620326451 0.556093960414051 0.015660188636001264 0.019328343155858185
1 0.4014715077925702 0.16762398752690977 0.00946223979093591 0.011528065408193662
0 0.866152237872688 0.19723202201010293 0.00842409717793357 0.015081938901300593
1 0.2412999016898019 0.562847911422421 0.016110283987862697 0.020045881183212648
1 0.4668225658183195 0.16700157657070655 0.009493146623883982 0.011576090725668075
1 0.408141700588927 0.5711450664931862 0.016220715581154333 0.01984752809683904
1 0.9905780870087293 0.6159833073888767 0.01598186882174738 0.018449252507295393
1 0.5906185617252272 0.5826435778598571 0.015078252675581869 0.018331746774895023
1 0.46752879084373 0.5733263820963437 0.01576022712551815 0.017810004272628462
1 0.1239197400151467 0.16794901094029063 0.008397355371591995 0.010609048386227575
1 0.3068999271003568 0.16749809867696203 0.009308951241629445 0.01114016861320796
1 0.24455399415930926 0.16936575780578597 0.009663289907027273 0.011378163899508704
1 0.6295273449956155 0.1680765337877264 0.009985943229831025 0.010966680706000095
1 0.851710728236607 0.6069934084265538 0.017684625119579155 0.01973016445117673
1 0.5971999265709702 0.16783001329714026 0.009721327801140064 0.010831698304814587
1 0.7172920849858498 0.5937058829405917 0.016699966119260293 0.019189382326006192
1 0.7851175580705916 0.6016012877594075 0.01678793770926338 0.020080550347306637
1 0.6545927281282385 0.5884350333044053 0.01709821272869494 0.01900879008189379
1 0.9203687395368305 0.6120321593760703 0.014688141491948354 0.01802356063997783
1 0.3250375475202288 0.029837930825422763 0.0069423597686144745 0.008265895988385456
1 0.49922662851761807 0.16654831987619947 0.008917049485809974 0.010832408738505044
1 0.35223478200484293 0.5685447370994011 0.015750573605907186 0.019202454305910412
1 0.25099511049231704 0.03154766054485967 0.007621064478037331 0.008556179194303315
1 0.5312101403061225 0.16676635197579856 0.009609611666932447 0.010789214370125673
1 0.6629584176199778 0.16873808964027343 0.010100695551658214 0.011679671957735688
1 0.1845176852479273 0.1698143611596206 0.009359087262834815 0.010729680026865963
1 0.3688660446478396 0.1675495340761506 0.008160260258888706 0.010028908234606122
1 0.2140484634710818 0.16920690483260134 0.009268935845822722 0.010692595388224492
1 0.5599190848214285 0.027327258163372555 0.007884667844188436 0.008952956410419629
1 0.970149293237803 0.1730624995140424 0.00978866888552283 0.011384841976198936
1 0.44705768507354116 0.16758448741372073 0.00893402099609375 0.01091993416916847
1 0.03282349936816158 0.030519662994778558 0.0064446974773796255 0.0077423063585238235
1 0.06285251889910017 0.16651478740601022 0.009391259173957663 0.010606917085156209
1 0.15301316125052314 0.1688255440275678 0.008907395966198986 0.010609332559703753
1 0.9351647824657208 0.17350890052343665 0.00941342723612893 0.01066368073702317
1 0.9826449958645567 0.023285387768295508 0.008365553252551085 0.00928366329332409
1 0.35146627620774873 0.028941931855027254 0.0070216899015465946 0.00838979562399993
1 0.27545025883888713 0.031312933253535 0.007376301045320453 0.008713256083261806
1 0.37717122447733975 0.028412161452058708 0.007770071224290512 0.008756805668486392
1 0.9545671112683354 0.023412555398886058 0.007753021863042104 0.009248283695539684
1 0.5336058480398996 0.02707761176454843 0.007879763233418319 0.00876263122474808
1 0.07881593217655104 0.030555326766039153 0.006627034167854147 0.00762437436590913
1 0.4294783144581075 0.027592640668440138 0.007003628477758327 0.00849181390194855
1 0.40324464136240434 0.027585287679743987 0.007534805609255427 0.009144844550210167
1 0.03313417823947206 0.16591198441966343 0.009185255790243345 0.010328924382083146
1 0.1932171802131497 0.030353279424475174 0.010601004775689581 0.006373016463550546
1 0.9277117982202647 0.024260067269908356 0.006908494599011415 0.008570458911481359
0 0.8007993114237884 0.022261794907095185 0.010956589056521051 0.01836868932679837
0 0.8575253389319595 0.022698001193031475 0.007358317472496819 0.012542990978370487
0 0.6830677888831314 0.024000652407840547 0.010036390654894742 0.02174609109119755
0 0.07224732029194735 0.46626196468783027 0.011610323069046946 0.02049444901536275
1 0.055518909376494736 0.029967798104037022 0.006247462058553886 0.007492233699485433
1 0.10256596973964145 0.031073765751645017 0.006742535805215628 0.008108321795843658
1 0.17756532163036112 0.030781315722971287 0.013148755443339447 0.007184118607937282
1 0.4547261997145049 0.02682267263473046 0.006718460394411677 0.00895281432368154
1 0.00965617627513652 0.031410831016079006 0.006237088417520329 0.008086724611653972
0 0.22865119104463116 0.04085800394919328 0.005794404536936018 0.010607917187342783
1 0.6124447413853237 0.027439577729832694 0.007439749581473148 0.008674679533870373
1 0.586747305733817 0.026880111198603337 0.007468710140306137 0.009103071049211708
1 0.7729498415577168 0.1720875713606379 0.029572778818558663 0.013327451859365335
1 0.30074933110451213 0.03124871004791832 0.006681014080436845 0.008214318502458786
0 0.5605263223453444 0.5390049042504912 0.019485162228954155 0.02406267326901682
0 0.3655120693907446 0.20072806620080724 0.00938088553292412 0.016719914818002092
0 0.046209218550701536 0.18651306953196273 0.00794565434358558 0.01220993966428752
0 0.6744791147660236 0.058806361857103806 0.007071670220822698 0.012727703737887484
1 0.004871490962651311 0.16505790103700446 0.007976719919516116 0.010247011377574246
0 0.8076286315917969 0.1708301747719105 0.009308172731983439 0.013392882802255793
1 0.48146559267627953 0.026462802448833023 0.007562987658442271 0.009182710665911148
0 0.46794299690090885 0.3608716842708621 0.026736356774155035 0.01737479259385887
1 0.5062577383858816 0.026452003856738186 0.007090510154257017 0.009106054870711597
1 0.2263121402390782 0.02915586645293343 0.006859267240685388 0.007633927869654112
1 0.6393951883121413 0.02827980765552788 0.006681636888153631 0.009357264223654708
1 0.9026800661670918 0.17508759074867006 0.009492212412308756 0.011767907822089571
1 0.9021927191286673 0.02480649734291795 0.006707327706473241 0.009563289993885202
0 0.780731590426698 0.1924847620037781 0.011047207579320827 0.01577418548927508
0 0.6056848642777424 0.3841874786011088 0.022528512137276854 0.027422172104416654
0 0.37894593157751055 0.4671150971599402 0.01724212250528038 0.017701203681850318
1 0.7426132426132426 0.03038814698007523 0.010125010125010086 0.008213012697317633
1 0.8742266118503742 0.024375083248235178 0.006689858175006645 0.006659858810993208
