1 0.22617744912906568 0.029605334835169445 0.006756763068997146 0.008838221369411954
1 0.1314613186583227 0.5509543989238598 0.014757934881716341 0.019546588385564452
1 0.3690854675915777 0.1697142255309517 0.008430325255102077 0.010072741993306874
1 0.0955758775983538 0.16722078088589487 0.009813931523537144 0.011469028368517258
1 0.29695168320013554 0.5642758831402253 0.01653285902373648 0.020873962692801153
1 0.1873773652680066 0.5575357145454503 0.014946957023776292 0.021013491869605546
1 0.4683782616440131 0.5723027892351434 0.01586151123046875 0.01912714833472276
1 0.07968480246407646 0.5458848861955468 0.014425199858996327 0.018371246888083975
1 0.3392284549012476 0.16860033654769518 0.009042155985929548 0.010487422138422532
1 0.40040354826012436 0.1697569225957477 0.009546396683673465 0.011128517500684585
1 0.9207906917649873 0.6078521096282007 0.01433391960299738 0.01768894637177582
1 0.30682522909981863 0.16811027938802278 0.009105799149493778 0.010941389266620055
1 0.7859434789540817 0.5956817411204712 0.01665247703085142 0.020250201912586096
1 0.6299452489736129 0.1718976013918116 0.009541881327726423 0.011157503195254936
1 0.5281592388542331 0.5751699575230614 0.015489383619658776 0.018741809101022744
0 0.36595340650908803 0.041057596968592076 0.0063197077537069145 0.011045538845640029
1 0.24213171978386083 0.5613413657384527 0.015827568209901152 0.021382349041687204
1 0.3529543195452009 0.5672334896369376 0.016422816685267825 0.020304621133274605
1 0.42972284433793057 0.028385555710351357 0.00735909598214287 0.008662886334608905
1 0.027536529059312784 0.543824699536611 0.014817966490375756 0.0202851552501562
1 0.18526275790467556 0.16772827919266783 0.009984347285056606 0.010919223735478016
1 0.7740075180042745 0.17069186361165525 0.03102516641422193 0.014211941803975552
1 0.07928986452063737 0.03113340665995829 0.00661476290955836 0.007906700714493953
1 0.7178292566416216 0.5905083629866145 0.01776091906489156 0.020743811240710733
1 0.4550811222621373 0.028516382074447722 0.006824104153380053 0.008483004524186969
1 0.03271540816949338 0.030934343139894207 0.0069364625580456765 0.008317473474312128
1 0.12367824632294325 0.16756736596178093 0.009196845852598872 0.010791700888042268
1 0.9351402594118702 0.17113239326382793 0.009990925691565681 0.010677818367463118
1 0.44638559769610964 0.17011792947554988 0.008288947903380146 0.010275357681823213
1 0.19570276688556282 0.030683631090534416 0.0161386606644611 0.0069379533341963635
1 0.5313503498933753 0.17130950438285708 0.010113774513711734 0.011240481850299498
1 0.5638514538200534 0.17072922214449757 0.009244179239078498 0.011342073868033844
1 0.8518740595603475 0.6009415079910866 0.017232466717155503 0.017769651639010915
1 0.49933367359394937 0.17104806478477153 0.009771541673309974 0.01043364230805547
1 0.4090218057437819 0.5693641513179662 0.01716800611846304 0.01981584275424501
1 0.2509509106071628 0.028468498843711394 0.006752714818837669 0.007982006685681643
1 0.5978340616031569 0.17070368205332587 0.009256635393415232 0.01109072242835266
0 0.6829067152373646 0.022963454741468103 0.011582977917729604 0.02173529249910271
1 0.27637904030936106 0.16675267612725742 0.008363762680365129 0.010259301880419049
1 0.6571237372441014 0.5878343628216112 0.021617998991949612 0.023633715811685642
1 0.06361599357760682 0.16621136117681906 0.00909067659961934 0.010963270624285917
1 0.9826610331632654 0.0227863081007544 0.008288636499521707 0.009902237907598883
1 0.48130019830197707 0.028657509727055608 0.006899463887117328 0.00825957312854045
1 0.15302741770841638 0.16855671591910157 0.008793733557876262 0.01098231024718998
1 0.9551051392847179 0.021616969767958266 0.006861005510602545 0.008794600740818326
1 0.5338186925771284 0.029235909316135456 0.007735349694076909 0.00876476252581943
1 0.9714047178930166 0.17141511035094248 0.009527712452168413 0.01136473670275919
1 0.32586132750219227 0.028759350396581614 0.007098295250717487 0.008517602644911883
1 0.2147549609748685 0.16655592151668727 0.009077656025789249 0.010727122465580342
1 0.40332700768295604 0.02894242915861057 0.007003005670041448 0.008880847390838957
1 0.3515217839455118 0.028759137266474475 0.0075510764608577845 0.008603209904611105
1 0.24530465262276788 0.1662348054886039 0.008231338189572699 0.010298446776762836
1 0.9901266292649873 0.6142790480088565 0.01597377232142852 0.01689837576104304
1 0.4671003380600287 0.1702551497428603 0.009458892199457896 0.01049054804666051
1 0.03422081470489502 0.16485144900655968 0.008510458226106602 0.010347182527927705
1 0.9011065424705037 0.17145748772057784 0.009605563416773016 0.01097527695365452
1 0.662688041219906 0.17360349476932008 0.007931456273915793 0.010115296971364818
0 0.39046287536621094 0.19002062274845238 0.008255471988600112 0.013170872273990166
1 0.7294210317183514 0.17255070308344225 0.00960244937818881 0.010396628712783006
1 0.9276474933235013 0.022912267994071183 0.007540333027742514 0.008988264964834989
1 0.05547090452544544 0.031092982982971692 0.006026131766183044 0.007627642360885196
1 0.275749362244898 0.029050130906082786 0.007729433020766935 0.008726114933058948
1 0.5907389582419882 0.5799422247952901 0.01664079938616074 0.020322950322488213
1 0.005431146189874532 0.16494337912610393 0.008699518989543527 0.010468666688994648
1 0.37756627919722574 0.02914689197472208 0.007762831084582242 0.009672057391893092
1 0.5870248444226324 0.02882414194915065 0.006747031698421501 0.008457997258283128
1 0.10275188757448782 0.031341599252944656 0.0064760130278918296 0.007847450544710425
1 0.5604098183768137 0.029115632892342272 0.007779569041972305 0.008313779219121784
1 0.30079382293078366 0.029167565595114166 0.007328656254982457 0.008775419031176178
1 0.6971044735032685 0.1738103730599791 0.009008757922114146 0.010034946920974949
1 0.9012908157037229 0.024600293964264844 0.007703352947624438 0.008895411281493178
0 0.24748105418925384 0.12009980997773488 0.006352483009805483 0.014041579805005661
1 0.5074923379080637 0.029613895561139362 0.007779880445830651 0.008628501343991122
0 0.6845685997787787 0.17017146065412528 0.008528728874362275 0.01388933386514223
0 0.8098315803372129 0.020006452113392695 0.012005864357461734 0.019572874432111077
1 0.009501567300485105 0.0316105339264645 0.005999143026313004 0.007509710368270502
0 0.7167858201630262 0.4866293171159715 0.01904841831752236 0.020711131290949963
0 0.05675956181117467 0.5074877213109519 0.016634357218839685 0.02577524472321556
1 0.6124770495356345 0.02939536615795695 0.008350294463488492 0.0089696516021452
0 0.4586552989726165 0.1942428012141656 0.009216619997608439 0.013500655593097067
1 0.1767949863355987 0.030482010009184712 0.009792794986647011 0.00849806571842451
0 0.5866363498502037 0.5683387958658457 0.012818312078677766 0.02879828855885135
0 0.6049452411885164 0.0413313981128915 0.007423867984693863 0.01443118164084843
0 0.1328794323668188 0.046166219071564284 0.006073737631038759 0.009879290899397356
0 0.8409265012157208 0.055075519331705756 0.007255709901148016 0.011695727759139853
0 0.7834815334815334 0.18058224784682178 0.011943761943761975 0.022243576055235224
1 0.6386828355802103 0.028896475700204417 0.006450364445591216 0.007848425498820952
1 0.8744143362281787 0.024615516337211166 0.007623157981153154 0.006421439044489867
