1 0.13082613263811388 0.5505023499666265 0.015324339574697067 0.019560228712421072
1 0.2515499348543128 0.03028124144826355 0.007007949206293834 0.008452669005604757
1 0.4973012963119818 0.1708229283482679 0.009385400888871165 0.011109335791042445
1 0.29645518867336973 0.5610478855809277 0.015878171336894134 0.01936826952926148
0 0.06862104182340661 0.07068872054672486 0.00760407350501235 0.013379810822351507
1 0.18670950130540498 0.5543897010340306 0.014723719382772641 0.019420131188664366
1 0.591298044944296 0.5878159613865472 0.016860261255381082 0.019741247216747727
1 0.660640015894053 0.1727536739888038 0.009769050442442553 0.011785810751088902
1 0.026791553716270292 0.5448777753959649 0.015051353950889747 0.01912515912038945
1 0.7850835371990593 0.6030378557248665 0.01780949806680483 0.022566784090405377
1 0.35192330029546 0.5651159709791824 0.016203432667012116 0.018022850206287286
1 0.7715373136559311 0.1704199703590447 0.030563821597975112 0.013264081174177213
1 0.5291056730309311 0.1715445513693425 0.00944168713628022 0.01078559115830437
1 0.7167640997439014 0.5986139851344345 0.01739969058912631 0.02083119458463604
1 0.9197049822126118 0.6109711266593832 0.014876385124362089 0.017252171738887254
1 0.2128921820192921 0.16475110024778364 0.008518257919622919 0.011015132283688785
1 0.4684877590257295 0.5743410945364135 0.015144659548389689 0.017838989967198814
1 0.528649699931242 0.5811203369841633 0.016290781449298467 0.019364006927118746
1 0.4554927592374841 0.029421474596080986 0.0071521681182238955 0.008879497566827101
1 0.8521589940908003 0.6065693505567242 0.016209193638392776 0.019216520892981374
1 0.46439050168407203 0.1701676953555659 0.009124600157445827 0.011000497349665489
1 0.03300375354533293 0.031978680664855666 0.0066351987877670575 0.007859243743971895
1 0.6950267091089366 0.17118517848702836 0.009241376604352732 0.011168017613873621
1 0.6543280153858418 0.5946275996105815 0.017783184440768526 0.022231175215036796
1 0.0792406870394337 0.5474604149908577 0.015431939339151187 0.01967602940396442
1 0.3661071621641821 0.16873510581877352 0.009046282087053565 0.0119634191737014
1 0.33747396663743623 0.1669482940439228 0.0091705322265625 0.011401110907710248
1 0.7263501225685587 0.1705197862925529 0.009166016870615457 0.01042945074928181
1 0.27459284724021443 0.16348272745853878 0.008397472148038923 0.010098956996484497
1 0.24300781561403859 0.16406240582826143 0.008665824423030969 0.010439894124531425
1 0.5074966586365992 0.028701130355649238 0.00699319644850131 0.008391145448011787
1 0.5617625956632654 0.1719324836860127 0.009380418427136508 0.011157929455469213
1 0.4294244415906011 0.029845745596017714 0.00756072998046875 0.009084173513045739
1 0.5952712078483737 0.17256810870885828 0.009785321294044911 0.01160180842526235
1 0.5340476133385483 0.028388148793321504 0.007431730932118919 0.008509290570733625
1 0.24174793399110134 0.5560692373216234 0.01567786080496655 0.019134821018579624
1 0.3053874190972776 0.1648328356438699 0.008623473498286021 0.010898194898240707
1 0.4083220034229513 0.5692805332726002 0.016125893106265953 0.018187386648995583
1 0.09294799882538465 0.16664174190649364 0.009496143886021215 0.011308399311106528
1 0.627593332407426 0.17311222987237393 0.009672826650191335 0.011307546790677973
1 0.07984957403066208 0.03284370472634757 0.006626284852319833 0.007785642813641276
1 0.48195636515714685 0.028559931659672303 0.007646521743462949 0.008592624442623402
1 0.061420499062051576 0.16628133889532837 0.009546805401237639 0.01108930156097175
1 0.9904210616131218 0.6148604669411206 0.015259723274075225 0.016582374855531008
1 0.39945719193439094 0.16927741537637853 0.00882284981863838 0.010960855149738396
1 0.4458811623709543 0.1709101696054552 0.008783924336336171 0.011201479040693789
1 0.9334793090820312 0.1698156044185789 0.009685282804528069 0.010933716582763212
1 0.968367440359933 0.17023547072963482 0.009542037029655689 0.010500067858112541
1 0.0324768776796302 0.16618425813152837 0.009191269777259047 0.010639881208393091
1 0.5603329405492666 0.02818468058437663 0.008124526666135199 0.008690877422012633
1 0.27597816622987087 0.030028256011094316 0.006435472138073961 0.008446275102390708
1 0.40365795213349015 0.030582678463121474 0.0070979838468590946 0.008703096881488374
1 0.3780176590900032 0.029978880869608038 0.007607051304408449 0.008899318666790654
0 0.8047080526546557 0.021994032449164595 0.010393415178571388 0.01836243751032241
0 0.8680598979093591 0.19439050037841019 0.008550060038663923 0.014561191006200772
1 0.12239391949712015 0.1666765886790102 0.009067107220085305 0.010854716356385161
1 0.226379647546885 0.03038389911653357 0.006751157799545612 0.007850576452948402
1 0.35228410059092 0.028372732382238735 0.0071747448979591595 0.008273852845718497
1 0.9557945095762913 0.02441270394830153 0.007582061144770396 0.00902691255759547
1 0.32589233164884607 0.028802189548115743 0.006923558760662472 0.008320954599395332
0 0.8115172094228316 0.191772552229102 0.009973019969706681 0.016095727777572715
0 0.6830083885971381 0.02204518367487699 0.010332535724250561 0.02023556697856281
1 0.5873264779849928 0.02720527669872229 0.007715886952925618 0.009247999522063502
0 0.10351075931471221 0.4690890645156069 0.022148716206453287 0.025980702146493635
0 0.29813634132852357 0.3674669954361544 0.008687544842155642 0.018402363883725688
1 0.010328924169345778 0.03139996138061513 0.00644140827412508 0.008351432204715632
0 0.41108427242356904 0.3560807325925746 0.02858119108238997 0.01790093978500613
1 0.3010388588418766 0.028943850025991473 0.007134885204081633 0.008525772632352059
1 0.055799931895976165 0.032428598321017646 0.00669325614462093 0.008133329061747492
1 0.15224431485545878 0.16625949305934704 0.008720300635512981 0.01059718414359705
0 0.09807495195038465 0.5433749950105561 0.014324421785315693 0.02290622930770243
0 0.011059376658225546 0.18975158150987895 0.013743826321193149 0.017622165604873518
1 0.9022574132802534 0.027088623486750407 0.007965243592554266 0.009261071501967783
1 0.8987119246502312 0.16979880266179972 0.008031105508609656 0.010732024458044456
1 0.6134019968461017 0.02727958806274336 0.006799503248565026 0.008490179904460514
1 0.1839940207345145 0.16541770017953286 0.009670724674147011 0.011311809392820683
0 0.8276304906728316 0.16586381701545092 0.010223077268016561 0.015972112315434408
1 0.10262982699335838 0.03347826409865748 0.0069118227277483275 0.008367630092857896
1 0.17665497049903067 0.030495704880828634 0.011317039022640297 0.006742868242798802
1 0.0042128021619757825 0.16601833634312377 0.007882248382179104 0.01145190691657741
0 0.6637003373126594 0.05279566657568274 0.007098918058434319 0.011273090756691162
0 0.15972289260552855 0.5414431126761156 0.015638040036571273 0.01857016832140998
0 0.2102659575793208 0.04010252543683566 0.0062525223712531575 0.010411974080496742
1 0.9290200836804449 0.02643662296733994 0.007728265256297717 0.00995687025839449
0 0.6078541035554846 0.5402054661439826 0.012244866818797811 0.023402112023636488
1 0.19508800345346047 0.02995014139150365 0.011502192767939809 0.0074765859893112865
0 0.2284590273487325 0.13220460545583582 0.008283342633928565 0.011673135967783535
1 0.6396578185412349 0.027552927425143984 0.005795615059988866 0.00920530245726746
0 0.8580778472277584 0.026159589349748977 0.0076885612643493645 0.01219800437828798
0 0.8806098116781821 0.03175603074626865 0.006026598871970622 0.007077624597738831
0 0.35613133955974974 0.4639446720763205 0.010633663255341177 0.01550279981952324
0 0.5429528684032207 0.37957690603682664 0.035301364198022926 0.028694700930750713
0 0.2889603064895218 0.009233126461391806 0.005058936611524242 0.008484494586143821
1 0.743786053468858 0.027325063446551424 0.006289488760273379 0.008234950627727824
1 0.8746428593756838 0.02646652745923618 0.004688935986645973 0.006846267072878518
