1 0.630128120889469 0.17047481583994745 0.009354571906887817 0.010782394206697363
1 0.4086694133524992 0.5731952360370868 0.016437686219507346 0.019185688070815773
1 0.7735964716697226 0.17122176582208654 0.030151989995216878 0.013733109496612267
1 0.13071058234389946 0.5507268470128087 0.014215469360351562 0.018600006536408926
1 0.026294632833831162 0.5428767678634435 0.01381843917223872 0.01767203804994312
1 0.6544953171087772 0.5910106396057626 0.016935231734295283 0.019058662526963373
1 0.29639084485112405 0.566465297687454 0.016096698994539204 0.020676888387070397
1 0.6971535196109694 0.1701830407232796 0.008931374063297156 0.010365511717141312
1 0.3701605504872848 0.1708753228329386 0.008911755620216831 0.010719733955199677
1 0.09498995177599849 0.1674064882525785 0.009123860573282046 0.011602660945690903
1 0.4681977252570951 0.5772678682109601 0.016552282839405314 0.01998464179909587
1 0.2417887473592953 0.5620533623830217 0.016434650031887724 0.021652882191010532
1 0.46729192928392055 0.17134886240930802 0.009205720862563717 0.011403313252150642
1 0.1865953134030712 0.5571892360346178 0.015671009920081306 0.020936907117775037
1 0.07891388328707948 0.5469511050781741 0.015214277773487323 0.020152872496994417
1 0.527530592315051 0.580526059202102 0.0157623291015625 0.01897611013213311
1 0.7175633177465323 0.5982533689931621 0.01847917206433355 0.02175262708114969
1 0.5641597047144054 0.16996472445020433 0.0092315673828125 0.010262854048871303
1 0.33942989427216197 0.17078087067379327 0.009458269391741065 0.011361113490937907
1 0.35196888203523596 0.5691171335237967 0.015509780572385199 0.018565337372314934
1 0.27646037510463173 0.1706665974146844 0.009541959178691009 0.010918300171680433
1 0.25130170705367105 0.03002736796898125 0.007620208117426646 0.008801420904246645
1 0.8512482935068559 0.6074119249135979 0.01795367805325262 0.019534653099564942
1 0.9203636013731663 0.6111091639254377 0.01467770946269143 0.018026544461477705
1 0.4293505610251914 0.02855602427437483 0.006665288185586733 0.008191513580995347
1 0.399837182492626 0.17123071728658618 0.00948006766183037 0.011551225546502314
1 0.3068948473249163 0.17018886627954133 0.00889151436941963 0.01091737660788285
1 0.32561601911272325 0.029408615746283846 0.00695201328822544 0.008300991412693687
1 0.7848576136997768 0.6030294726073192 0.01788407929089605 0.021388600858163076
1 0.59123082063636 0.5858925332130229 0.016414564483019835 0.018779604173354586
1 0.45508092763472574 0.02844391783802182 0.007001292948820172 0.008766609653414597
1 0.21440875773527185 0.1697032138087497 0.009222419894471463 0.010712913791771366
1 0.06243406996435048 0.16678524951196452 0.009297818553691009 0.0111680176138736
1 0.12439716105558435 0.16821307914303088 0.00910443675761321 0.01017326836050556
1 0.40349263561015225 0.029658759448691282 0.0075023417570153446 0.008850440828887696
1 0.729173621352838 0.170660452163262 0.009988278758769087 0.011041134156759235
1 0.5970586659956951 0.1698923312571475 0.008612185108418413 0.010884554571384066
1 0.22569800396354833 0.030140611099238976 0.00698237516442122 0.00848556208547259
0 0.3848649628308355 0.5652750370824742 0.017536085479113492 0.025892182108663616
1 0.4999205141651388 0.17099204708827953 0.009881700788225487 0.010700481202188484
1 0.032728263310023716 0.03212751652300495 0.006825651441301617 0.007590841895719892
1 0.1855001449584961 0.17027390519228816 0.009395054408482153 0.010011573652559126
1 0.275329336828115 0.030239538990634137 0.007300590982242515 0.008668001457180143
1 0.24498040335518975 0.1699353124954197 0.009092058454241065 0.010346969397820576
1 0.07948879806362853 0.03283581891238356 0.007171523814298676 0.007851144799900763
1 0.9898434074557558 0.6145725992097503 0.016332509566326533 0.017854335334912628
1 0.5309638587795958 0.17106134989478292 0.008852588887117327 0.010247650767895673
1 0.48121553537796957 0.027495453339586584 0.007670032734773578 0.008875448094791535
1 0.44719805036272325 0.17197997617821925 0.009035227250079715 0.01123167247253792
0 0.30892072405133925 0.038066244871583416 0.007695061819893993 0.012931029860094262
1 0.1532328274785256 0.1694894443112933 0.008506502423967627 0.010159628033648897
1 0.05564453163925483 0.032323276526408436 0.006580829620361334 0.007933910324838181
1 0.034010006456959 0.16584015957355894 0.009173295935805969 0.010663325520177942
1 0.004777991041845205 0.1641706404010015 0.008611266710320298 0.010923628424358803
1 0.9351607342155613 0.1752693907300562 0.00931844905931119 0.011043123371092502
0 0.8053403581891742 0.02172303751794245 0.01253805355149869 0.020429089115841386
1 0.9015460890166613 0.17433243525740627 0.008746400171396707 0.011609836325964462
1 0.5069867348184391 0.02685702210366371 0.007431575230189745 0.00892439697606354
1 0.559854234967913 0.027090399570976528 0.007961039640465569 0.008930861922646631
1 0.982987540108817 0.0245672232759744 0.007877583406409431 0.009639590572239528
1 0.9713449283522002 0.17426789235662887 0.010189757055165793 0.011156224414612125
0 0.5483049665178571 0.2068112257186542 0.00999154849928256 0.016691497470384058
1 0.37702513714225927 0.029021962210256443 0.007506857112962387 0.008540478609744374
1 0.35192357277383607 0.02887120818114296 0.00806333580795598 0.008684767692274761
1 0.10276303972516741 0.03310308406673085 0.006899035706812021 0.008132334454580864
1 0.5870261289635483 0.026788429730850768 0.008043950917769369 0.009446210521699043
0 0.8043520401935188 0.17518626998827358 0.00884355817522324 0.017139639042319924
1 0.5336190437784001 0.02669078062009842 0.007299150739397268 0.008776129464866627
1 0.19475127239616552 0.030835805987028796 0.011966783173230236 0.007179500788949356
1 0.6132022312709263 0.027275787242499457 0.007661469128667104 0.008912248559956846
0 0.6827023255399027 0.023110338316536947 0.009063658872375554 0.014052239129499034
0 0.7074745333924587 0.03860134352723034 0.009101089166135199 0.014041011458053306
0 0.8580435928033323 0.02653526668525892 0.0068960384446747755 0.011972441681570113
0 0.7389556729063697 0.3795668889217913 0.02803833630620219 0.02661654029944639
0 0.6603310830247574 0.16218439570299684 0.010874649358268144 0.010748620233911786
1 0.009637920223936742 0.03265480040805691 0.005762873863687321 0.007751115736285405
1 0.6389987322748923 0.02791634977949367 0.006006435472138099 0.009617353997728444
0 0.981807008081553 0.40719125045451005 0.034961933992346934 0.028519650069423773
0 0.7683613835548869 0.05395459705491379 0.007242475237165139 0.01182218495603994
0 0.17019752580292372 0.04966787568842316 0.006891094908422366 0.010941957613572422
0 0.5965375705641143 0.197617361243803 0.008952160270846558 0.01546187883895323
1 0.1749820290787174 0.029892003306346605 0.010375431605747778 0.006728801655727893
1 0.9015926438934949 0.02639680315899022 0.00822277458346613 0.00960321636728849
1 0.9548177913743623 0.025088752648133723 0.008945854342713512 0.009722711314022177
1 0.6616403793823149 0.17087371618689426 0.009577025706058007 0.009040937364385937
0 0.6673657346480566 0.17659366360219447 0.005834570478369984 0.012620735078938763
1 0.9274643425586823 0.026440477197732466 0.006181138256610015 0.00916603209521392
1 0.8747315068069784 0.0250303184138534 0.007340101679724311 0.009166032095213923
1 0.7428659946559707 0.027469489245873332 0.007232226802632539 0.008561918725986491
0 0.6940973301355163 0.03157207530207519 0.006254898856330862 0.009632158566734807
