1 0.2965406690325056 0.5619327307423833 0.015582532298808197 0.019636529290775383
1 0.7739360575773279 0.17104728330771202 0.030355648118622475 0.014871934702403588
1 0.6549165881409937 0.5913006386382043 0.01831424479581872 0.020524287230361697
1 0.24156730029047754 0.5572781823326621 0.015497441194495368 0.019752329982318725
1 0.6975230002889827 0.16911710601412847 0.009365471041932447 0.01112780706699413
1 0.6303415882344149 0.1693174838365199 0.009554026078204715 0.011054987613723005
1 0.564511824627312 0.16923169896839807 0.009729190748565026 0.01186651601832402
1 0.9201140111806441 0.6093381948218839 0.014787946428571296 0.01775132244979739
1 0.27742950283751194 0.16792499828155344 0.009543866527323822 0.011008312120260454
1 0.2453884202606824 0.16906545748483276 0.009644488899075225 0.01191212586125091
1 0.4011849383918607 0.16714416061237986 0.009279212173150496 0.011617793183297484
1 0.4085198227240115 0.5724119118499965 0.017626781852877853 0.02073144969449688
1 0.07860433812044104 0.5424355885416742 0.014968054635184143 0.018818820113067507
1 0.9353768484933035 0.17142793367905512 0.008772246691645396 0.010912190441942556
1 0.1864010168581593 0.5526922618174385 0.015503396793287636 0.019033371087583354
1 0.18588776491126238 0.16850030748407982 0.009290500563018174 0.010742467833294071
1 0.2151082486522441 0.16849725261921086 0.008887699672154005 0.011316924515391926
1 0.5277991002919722 0.5807786894224259 0.01651218959263389 0.019928233364074135
1 0.8519622647032444 0.6027529007716269 0.01569880271444517 0.017013323932157872
1 0.13039921741096341 0.5467276026391586 0.015427628341986223 0.018862867001875387
1 0.35183217574139036 0.5672660985433293 0.015163499481823961 0.019091342476724057
1 0.09546908553765744 0.1671982246162231 0.009077188920001603 0.011200839650372383
1 0.46747339988241393 0.16723545134160267 0.009242310815927957 0.010939257965548711
1 0.026418145213808333 0.5391334927484627 0.014233405492743668 0.017400794466929253
1 0.37064392712651467 0.16673978175577575 0.00902409456214128 0.010808111906291638
1 0.7171274301957111 0.5942733773725232 0.017351734394929923 0.0201001583171631
1 0.46801991365393814 0.5757949970839193 0.015799074756855915 0.01929168477743097
1 0.5977556656818 0.16922956766732672 0.010016927913743638 0.012172499808800842
1 0.4468687797079281 0.1674186366686852 0.008637408820950225 0.010564362107098246
1 0.30699681262580714 0.16724532636989992 0.009254066311583225 0.011412833063602653
1 0.784938500852001 0.5987535143112388 0.01741821911870219 0.01954985638054053
1 0.5065931203413983 0.028376071420583848 0.0072916770467952845 0.008629638037895845
0 0.6839166758011799 0.02372635395995781 0.012913606604751217 0.020958504301964706
1 0.6637006487165179 0.16906794400274935 0.009398479850924775 0.011254406350632316
1 0.3395303998674665 0.1670491401062822 0.009534563337053565 0.01132445511251067
1 0.22580896105085096 0.02968760305652355 0.007648156613719732 0.008595466177385196
1 0.5908983970174984 0.587004219851839 0.017283770502829997 0.02102173290041481
1 0.3258362594915896 0.030345606740618314 0.006999969482421875 0.008474053059687302
1 0.12445891633325695 0.1673982827434538 0.009124288753587364 0.010037078222046292
1 0.5000028804856904 0.16873212199727364 0.009896881726323354 0.011215190410919501
1 0.5335684795768894 0.028081525612523292 0.007619273905851329 0.008390790231166564
1 0.25076778567567165 0.02956647411230183 0.00712130021075814 0.008736061004725251
1 0.06375164888343034 0.16658682538222186 0.009453520482900192 0.011212206589419581
1 0.35152256245515784 0.029796121802739783 0.006955827985491065 0.008706151746357308
1 0.4295182130774673 0.02830648444060428 0.007275717599051366 0.008548790683922638
0 0.8059605189732143 0.02327838999644458 0.011884883958466224 0.02282083517811027
1 0.4546365543287627 0.027955103937307716 0.006797634825414577 0.008860102727077816
1 0.07862543573184888 0.03154854858697274 0.0064940549889389385 0.008439810155807616
1 0.5314107622419086 0.1694185430289864 0.009533940529336734 0.011400471517388842
1 0.03252266134534563 0.03179982898328489 0.006807979272336376 0.00777676239251065
1 0.48088622579769214 0.028184076715739744 0.00677957340162631 0.008299357415205653
1 0.27495670318603516 0.02947916181174553 0.006485997414102358 0.007910821229898562
1 0.005616982524492302 0.16643195083770373 0.008018690408492573 0.01067895506136785
1 0.15384168040995697 0.16815890857413407 0.008225402053521612 0.009978041182369888
1 0.9901172871492346 0.6150893686761837 0.015648043885523016 0.01712344115417766
0 0.28661572203344227 0.0369232991503875 0.0059358246472417196 0.011753414974804385
1 0.9707678970025511 0.1716680602664272 0.010122805225605913 0.011693028111116131
1 0.7283055830974968 0.1687764530595577 0.009132852359693862 0.011495882762016263
1 0.9835522710060588 0.024047043727826928 0.008147881955516655 0.0095505021874571
1 0.3770658142712652 0.02907126630837368 0.007410866873604884 0.008995014084894268
1 0.5602833884102958 0.028820589780698402 0.007779491191007672 0.008457286824592678
0 0.6774962288992746 0.19576142427087148 0.011132532236527415 0.016118035395452836
1 0.4027657022281569 0.029125294790532393 0.007555903220663267 0.008692014115917355
0 0.8395500183105469 0.1814471800154711 0.010999095683195265 0.02077848040480466
0 0.5793519312021684 0.3800460764459998 0.01795336664939418 0.02093960676579872
1 0.586727998694595 0.02843635171921853 0.007673847432039203 0.008819323833245987
1 0.009225058312318762 0.03189904104815623 0.00608218932638363 0.007533438853531536
1 0.03414128021318085 0.1660468247341108 0.008946063567181027 0.010740194445484628
1 0.9017134685905613 0.17202938684139008 0.009273139797911303 0.011133064276303452
1 0.9281561715262278 0.02383540553144188 0.007189069475446482 0.008574011079933608
1 0.05554092660242198 0.0320791359886853 0.006775223478979001 0.0078605225246147
1 0.17587381479691486 0.02901617217567928 0.010807738012197067 0.007398740625822218
0 0.38946112807916133 0.5292040452305196 0.012982426857461734 0.01919677083638694
0 0.4783296390455596 0.46809111831063177 0.017822265625 0.029584448084670208
1 0.6132474237558794 0.02912223992566346 0.007625424132055202 0.008582891501064237
1 0.10197310545006577 0.030938747828775 0.006991366950833084 0.007961262021920504
1 0.30075810880077125 0.030204265957903296 0.006718110065070921 0.00832606972196657
0 0.7254546807736767 0.054821041983786574 0.007618806800063716 0.011551509719978502
1 0.9551164276745854 0.02363737214022895 0.007807361836336078 0.008089637389784823
1 0.19550825625049825 0.02938414130564784 0.00884246826171875 0.007986553461300526
1 0.9015042051977041 0.02477587765085956 0.007932390485491018 0.008940381734098665
0 0.056066985032996355 0.5281329953987972 0.009281742329500164 0.013527225813119895
0 0.2642292100556043 0.5570070097930174 0.01742339620784838 0.02467932971232741
0 0.8600287145497847 0.02499959321998226 0.00967298235212051 0.012192391952133423
0 0.7734616337990274 0.04346106518675339 0.007404560945471931 0.012093996886006098
0 0.25554933353346226 0.12860004251891524 0.009007823710538876 0.01115821362894539
0 0.14689989731725958 0.05290331918419088 0.009160777107354731 0.010979934170303768
0 0.19085795463090954 0.04317110480596709 0.006562944793328764 0.009981758336639788
1 0.638075138075138 0.029464183051626996 0.007350007350007283 0.009102755739527037
1 0.7434689934689934 0.028505998236939938 0.010237510237510237 0.011019125368901154
1 0.874767480030638 0.026152393747390226 0.006797375218427818 0.0063542782447668
