1 0.5332011787258849 0.17031837834131036 0.009173957669005053 0.010536513106432627
1 0.3090597658741231 0.16796293544062346 0.009485828633211077 0.011348894031462175
1 0.026416034114604095 0.5428879216723836 0.014669758932931083 0.019282022879240884
1 0.7763014034349092 0.17203542552775888 0.03265007174744892 0.014124700546788323
1 0.1315980152207978 0.5477621361791919 0.015278310191874603 0.018904640502873847
1 0.5998565907381018 0.17138871773934228 0.009583609444754398 0.010856989744194604
1 0.3734676594636878 0.16868303102926355 0.009500153210698354 0.011057332044901499
1 0.29648239758549905 0.5598495260318768 0.01627186366489956 0.020668789442999193
1 0.18694293742277185 0.552708601792319 0.015745474367725602 0.01961820010156186
0 0.6838953446368782 0.024494687996179456 0.012457399952168319 0.0208876030196578
1 0.8519481736786512 0.6020115632156424 0.01599339076450898 0.018375651576964847
1 0.007790198131483429 0.16399171767606163 0.009137834821428572 0.011035947990818964
1 0.6541283860498546 0.5900069388878949 0.016411333667988727 0.01999700334530972
1 0.7851925285495058 0.5986293305021482 0.016994554169324008 0.019097594293200012
1 0.4050651083187181 0.16923010049259454 0.010129189004703453 0.01163221498721363
1 0.5016748467270209 0.17003598094935649 0.009981505724848521 0.010676397500082228
1 0.5912869122563577 0.586030002132125 0.0163184963926977 0.02153509228513388
1 0.07950256308730767 0.5449156415116659 0.014787440397301494 0.018601853664004093
1 0.7168937215999681 0.5939950294526049 0.016746988101881362 0.019490748297495034
1 0.920157763422752 0.6074927012242021 0.01462663922991074 0.017963742123241876
1 0.5080551225311902 0.02787024263298347 0.007118925756337669 0.008578486812183444
1 0.24203785098328884 0.5568160452170243 0.016236830730827517 0.020684134810712924
1 0.43090127438915016 0.02815370567547301 0.007096426827566898 0.008685051865750942
1 0.5280998385682398 0.579452522852463 0.01722250179368619 0.019731869492033753
1 0.35370495854591844 0.028560144789779442 0.006811647999043367 0.00823818907445791
1 0.35210294139628506 0.5639819056791171 0.014727845483896707 0.017733277434059898
1 0.27898447854178293 0.1668213750651239 0.008710744429607785 0.010535518499265996
1 0.731763100137516 0.1722935971308684 0.009186258121412612 0.010089010924818188
1 0.9897554358657527 0.6115435941271478 0.015291486467633982 0.016596015182387628
1 0.40463171199876435 0.02895752587453263 0.0075246071328922155 0.00900112381463214
1 0.057672695237763076 0.030416294892818087 0.0062880807993363355 0.008110026836700736
1 0.45602074447943247 0.02894697593422945 0.006881869569116673 0.008606335812849088
1 0.48209116410235964 0.02845215886883104 0.007381361358019742 0.00883410085400735
1 0.467966974998007 0.5740092509596043 0.0157986076510683 0.019497426374185244
1 0.6321563720703125 0.17180346892782697 0.009372789032605258 0.010606632911680031
1 0.22785354147152026 0.02776076480128513 0.006747109549386134 0.007680214453978497
1 0.40852519444056923 0.5688478081117471 0.015736793985172203 0.01858892377083784
1 0.3274689499212771 0.027757816501469763 0.006409703468789858 0.008770090778497806
1 0.12658660265864158 0.16433290345590026 0.00842300726442922 0.010252694847097845
1 0.066065214118179 0.16416616466875164 0.009213758974659198 0.011042910240985353
1 0.450775146484375 0.1700249692271545 0.008259208834901197 0.01012353800217406
1 0.46978954393036515 0.16959334523852163 0.009097663723692646 0.011265062855989081
1 0.034961393901279995 0.03037338469791491 0.00636872466729612 0.007892918300899216
0 0.7819072956941565 0.04086734282628958 0.007453607053172811 0.012602596364999242
1 0.3418714172986089 0.1683794982350188 0.009302411760602638 0.011027422786533545
0 0.2308820607710858 0.16159013210718004 0.007483268270687173 0.016715794302597464
1 0.5344699937470105 0.027319585479515695 0.007250182482661021 0.008856266385149386
1 0.3785192528549506 0.028845668089971282 0.007823866240832289 0.008956579622240925
1 0.09706918560728735 0.16450877131597114 0.00910223746786313 0.010871127374634552
1 0.6994920068857622 0.17237394718125829 0.008538849499760854 0.009310162469977878
0 0.6811718843421157 0.1703544683727852 0.009012494768415138 0.015996409147647814
1 0.9737902271504306 0.17415543070343065 0.011342574139030502 0.01139265674679388
0 0.6388591844208387 0.08633044567441552 0.0062933162767060255 0.012414260393660956
1 0.5665981915532327 0.17038316989387936 0.009218721973652788 0.010275428725192262
1 0.938227906519053 0.17387424104875057 0.008619814502949663 0.01052109669534987
1 0.03661558822709687 0.163654403759836 0.008583307266235352 0.00960222176012184
1 0.30259868076869423 0.027715865392048688 0.006854154625717487 0.00815435789898481
1 0.177061229556793 0.02887802156528357 0.013145538783815136 0.006689430070701541
1 0.8748843913175622 0.024276016506258956 0.0075255413444676265 0.009012561797048384
1 0.25269640708456237 0.027338696145788797 0.006712816199477826 0.007868621468685832
1 0.9015326986507495 0.022864668936811036 0.007631574358258982 0.008837795109197688
1 0.665301498101682 0.17308292448264284 0.0079498291015625 0.009907992420491535
1 0.9545171309490593 0.022013640419021013 0.00798205940090887 0.009232227894135513
1 0.928797974878428 0.02211619152223747 0.007715809101961264 0.008868627931363218
1 0.2173551831926618 0.16572315114474181 0.008178477384606194 0.009666871225952814
0 0.152800092891771 0.43867980291632425 0.013369735406369597 0.019525985808541424
1 0.983133432816486 0.021935705843178648 0.008347491828762725 0.009462124236365124
0 0.8042683504065689 0.0226116834996418 0.011161648497289577 0.017752601230440153
1 0.15556450279391543 0.16480583916363278 0.008194261667679758 0.010066845393676126
1 0.1968919792953803 0.028070300760214183 0.012112364477040817 0.00707499599308416
1 0.9050979614257812 0.17408325064048094 0.008984312719228293 0.010920786689597025
1 0.27804396103839485 0.026925898649952842 0.006868673830616252 0.008400381085987637
0 0.014354730138973313 0.049565750845420975 0.005731285834799008 0.009209920276255381
1 0.011687635159005925 0.030074682852765214 0.005127724336118114 0.008345038301501588
0 0.3369800801179847 0.2041499411142286 0.016946130869339913 0.016052533409193367
1 0.5614218030657087 0.026690283316515104 0.00748910709303256 0.00907884526036736
1 0.08133367616303112 0.030048894109801882 0.006291486779037788 0.007175806533759017
0 0.25077586271324936 0.16166835085649858 0.009285401324836545 0.01391718286580787
0 0.04576672339925961 0.07052418410401665 0.00863070390662369 0.011343778908890932
0 0.18684433917610013 0.16697117000875528 0.009370064248844078 0.012196583510907077
1 0.6398218115981745 0.02751133153256814 0.0062213819854113955 0.009208783582350666
1 0.6145160052241111 0.02639946728532941 0.007476962342554173 0.009228249465468992
1 0.10870302939901547 0.03052811715569492 0.01552091326032367 0.007495075434247233
0 0.266465712566765 0.10929787884455014 0.0072409960688377155 0.01513110091267976
1 0.7436054367462309 0.027521005002347377 0.008278708639719402 0.00863404078505016
1 0.5873448111715259 0.02563230858061766 0.006209031479789551 0.008094413235984527
