1 0.15526815336577748 0.16999282210266162 0.008051463535853808 0.010275286638454163
1 0.2966694345279616 0.5611143111309849 0.016028034443757954 0.01963837641837055
1 0.7772810021225287 0.1708728007933375 0.030867596061862276 0.01320348118038182
1 0.13122476850237166 0.5507172561579876 0.015745552218690215 0.02030632617413163
1 0.35356031145368305 0.029104621170140302 0.00678689139229912 0.008862518201625345
1 0.1867966554602798 0.169511041495483 0.009082872040417736 0.009909058071027196
1 0.4051597750916773 0.17162095851275036 0.009848925532126919 0.011459579600434276
1 0.6000788941675304 0.17010176710909214 0.009019812759087949 0.010097394042365508
1 0.32783920910893655 0.029601214319764833 0.0070459015515385946 0.009011567189881754
1 0.18742695633245973 0.5565377683404751 0.015215231447803729 0.021970730224117815
1 0.5335191609908123 0.1704039145576405 0.009020046311981755 0.010246016770407635
1 0.3788161764339525 0.028765815343164705 0.006879066934390952 0.009001194858001178
1 0.24233783021265148 0.5586361763319573 0.016396425208266934 0.022157574284706168
1 0.7851782039720185 0.6006462517493356 0.016218535754145398 0.01906122008824908
1 0.09776359674881915 0.16738918919221604 0.00954879060083506 0.010551787430777287
1 0.46885891349948183 0.5710488027281302 0.015523793746014035 0.017220344309555085
1 0.352876935686384 0.5638555195255861 0.015619550432477685 0.018522995524364164
1 0.02744408529631946 0.5415928720980624 0.014603644001240635 0.019149882212817156
1 0.6998674042370855 0.1717545555682395 0.008689101861447699 0.009596538290598262
1 0.05740422618632414 0.028626357209729378 0.005687207591776946 0.007814628508211631
1 0.27771169312146243 0.03042727109333554 0.007094363777004912 0.008517673688280929
1 0.528816962728695 0.5775256135538555 0.01633974970603471 0.019384609504141864
1 0.12627517933748206 0.1686191275188076 0.009044861306949547 0.010698847204700447
1 0.07928039103138204 0.5457340611230643 0.014814036233084546 0.0193650015342854
1 0.8520264917490434 0.607909512670389 0.01714029117506381 0.01928301748640754
1 0.5910280188735652 0.5824806043712679 0.015336484325175431 0.019088784915438434
1 0.30275173576510683 0.029856686274850643 0.006780429762236948 0.008434552946498282
1 0.25324309602075695 0.030210411209325685 0.0072405678885323725 0.008583886108230871
1 0.7180149311922034 0.5948449923198592 0.017773686623086732 0.021152168525981344
1 0.7321336707290339 0.1714947144459574 0.009300543337452189 0.010517686613635693
1 0.9208785076530613 0.6145456027295132 0.014594876036351984 0.018641211690454986
1 0.9562929114516902 0.02415637947278718 0.008375206772162051 0.009420066561890485
1 0.373042748898876 0.1716620215800584 0.008952860929528069 0.011267691460643731
1 0.5015416826520648 0.1709889567017261 0.009772008779097494 0.010525359297492558
1 0.9046904894770408 0.16911277236861674 0.008141031070631362 0.010936274144048812
1 0.06587347205804318 0.16692978724628657 0.009594129056346662 0.011098466155578553
1 0.9738373269840161 0.17016584822797073 0.01103864397321426 0.012494397313943709
1 0.34157383198640784 0.17112805961831618 0.008911599918287612 0.010114160277460106
1 0.01162367937516193 0.029891852742527914 0.006210203073462661 0.008094113122034655
1 0.4090864998953684 0.567071510755515 0.015921923579001917 0.01884311694528087
1 0.9904797612404338 0.6199662117876465 0.01643184739716205 0.017558084485994944
1 0.3097111448949697 0.1708034624651496 0.008371547776825552 0.010134123464161753
0 0.6299046107700893 0.08464796108700737 0.00761086600167412 0.014225155870617937
1 0.22832845181834943 0.03009020582890155 0.006774240610550851 0.007942151355647402
1 0.5350621281837931 0.027712490832019054 0.007391559834382953 0.009166015474185574
1 0.4503790407764669 0.17151638267351613 0.008289025754344686 0.01069415834234348
1 0.9389318349410076 0.16998408376826912 0.010089017906967626 0.011196719134967772
1 0.6556987373196349 0.5883250581691236 0.017856520049426085 0.019733574532890864
1 0.5666808692776427 0.16992245364562258 0.008470262799944143 0.009809668397733264
1 0.10400663103376116 0.02886335788886349 0.005741391863141736 0.007748984435214055
1 0.46940807420380265 0.1711789266705524 0.009474929498166449 0.011053779876449244
1 0.0350804328918457 0.029852068455862718 0.006563838647336376 0.007995504925800196
1 0.8754155684490593 0.023648703557591626 0.007371240732621257 0.00907550622202225
1 0.6328494792081872 0.16979642270893675 0.008393735301737837 0.009340782162036267
1 0.40464798285036674 0.02714027201604612 0.00759560721261162 0.009149746542674274
0 0.684646917849171 0.02055654091990811 0.010578389070471931 0.02009248563330619
1 0.508836201259068 0.027054771321400467 0.006632201525629771 0.008871469666125018
1 0.007466828184468407 0.16499556048066746 0.008978063050581485 0.010527987902147208
0 0.3019711630684989 0.20587828419635526 0.011035335307218563 0.021593774107965077
0 0.7929983333665498 0.04080219605687532 0.007614447146045846 0.013227422795749993
1 0.5622727530343191 0.027073988552727135 0.008377230897241673 0.009443795047151513
1 0.03660846243099291 0.16593031360887703 0.008766427332041214 0.010496515689660287
0 0.07113107369870555 0.06890375589946929 0.006502112563775519 0.01140203447150782
1 0.24731058003951092 0.17162905745682147 0.008241458814971276 0.008397468307856796
0 0.6813591937629544 0.16867784486332327 0.009407666264748128 0.016206413346544817
1 0.17889976501464844 0.029582316783598864 0.009675395732023273 0.007009280876717544
1 0.928890695377272 0.024058339623505086 0.00800977434430801 0.009214040791659994
1 0.08177588910472636 0.028383104714119308 0.00609117624711017 0.007579901216886961
1 0.19550128858916616 0.029301056085549712 0.010445692101303425 0.006981147702575722
0 0.9273796860052615 0.0893155104332637 0.009052821568080278 0.011342002824664806
0 0.27461713674117105 0.16502664195462463 0.008068707524513706 0.013791222972491088
1 0.9021386127082669 0.023801198149246718 0.00786606146364783 0.008813072016770028
0 0.11747525629791475 0.04005914992374934 0.0068624951746251075 0.012256424623399837
1 0.43121797211316165 0.026258552762828655 0.007466686015226422 0.009495656706554362
0 0.8071245465959822 0.019685975475630713 0.011629999900350766 0.017163651701057124
1 0.4570434726014429 0.026334782297813938 0.007770616181042665 0.009763348121115916
1 0.588102068219866 0.0264652889667496 0.007143915915975767 0.009100371401187997
0 0.2249435113400829 0.16696680084155902 0.009427518260722259 0.015040378530409284
1 0.4827591253786671 0.026517967624896464 0.007254775689572792 0.009322026712608393
1 0.9837917405731824 0.02470682349614782 0.008017092334980913 0.009299434921252079
1 0.21740395682198663 0.16858634100399328 0.009127169239277741 0.01221150261840653
0 0.19325988146723533 0.44112980454121004 0.01405350042849172 0.016668195245337348
1 0.6137353157510563 0.026599134674030373 0.007415304378587387 0.009149249239090957
0 0.11648343913249917 0.02580546899557591 0.0064333611352410435 0.011100514979059095
0 0.6197853866888553 0.05256285745532229 0.007969603246572043 0.010002195927845198
1 0.6655709763817871 0.17129236860178562 0.008411359762711151 0.008079828707631395
1 0.7442614604776767 0.02363349896982184 0.007747305044602267 0.007675837272249831
1 0.6397835181618965 0.026259443299802045 0.006419195608384775 0.007271845836868259
1 0.27820572415167005 0.1716963600371672 0.008411359762711105 0.009695794449157675
