1 0.7743007893465003 0.1719034979914423 0.03067639409279332 0.01438670849182625
1 0.13162365738226442 0.5527059021442952 0.015838739823321905 0.021006955879653393
1 0.27714756556919645 0.02950182464647088 0.006539403175821108 0.008318041821264489
1 0.8526924289002712 0.6020287557109514 0.015683232521524138 0.018303897774229298
1 0.35363368598782285 0.0297401041062478 0.00714710780552456 0.00880440472574654
1 0.9208100766551739 0.6082527231862453 0.015103709941007673 0.0184506733746763
1 0.4046006105384048 0.029253918810188365 0.006531306675502199 0.008823870608864868
1 0.46728025163922987 0.16792933192706516 0.009536431760204061 0.011276500838405328
1 0.03390255996159145 0.16699468536390918 0.008854014532906665 0.010759802415341047
1 0.24180334441515863 0.5576746753753022 0.015629203952088652 0.02048421877022026
1 0.0948527783763652 0.16794968585229655 0.009596260226502713 0.01102536252883125
1 0.06310903782747229 0.1672661065553456 0.009659903390066955 0.011035379643866586
1 0.5284832934943997 0.5766387081346978 0.016472407749720995 0.019280317838383774
1 0.468535209188656 0.5717080141494987 0.015936559560347587 0.01880120135754427
1 0.37891045395208867 0.029278535337562455 0.006783543800821108 0.00872604388968991
1 0.3525050416284678 0.5647419276411605 0.01599689405791612 0.01760682023715981
1 0.21456130670041454 0.1677737469488566 0.009493419102260058 0.01142306330874514
1 0.02709434713636126 0.5449981228631272 0.015401304984579282 0.01974806738017608
1 0.18735212209273358 0.5565553160526293 0.01560218966737086 0.021657428966629377
1 0.0796365737915039 0.548169640944034 0.014920682323222259 0.020014622100832876
1 0.22806467328752794 0.02874620737330829 0.0068453574667171595 0.007957141506515898
1 0.717966196488361 0.5937816862153626 0.018085401885363492 0.021840862945503595
1 0.29685693857621176 0.5605299083772207 0.015909934530452797 0.01893959384044395
1 0.7852999628806601 0.5985496198420797 0.017184821926817553 0.01936670657514251
1 0.3026454691984216 0.029711970932105983 0.007014916867625982 0.008620686573396175
1 0.12414253001310388 0.168385359312965 0.00970965015644929 0.010782749423542591
1 0.32740214406227586 0.0299439275320379 0.00711263929094585 0.009237200929968666
1 0.1847570380386041 0.16811098982171324 0.008801518654336734 0.010284806449906194
1 0.25299710643534756 0.02927413064868167 0.006691290407764689 0.008041967289155625
1 0.40253288891850686 0.16719104923594957 0.008719541588608113 0.011073245759567564
1 0.37057261564293686 0.16641390582196633 0.009120863311144789 0.010919365822216115
1 0.5648075025908802 0.1680840999065297 0.009881622937260854 0.011310672698915971
1 0.6306120814109335 0.16832117162903285 0.008400897590481475 0.009876164991159363
1 0.4995698344950773 0.16920519979174428 0.009129971874003462 0.011387541624222635
1 0.6550076348440989 0.5883023242910292 0.017988905614736105 0.0198424129742678
1 0.5911819691560706 0.5814082047155337 0.016162483059630146 0.018459909012652133
1 0.990280462771046 0.61409206186153 0.01669965471540176 0.018607963393741905
1 0.3072390653649155 0.166407085658538 0.009524209158761135 0.010853863835956627
1 0.4087877857441805 0.5684702836486419 0.016772211814413268 0.019458494607948608
0 0.8064852344746493 0.020566842208419638 0.012053509147799775 0.01995338271671608
1 0.15351248760612646 0.1686823205955731 0.009533629125478317 0.010779694558673643
1 0.5974611165572186 0.16833285826324076 0.008809848707549495 0.01036302519922474
0 0.6853246883470185 0.02229028329808223 0.010573095204878835 0.02039456203848552
1 0.5307896672462932 0.16957714735037938 0.009259282326211734 0.01118037916008743
1 0.05764571987852759 0.030239681077372224 0.005925655364990234 0.008257868087683373
1 0.901242781658562 0.17279981665699853 0.009226273517219311 0.011793341348207666
1 0.6973609145806761 0.17140999522837125 0.008827987982302301 0.009548655059861928
1 0.9359367526307399 0.17372153332698834 0.010315875617825225 0.01149083868281407
1 0.24491242000034877 0.16635209809089718 0.008391360847317413 0.010253121107312123
0 0.49371945128148914 0.039634882460096964 0.00850420582051179 0.015414706041907377
0 0.4433927730638154 0.041567404184858985 0.006946952975526197 0.011766060694494394
1 0.005180275105700201 0.16675956733405475 0.00815979041615311 0.01049743925345789
0 0.9442687521175464 0.054829709274810075 0.007444887745137163 0.012271889482094784
1 0.03521021044984156 0.030964891788583557 0.006332562894237287 0.00783075535298485
1 0.4461250305175781 0.16698825593901062 0.010747792769451535 0.011665250153819542
1 0.9715024987045598 0.17372995196622015 0.010869240274234842 0.012507327207109894
1 0.27657863071986605 0.165953971050769 0.008530208042689745 0.010561875589181674
1 0.729846743588886 0.17163225857547104 0.009690335147226775 0.009139835888302538
1 0.3390261202442403 0.16598871125823203 0.009232112339564745 0.010369561189176873
0 0.0821312665939331 0.3632116397170972 0.01271431300104881 0.018956644249014748
0 0.9504146965182558 0.49603489083057684 0.023972803232621256 0.02753811488269814
1 0.9836501296685667 0.024484209099245324 0.00811938850247137 0.009535298906481474
1 0.011624297317193479 0.03184511913105107 0.006276612379113022 0.008176310300019717
0 0.6080860605045241 0.19789954550564973 0.009340558733258982 0.011613175364309525
1 0.614748935310208 0.027057364404370607 0.00820665943379304 0.008893919370743233
1 0.9291486156230069 0.024779252210889193 0.007577078683035741 0.00906825979837966
1 0.508688362277284 0.026840113781831005 0.007104211924027414 0.008762062877795723
1 0.19708261684495576 0.029379985268558714 0.010240866213428729 0.007158045691497765
0 0.27488550847890425 0.1941859665189296 0.008246013096400683 0.015837272000987022
0 0.677919037488042 0.16832593153475886 0.009108562858737275 0.017651080256074862
1 0.5353144042345943 0.026639629394386022 0.008159871004065681 0.009511286247744265
1 0.5619098896882971 0.026767329850244406 0.007495023766342534 0.009343268679952842
1 0.43114156139140225 0.027918694210672154 0.006420446901905221 0.007637446345813411
1 0.4822358890455596 0.027594665404457923 0.006456336196588043 0.008606335812849088
1 0.5881563303421955 0.026477934686439608 0.0077952170858577845 0.00926618662453902
1 0.45694576964086414 0.027357238465109544 0.006597713548309974 0.008044382763703155
1 0.1784946869830696 0.02999831123104185 0.010854721069335938 0.006834798362343028
1 0.9564316418706155 0.02473314506437899 0.007730912189094312 0.008493945203019897
1 0.08189513731975945 0.029586543864057038 0.007085255214146215 0.006892485578007567
1 0.6400943678252552 0.02676054520850061 0.0073796486367984655 0.010541841359111
1 0.6637542101801658 0.17003566125419575 0.00761849539620537 0.011267549373905653
0 0.4385469397720026 0.16536686864898115 0.008466759506536957 0.012864249093191959
0 0.26072179054727357 0.12020385299170128 0.01093276666135203 0.010652811101559278
1 0.8756229634187659 0.024747744476717733 0.00713831064652414 0.009060160854308528
0 0.7283687430746254 0.18670865207069373 0.0075275810569928655 0.016211641607315568
1 0.9019714902067844 0.025028413624210696 0.007494125141184101 0.0097697275222994
1 0.7462491505044697 0.026921731386954154 0.00842234884788076 0.010601193694409991
