1 0.4045603226642219 0.029517098970815555 0.006406511579241065 0.008632906032871916
1 0.33879805584343115 0.1688269648949487 0.009216775699537612 0.01136054514398555
1 0.4664356075987524 0.17108095786463934 0.009307861328125 0.01187901965127595
1 0.3537971340880102 0.028928291528170613 0.006559877979512117 0.008239965158684031
1 0.13104558477596362 0.5504592976849851 0.015881888720453992 0.020324087016392923
1 0.18674223763602119 0.5553332990616863 0.0157827260542889 0.021801931179266872
1 0.9906164675342793 0.6172317525131046 0.01520553900271033 0.017529240878162648
1 0.4570324566899514 0.02896004791413373 0.006840219303053238 0.008726967453487488
1 0.4679377030353157 0.5713733288379277 0.01699906952527105 0.01995935035971585
1 0.5911622339365434 0.578611156232863 0.0157318115234375 0.01820557375147105
1 0.48311576064752065 0.028437950195022044 0.007608608323700599 0.008868698974732265
1 0.29662665542291133 0.5617799874989365 0.016422271728515625 0.021112100065839995
1 0.0789448387768804 0.5467354174097536 0.014934111614616545 0.019650595877846344
1 0.44659914289202013 0.16974967617210515 0.007829938616071482 0.010019885726737397
0 0.3900311139165139 0.04000025850709539 0.006080393888512444 0.010303917116179302
1 0.2759864962830835 0.16947964032636512 0.009525727252570967 0.012354726050401235
1 0.43093046850087685 0.02897631684564504 0.007351855842434693 0.008910543519099768
1 0.7174217068419164 0.5912494874124918 0.017172210070551648 0.020160971441065538
1 0.7743633036710779 0.17270230963298427 0.031203289421237276 0.01338371820764899
1 0.30653330744529256 0.16895477191586064 0.00926465404276946 0.011154377287016959
1 0.3521288268420161 0.5642110915876564 0.015417994285116391 0.017791248823200597
1 0.7852235132334184 0.5982108850584731 0.01682748599928256 0.018810579082258243
1 0.09449951016173072 0.16659442702270966 0.009234681421396683 0.010929240850513373
1 0.3701329523203325 0.16806729814975055 0.009529503024354275 0.010612316381203631
1 0.24188738453144928 0.5580845956146918 0.016936944455516606 0.02161579755236906
1 0.564027435925542 0.1708833862553252 0.009743359624123128 0.011243323585061296
1 0.5977000800930723 0.1694903678750909 0.00924355643136162 0.010298517820131865
1 0.22836899270816724 0.02906160441018356 0.0073856431610730255 0.008482294090496518
1 0.026800034605726906 0.5430670930491152 0.014475976934238357 0.017842542135651087
1 0.12408750884386957 0.16771328904179933 0.009855465013153701 0.010999715872606005
1 0.6544633203623247 0.5847736001505642 0.016419702646683663 0.019214957938862406
1 0.5083417697828643 0.028188516926305057 0.006952636095942365 0.008183343593555171
1 0.5278661688979791 0.5748846473529767 0.016479725740393806 0.019645480755275016
1 0.4988835393166056 0.17165925088866563 0.009133786571269181 0.010763070410317101
1 0.9200322676678093 0.6097844182228556 0.014644389249840569 0.015668757129612278
1 0.25355693272181923 0.028884741942946032 0.007264351358219077 0.00794222239901645
1 0.3032346063730668 0.028613782533408415 0.006519084074059319 0.008234636906005656
1 0.18460919905682 0.1682549236873984 0.00933102199009485 0.010754118945817447
1 0.05842403489716199 0.029363964988839066 0.006671418949049354 0.008507159269662268
1 0.2779112056810029 0.0285951336490341 0.006920717200454388 0.008010850293513916
1 0.8515399232202647 0.6050301249229953 0.018362707021285177 0.020298369316798563
1 0.37874062207280373 0.02969072896476153 0.00616618565150669 0.00904858078515419
1 0.40880569146603957 0.567382396538456 0.016336012859733767 0.01851304945269779
1 0.6305466476751834 0.16942990996803362 0.008589764030612275 0.009685342501904521
1 0.5312050410679409 0.17069114289868942 0.009770218206911676 0.011055058657092056
1 0.9357950638751594 0.17254537483076388 0.009787578972018525 0.01138271067512757
1 0.24470284520363322 0.16883303910300204 0.009686606270926365 0.010712842748402295
0 0.6859481967225367 0.021937446405720252 0.010366945850605913 0.020224271082884663
1 0.9707462544343909 0.1717146291948362 0.009952155911192553 0.012291142235105964
1 0.9561910823899873 0.020688219804433014 0.008938847755899326 0.009367423425428142
1 0.21343748910086494 0.16821478418388797 0.008996768873565073 0.010488416745589165
1 0.15332688117513854 0.16803135020501378 0.008826839680574383 0.010306971981048234
1 0.32765734925562023 0.0288220106480793 0.00645150943678256 0.008607756680229983
1 0.1051062467146893 0.028694203627167347 0.007580348423549109 0.00773733332269068
1 0.7290905543736049 0.17240783486829275 0.008795757682955933 0.010263067178978432
0 0.8064389131507095 0.019391713841046335 0.014070783342633888 0.021921141952524426
1 0.011850201353734855 0.029737049241378866 0.005836243532141861 0.007761985371749292
1 0.875825531628667 0.022883388864554394 0.007503275968590569 0.008442154586986097
1 0.9290790947116152 0.021063790574889392 0.007365946867028069 0.009021513261548049
0 0.9835312512456155 0.05331627238404449 0.008636474609375 0.014502367096631516
0 0.21110040314343512 0.19428997401121148 0.007952631736288266 0.012514431544014404
1 0.4005507644341917 0.16764892374944457 0.010435143295599457 0.01264529342979528
1 0.9024153728874363 0.021793903278564834 0.0076237892617984655 0.008867633324196584
1 0.06219474636778539 0.16596860598479227 0.008348990459831389 0.01036295415585569
1 0.03368480838074977 0.1658385255760709 0.00904553763720454 0.010568837839348083
1 0.03540303755779656 0.029715452057189187 0.006131357076216721 0.0077347047180360085
1 0.005278861644316693 0.16610962707234658 0.008177597911990419 0.011008312120260454
1 0.08137568162412061 0.029034927625107156 0.005863257816859656 0.007059437495263307
1 0.6144556318010603 0.02673980054473947 0.008125616579639689 0.008993664260882413
0 0.5370791688257335 0.03947162479803156 0.008145468575613865 0.01736470443545447
0 0.22356196812220985 0.3613826281810337 0.014305504000916775 0.014658236248316253
1 0.9838071550641743 0.01952626998201756 0.007613512934470622 0.009066696844260667
1 0.197113037109375 0.030182562208660047 0.013160394162547833 0.007383253171370405
1 0.5882766100825095 0.026358120044545217 0.007287628796635854 0.009201252985231893
1 0.5619372153768734 0.026686979799854516 0.008275868941326535 0.009197984990255823
1 0.17926278406259966 0.03008722200740166 0.009735107421875 0.007130054604094037
0 0.33782059805733816 0.044361966149613005 0.006882803780691991 0.011694235848389902
0 0.6785073439696593 0.16932370474983138 0.00923979306926094 0.014215929469682205
1 0.6962142477230151 0.17321336010820945 0.012944746990593095 0.01202991576712752
1 0.9021379120495855 0.17300236130214583 0.009935651506696482 0.012135130996683171
0 0.3938608753437899 0.16634122845543328 0.010865814831792104 0.012268763573856796
0 0.9364125777264031 0.045282546125698084 0.009248383191167104 0.010642438769678719
1 0.6628040817230006 0.17250434290793035 0.009960820771631605 0.010503777319920825
1 0.6408902760254113 0.027673413323637538 0.007304601899196436 0.008483820143012967
1 0.7437080815459193 0.02605744758211126 0.006640547181087643 0.00929180301377611
0 0.6789651051946134 0.18427307701732457 0.008324270619352581 0.014702639123722695
0 0.6909144614062646 0.19260457252076746 0.008055745760663799 0.014702639123722695
