1 0.6543245899433994 0.5914768261934359 0.01674979073660713 0.020564213603764987
1 0.7774781207649075 0.17157137024115696 0.03130823252152423 0.01371897186617232
1 0.40854508536202566 0.5709372646387295 0.01582990373883926 0.018577130571576388
1 0.852266584123884 0.6031773849016708 0.015241350446428518 0.017747201934392717
1 0.2965426931575853 0.5617559037968303 0.015986384177694518 0.01949657385375673
1 0.24217808003328284 0.5580607250426929 0.01590129307338169 0.02122889536454991
1 0.07990210396902903 0.5468559069636538 0.015704777775978562 0.02030277400567944
1 0.99019108986368 0.6182893041047084 0.016780931122448915 0.02002314730511825
1 0.4685471982372051 0.5767846312147161 0.016088368941326533 0.02006946758173564
1 0.02680723460353151 0.5430882639730905 0.014100484702051903 0.017535634781376746
1 0.5286938025026905 0.5807885644507232 0.016039634237484095 0.019068040251677347
1 0.06804103267436126 0.1639354158060935 0.008759313700150472 0.010561023068753141
1 0.7853592074647243 0.5996886581779781 0.01648385184151787 0.020133548700614155
1 0.099696548617616 0.1639657513246757 0.009418565399792736 0.01091737660788285
1 0.27739524841308594 0.028903426349004863 0.007048470633370509 0.008367772179595985
1 0.34358409959442765 0.16468861760470857 0.009296650789221931 0.010936984577739268
1 0.22773281408815968 0.028540963080137288 0.007409738034618123 0.007947337521587683
1 0.2525697241024095 0.02855609531774387 0.0066531045096261225 0.007793883844450496
0 0.6857919498365752 0.025084632132729115 0.009713931959502526 0.020689676193498437
1 0.3784904090725646 0.029718222748581942 0.0070761077258051554 0.008841347277649937
0 0.4201506011340083 0.021219588683205073 0.005679850675621819 0.010135899548387879
1 0.5914157556027783 0.5878191583381542 0.016604676538584207 0.02040251889581851
1 0.9208947006536989 0.6109468298271699 0.0140380859375 0.017355326710740547
1 0.717942374093192 0.5950027085991391 0.015649912308673467 0.019404785820950638
1 0.4712206782126913 0.16794552981520744 0.009181976318359375 0.010732237588151585
1 0.5082703025973574 0.028681735515899948 0.007843796087771051 0.00881314306013907
1 0.21886193022436023 0.1629186431083215 0.008627366046516233 0.010354855211784569
1 0.3526301481285874 0.5674531557340248 0.016227488615074944 0.018853915537375754
1 0.18645146428322307 0.5554633084270386 0.015056921511280292 0.01773285117384564
1 0.13132986730458784 0.5518813017597899 0.016231439551528608 0.021706590978008502
1 0.35332535724250635 0.02917694331982811 0.007421532455755754 0.008557173801469947
1 0.057759703422079284 0.03254027849715638 0.006980876533352592 0.008304827754622119
1 0.6665560663962851 0.17140843227425226 0.009367962272799775 0.011322679028284575
1 0.5356557417889031 0.16938827855377322 0.010603924186862275 0.010930448587787136
1 0.2806972192258251 0.1629993483755566 0.008860296132613164 0.010478754847399034
0 0.4521023497289541 0.05926111046236083 0.008934488101881362 0.012522814661561703
1 0.24939751138492505 0.16267588791629473 0.008957220583545892 0.010172700013553205
1 0.3273962760458187 0.029531236601255513 0.0072666090361925995 0.008636742374800343
1 0.039028250441259266 0.16452187881755995 0.008904739302031846 0.010620415325274751
1 0.31070841575155456 0.16324959864301763 0.009193887515943862 0.010688545916188931
1 0.12893503539416254 0.1635352995516321 0.009472593969228317 0.01107942653267449
1 0.40398928583884725 0.16687323672452678 0.009225495007573354 0.011190964622075144
1 0.4563278276093153 0.02956341924743289 0.006725544832190681 0.008483572871139329
1 0.5685605418925382 0.17034256860847016 0.010021131865832335 0.010144779969518515
0 0.15144840551882374 0.058807853767853746 0.006162409879723382 0.011523518632574763
1 0.5031611773432517 0.1688423813060315 0.010022377481265998 0.011927755402440796
1 0.5345249565280215 0.028392589003886817 0.007724061304209114 0.008719863116582995
1 0.6014680278544523 0.1701277334604781 0.00962175641741074 0.010328356035130791
1 0.4304023275569994 0.028973688240990367 0.006689266282684974 0.007837220299567944
0 0.49966936695332437 0.46540390287650474 0.016443057936065025 0.03191793858432219
1 0.6998628888811385 0.17097123138114936 0.00913674490792412 0.010822178493362556
1 0.6334260434520488 0.171001460334678 0.009608210349569516 0.011057403088270528
1 0.01139906444111649 0.03262197837155813 0.00670978062006892 0.008192224014685797
1 0.6142166682652065 0.028561672222213907 0.007700861716757017 0.00864263897443108
1 0.450670592638911 0.16775456523921448 0.007784473652742328 0.010204811616361532
1 0.7323335920061385 0.17069654219473687 0.009452975526147923 0.009873820559980892
1 0.4040237738161671 0.029927516513788503 0.006349836077008889 0.008443859627843175
1 0.5879601069859096 0.02793712996493933 0.006966493567641841 0.008311150614467118
1 0.37060103124501753 0.16588378020215255 0.009177850217235311 0.010790777324244685
1 0.0349963295216463 0.032316065624450364 0.006865803076296436 0.007964956277110847
0 0.9691117734325176 0.018989430763829033 0.013853112045599364 0.02168030493146188
1 0.0101777120512359 0.16474413799761722 0.009194033486502511 0.01049886012083878
1 0.15765766221649793 0.16282039012893226 0.00821207007583306 0.009526418485350859
0 0.8611350908648205 0.02120955035753242 0.007747305044602452 0.014139700238354947
1 0.9730310245436065 0.17375947048605836 0.01117410465162631 0.012013646835616208
1 0.5615522034314214 0.028187735449245563 0.007782916633450318 0.008701249753893203
1 0.9376416887555805 0.1746040695789498 0.010274458904655502 0.01215196827514682
1 0.08123269859625369 0.0316367489296421 0.006490405724973089 0.007718435786524711
0 0.8563858343630423 0.17298289541902748 0.014147388691804827 0.018821235587615007
1 0.4823835723254145 0.029096984007967962 0.0074191969268176455 0.008761636617581448
1 0.3019265739285216 0.029427015978866496 0.006970775370695126 0.008898466146362114
1 0.1904347867381816 0.16319805667877546 0.008429858149314419 0.009698130308332588
1 0.7701534349091199 0.02761395367915364 0.0077709275849011045 0.008978674110013919
0 0.8781622688967471 0.062051480245003135 0.004661485487610866 0.009200967565079586
0 0.5966640394561145 0.5007724178953424 0.025526708486128837 0.020818833038422187
1 0.796820660026706 0.0267471180117511 0.0072641178053252245 0.009095398365354846
0 0.4909879334118902 0.24428496889240234 0.007399578483737182 0.012145290198456588
1 0.10357285519035496 0.031085878646067187 0.00623078248938735 0.0079827171193721
1 0.17812012621783113 0.02836783282542318 0.013463935073541143 0.00654352054925854
1 0.9040291455327248 0.17541289833552712 0.008325849260602732 0.01046951920942318
1 0.7443562721719548 0.028102483406391564 0.007245122169961733 0.008498278848531646
1 0.19612668670045968 0.028635541130043737 0.01426054136909025 0.006849898207995678
1 0.6401613975057796 0.028659712071496007 0.006696428571428518 0.009298795530930675
0 0.09470219514807876 0.07294939159310572 0.008509227207728797 0.011725992234353014
0 0.19442974791234852 0.14032919618319079 0.006903006106006853 0.02532625063085116
0 0.1851502827235631 0.5401899076461618 0.016125542776925218 0.02725337305956571
0 0.5042620566086269 0.18509224932951276 0.010939722131057887 0.011871806079443967
0 0.3084177502782154 0.01829725528755669 0.007346518974425956 0.010925216890385314
0 0.858368196206034 0.03433927200743344 0.00841135976271106 0.010503777319920814
1 0.8224916421637732 0.02548457448111936 0.0053704971737757725 0.00784140753265211
1 0.8765994011895651 0.021318826729397923 0.006713121467219785 0.008331495503442865
1 0.9033176246290999 0.02205395868558406 0.00805574576066389 0.00784140753265211
0 0.8835810475154737 0.06738709598372908 0.007250171184597353 0.009311671445024382
0 0.14185712298919848 0.002495981047465919 0.004017739866796467 0.003948444594861382
