1 0.2166177399304448 0.1682765919149571 0.008742663325095669 0.010432008310567432
1 0.8522085073042889 0.601496285659959 0.015332903180803518 0.01850750806991229
1 0.13152556516686262 0.5504477886591999 0.01584796516262755 0.02042965746279378
1 0.29639263542330996 0.5615314777940171 0.016634571308992374 0.02029751679637005
1 0.2528378622872489 0.029198540504017784 0.006816786162707289 0.008624096655110335
1 0.5999400080466757 0.16918434856292958 0.009252275739397268 0.010724635947663791
1 0.5021633226044324 0.1669512778654227 0.009635302485251964 0.011122478814315759
1 0.30932893558424346 0.16848794593786598 0.008818568015585141 0.010173694620719837
1 0.5335931194071867 0.16695944785286287 0.008858894815250281 0.009898046348825226
1 0.3278166323292013 0.028262046813266634 0.0065611235949457804 0.00868292056467959
1 0.27881591174067283 0.16940696295983207 0.0077973969128667196 0.009140724034805573
1 0.9206964920978157 0.6078407426891534 0.013975805165816244 0.017185390971984894
1 0.43089504631198183 0.028366338479024686 0.0070363258828922155 0.008791261702473213
1 0.5665372342479472 0.16761272715291614 0.009162046471420658 0.010510084973147878
1 0.027155046560326402 0.5457724955857177 0.015278636192788884 0.01975176163536633
1 0.18670298128711935 0.5547634601985764 0.014937108876753835 0.019422688749949905
1 0.24736698306336696 0.16919880588853023 0.007059369768415185 0.008532734882518458
1 0.3725686754499163 0.16881296935124684 0.009563523895886508 0.011304278795701896
1 0.34134759708326695 0.16853828016483435 0.009270959970902461 0.011181657940730262
1 0.08010144136389907 0.5484963693982718 0.016272116680534514 0.021095902177697752
1 0.5294249009112922 0.5771067418499661 0.015148318543726048 0.018738114845832324
1 0.4681507811254385 0.5722255650929915 0.01616092604033804 0.01922419357683824
1 0.5912411748146525 0.5827400547550201 0.015949171416613492 0.018993018453965806
1 0.40380337773537156 0.1682382284956728 0.00963429042271206 0.01133283823005799
1 0.48294733008559865 0.028083124088326805 0.007137298583984375 0.007883185359340057
1 0.19725322723388672 0.02933913533135784 0.012061372095224808 0.007412523039416949
1 0.2774807287722218 0.02787166350036437 0.006446371273118637 0.008038059903858152
1 0.7856319193937341 0.596938143102032 0.016716159119898016 0.018653857410144952
1 0.24229740609928052 0.55800289574029 0.015641621180943067 0.02068868158633177
1 0.7176660810198103 0.5931077688166019 0.017185600436463604 0.020840714396088155
1 0.35297677954848933 0.565949025524604 0.016754695347377245 0.01952101277270824
1 0.22809881093550702 0.02946900260997209 0.006348979716398297 0.009299577007990174
1 0.7763297411860252 0.17451057650528662 0.034838773766342535 0.014725443275432806
1 0.30278585395034474 0.02830964587052678 0.006462836752132485 0.008122530469652655
1 0.45664479781170286 0.028430277511165183 0.006502423967633889 0.00804502215402456
1 0.40860771646305005 0.5685769197455786 0.016103783432318254 0.019447411842377606
1 0.5081794115961814 0.028042806976393764 0.007255865603077189 0.008434695033236371
1 0.404367952930684 0.02794846138230201 0.007111062808912613 0.008645267579085745
1 0.18744739221066845 0.16779157883448692 0.009576213603117023 0.010739057751579916
1 0.6555796253437899 0.5879652235049107 0.017969871053890345 0.01944556471478244
1 0.6996851551289462 0.17271154527096014 0.008399184869260199 0.009280537385086123
1 0.007794351602087216 0.16623533831387172 0.009702223904278813 0.01118066333356361
0 0.6858677766761001 0.021219872856681254 0.009357374541613492 0.019645196581798887
1 0.011941496510894932 0.029951884389370936 0.006815924328200671 0.00840165986663045
0 0.26331671889947383 0.1660908005795497 0.009762822365274234 0.017546433373471566
1 0.7318092657595264 0.1730249175718176 0.008703893544722585 0.009767468636520529
0 0.7105849908322704 0.040511912850957454 0.008007750219228293 0.01467926508555356
1 0.9912433235012754 0.6135645648463708 0.01605629434390943 0.016768508482428904
0 0.6806638289471062 0.16821329227313803 0.00998251778738838 0.01654727943122274
1 0.09767654963902066 0.16459938713318803 0.008440056625677617 0.010266477260692587
1 0.35404349346550146 0.027810210986140442 0.007437102648676646 0.008601646950492117
1 0.632378558723294 0.16944511324900924 0.008527872513751684 0.009952465569513715
0 0.725215989716199 0.3728187634696831 0.015028038803412051 0.024794846230394553
1 0.5355250300193319 0.02763516012481357 0.007860611896125561 0.008817760879127
1 0.03664869434979498 0.16538452292618883 0.009000841452150929 0.011965905691617951
1 0.6654765070701133 0.1713975981604729 0.006972020986128836 0.01069977076849803
1 0.9386232337173152 0.17549225377875038 0.00994405941087369 0.011609054848904957
1 0.3784363415776467 0.027411693207482535 0.006758086535395396 0.008532308622304197
1 0.0662107954219896 0.16392156234912972 0.008420827437420272 0.010361107028260524
0 0.8066424155721859 0.019837226808327512 0.011361102668606475 0.018125863091402572
0 0.46664997022979116 0.2039606105357237 0.00916469340421716 0.012812955780741469
1 0.05852043385408362 0.027556941375495032 0.006444755865603071 0.008497639458210237
1 0.4497022434156768 0.16719623540188983 0.008032506825972585 0.010613666205215491
1 0.4694350106375559 0.16655855012134196 0.009268468740035085 0.011386831190532201
1 0.035782541547502794 0.028507288523209964 0.0071329583927076685 0.008850298742149607
1 0.15555655226415516 0.16577302358981139 0.009348012963119807 0.010372402923938671
1 0.9567095698142537 0.024756198637634095 0.00887174022441018 0.009797022678043246
1 0.9054487578722896 0.17502173354556536 0.009562278280452658 0.011904950480977372
1 0.561557302669603 0.02758855567472005 0.00773324771803256 0.008652514002728335
1 0.587843758719308 0.026651635723754626 0.00726645333426338 0.008908270131290323
1 0.08195755433063119 0.02754188018125749 0.006716533583037717 0.008408266899951635
1 0.6141372213558276 0.02680892574282025 0.00734274727957588 0.009001336944739272
1 0.9748124881666533 0.17360406311627244 0.010231173768335516 0.01200206676646186
0 0.27290918389145213 0.11557022685416393 0.006828230254504164 0.008846320313483076
1 0.9292507560885683 0.024982684898149546 0.008002456353635105 0.00987389160334993
1 0.9841176247110173 0.024503284243833905 0.008442158601721931 0.009843485041398672
1 0.1790866267924406 0.02973939367255735 0.009291862954898766 0.007284502888397863
1 0.9029302013163665 0.026273685000435237 0.008299847038424775 0.009776135927544012
0 0.7616233047173948 0.08119262474676583 0.007913394850127526 0.013057202883518176
1 0.8760358849350286 0.026315565066487266 0.0075054557955993645 0.009760435342985069
0 0.9512150044343909 0.19794259778729098 0.01073564801897324 0.017939019030814234
1 0.1272829211488062 0.1649430239092587 0.009182988380899234 0.010466393301185225
0 0.11950586950586946 0.1679034094953377 0.006581256581256575 0.0173499893230835
0 0.22563563766236372 0.042580922228769455 0.00802584321515279 0.011984779330250581
1 0.6404001404001404 0.02649457059023576 0.0078000078000077955 0.007117944337675278
1 0.7444002444002444 0.02530824653395655 0.006933340266673638 0.009490592450233704
0 0.11071803177066333 0.026331545913936338 0.011289484973695509 0.013271550457961492
