1 0.21706865271743464 0.16792389710933323 0.008693461515465569 0.009815493953994942
1 0.2964436667306083 0.5616679521059526 0.016218925008968422 0.019705867618963282
1 0.3089445269837671 0.16900642044515637 0.008059637887137303 0.01000816357084497
1 0.2531330342195472 0.029471311519466057 0.00683885691117267 0.008281454486206312
1 0.7757071670220823 0.17273271619493552 0.03474675392617992 0.014677133784482195
1 0.07970659586848045 0.5482267598127462 0.014706076407919126 0.019115213048723163
1 0.5337082220583546 0.16722408440255548 0.009129115513392778 0.010430729529924621
1 0.18681345180589326 0.554623931021772 0.015304215100346767 0.019037065342773773
1 0.4035347919074857 0.16918580495199498 0.010065506915656858 0.01210209583007724
1 0.026993927298759927 0.5453078719521633 0.014945535027250951 0.019286853828335927
1 0.24231377426458864 0.5574962854756302 0.015289384491589633 0.02038859439548578
1 0.3279087689458108 0.02838768701142271 0.006704525071747427 0.008580689156623838
1 0.46839137953154897 0.572867299845575 0.016154775814134263 0.019885607342647167
1 0.7854512273048869 0.597136993491989 0.017734138333067646 0.021774224265339377
1 0.036893229095303286 0.16704242650790743 0.009091761647438518 0.011525934107122297
1 0.5286804510622608 0.5760794547335756 0.015760694231305855 0.01776183686841599
1 0.303025381905692 0.029203939800065203 0.006382922736965896 0.008597810608563685
1 0.9903491273218272 0.6102930177018487 0.01623784279336733 0.0167382440072157
1 0.4087483931560906 0.5692337867357685 0.015880506865832242 0.018361300816417687
1 0.852367011868224 0.5991674129792949 0.01589716697225767 0.017621597257921142
1 0.6003514893200933 0.16717968229690236 0.00910622732979912 0.010486285444517822
1 0.24801698022959184 0.1692263707157197 0.007021300646723521 0.008897613625933566
1 0.4567578763377909 0.028196971087221412 0.006639986622090195 0.008443788584474131
1 0.27877025214993223 0.16935620247264943 0.00729677628497689 0.008452455875497618
1 0.06665055605829978 0.16704491302582397 0.00973482521212831 0.011623547696190133
1 0.13133664033850848 0.5517926396352217 0.015535977421974668 0.021065637702484548
1 0.2773722434530453 0.029740388279723983 0.006555829729352685 0.00853529244380409
1 0.00811553852898734 0.16682915431403433 0.009648617433041943 0.012103374610720028
1 0.37224026115573183 0.16910769276773 0.00868209527463328 0.010593489888406717
1 0.7181219762685348 0.591629995697097 0.017653951839524888 0.02102571132908134
1 0.43089146516761 0.02827341375231383 0.006647693867586078 0.008348022123001472
1 0.5915373977349729 0.5809727799066567 0.015760616380341225 0.01838488721494068
1 0.9210661284777584 0.6050573345333395 0.014263542330994947 0.016804598513903722
1 0.5024533174475845 0.16669278656715247 0.009253677056760199 0.010089295098294366
1 0.3525235701580437 0.5667612643628955 0.0165307959731744 0.019458494607948608
1 0.18759957138372926 0.16707624315157282 0.00885157682457747 0.009781251050115248
1 0.566558448635802 0.16702622861976515 0.008922265500438436 0.010067697914104681
1 0.34119897959183676 0.16885097755368592 0.009163214235889689 0.010827009442457621
0 0.26338958740234375 0.1664850912777494 0.009417397635323635 0.017683902292573647
1 0.6545395364566725 0.5864900079466914 0.016732819226323352 0.01938347281023715
1 0.35349694076849497 0.02774783490811894 0.00706645420619419 0.008612445542586956
1 0.9753723923040897 0.17574516817255056 0.01128683284837369 0.012729195648637424
1 0.058293040917844194 0.02895365401091968 0.0061798095703125 0.008785365102842481
1 0.4826978566695233 0.027424658622333245 0.006252989477040794 0.008370471827619692
1 0.4044248230603277 0.027713947221084473 0.006724610620615456 0.008312784611955157
0 0.6855271008549905 0.02118328552162308 0.008811794981664484 0.018961546241478874
0 0.8073432299555564 0.017747059847654643 0.012475461375956681 0.021385688080032272
1 0.47004100254603787 0.16693539967244114 0.009167729591836734 0.010857416004408883
1 0.7313761808434311 0.17103612949877195 0.009140948860012725 0.0099180805788959
1 0.08188337452557623 0.028492298372341466 0.006795644760131836 0.00845373465614043
1 0.5085214498091717 0.0270780380247627 0.0073567604532047155 0.009130635876401167
1 0.44978791840222415 0.1684499377354269 0.007830405721859094 0.01016197246482739
1 0.6329378400530135 0.16909383931076624 0.00994616138691804 0.010499925771374442
0 0.705829075404576 0.04026134288833575 0.006803551498724457 0.012804146402979897
1 0.01227289559889813 0.03007255155169387 0.006854354118814274 0.008340917786096979
1 0.37859546894929846 0.02728839744050494 0.006696272869499345 0.008691445768964993
0 0.6810323754135443 0.16600373693078505 0.008772869499362275 0.0153278910449344
1 0.5353580397002552 0.026845299947771288 0.007792103047273578 0.009806826662971451
0 0.16517454264115314 0.15969146254776795 0.0070003587372449005 0.012731611123184945
1 0.929979908223055 0.024730942719938597 0.007946559361049028 0.009556611917194969
1 0.035535243092751016 0.030065589301527463 0.007118419725067763 0.008577776378493
1 0.15601244751287965 0.1634875228859493 0.008733613150460399 0.01015387352075627
1 0.5619175969337931 0.026902560903221552 0.007874157963966878 0.009484076637400028
1 0.1962593428942622 0.029066009099064344 0.01245580400739397 0.007106255075463964
1 0.22826687170534718 0.030074540766027127 0.006619083638093891 0.010584964684121309
1 0.9567706049705037 0.02452576947013664 0.008838575713488585 0.009373533155166017
1 0.9049917727100606 0.1742095302289584 0.009593730070153069 0.011471017582850502
1 0.09721845510054608 0.1657367204282294 0.008832191934390953 0.010970517047928506
1 0.179376660561075 0.02953777259120765 0.009999800701530618 0.00711243584857088
0 0.9449280719367825 0.19441017939163563 0.013774949677136602 0.02023542489182474
1 0.12690871102469306 0.16578680600340615 0.00839225613341039 0.010731242980984951
1 0.6141358200384646 0.02671962422793069 0.007146407146843095 0.009125378667091835
1 0.8765263460120376 0.024465631258240056 0.007799109634087949 0.009406142061557668
0 0.7166760503029338 0.3739040930185835 0.012388891103316335 0.016092175609120463
1 0.5879933104223135 0.02636749776925916 0.006939634984853386 0.009052559213820713
1 0.7000561149752871 0.16930672076610956 0.006672606176259636 0.008180359772055282
1 0.9392141225386639 0.17595069663919774 0.010960170200892964 0.01170993643294885
0 0.47536340051767784 0.1973756717023119 0.011982976173867984 0.023440049182706493
1 0.9848608678700972 0.02486006404317788 0.008655937350526197 0.010299867644143736
1 0.9036348303970027 0.024896118552968218 0.008872830137914484 0.009542332200016927
1 0.10606539979272961 0.027538718751334988 0.008793830871582043 0.009256453682979856
1 0.6657654119997608 0.16903164084116737 0.008170614437181138 0.011245170712656485
0 0.23002983291791956 0.0385833697581929 0.00709603597690241 0.011332178530378335
1 0.639894193948248 0.026791365356387754 0.007821088902169952 0.00996512207274539
1 0.744072834590076 0.025127570743776098 0.0061778079019457945 0.00966445028606773
0 0.7631973626935844 0.08338510427609166 0.00639522050101396 0.010918962472655525
0 0.11666583095154523 0.17205088313352246 0.0080228651657223 0.010981971263841869
