1 0.4676649521808235 0.5685285392112589 0.015560227997449008 0.018263118880397493
1 0.2959168881786113 0.561373477341261 0.015411921909877245 0.018412736215606233
1 0.9897276430713887 0.6077132908850867 0.014834812709263286 0.017742370985297674
1 0.528225022919324 0.5725289913221827 0.016815341248804266 0.01991771894545545
1 0.22814984224280535 0.029409290658289768 0.007151545310507017 0.008275060582992265
1 0.3090039856579839 0.16727303328382748 0.00945577816087369 0.011570549342882576
1 0.8519264532595264 0.59291076555424 0.015137964365433756 0.015934743503316758
1 0.07945899087555555 0.5524121378132941 0.014785114599733942 0.02085861732508751
1 0.02689615013648053 0.548537716639056 0.015032866779638799 0.01956236001349244
1 0.2790562376684072 0.16679420097646422 0.00874313043088328 0.010693447908653004
1 0.9202706473214285 0.6007072069599763 0.013831313775510291 0.01654287474234197
1 0.2418685056725327 0.5597166749317626 0.015062838184590241 0.01870586115628598
1 0.7852706909179688 0.5880586455352049 0.016631457270408122 0.018770510622116893
1 0.18683711849913306 0.5582286715671152 0.015481715299645232 0.020674472912522834
1 0.0075000798215671466 0.16368733236138835 0.008760840308909515 0.011063157601163198
1 0.590359201236647 0.5750339805147092 0.015593859614158214 0.01925374761836099
1 0.5018309768365354 0.167483073004409 0.00997488839285713 0.011209364854657781
1 0.5996327692148637 0.17117320767934427 0.009797777448381737 0.011049943534520833
1 0.7169038422253667 0.5826810887587129 0.015493276167889035 0.018428649930272278
1 0.4085080672283562 0.5659000055999631 0.016079338229432402 0.017777182236129722
1 0.13079152788434711 0.5551819766856204 0.015235083443777905 0.019762133967246957
1 0.7755807370555644 0.1742521207287009 0.033252326809630146 0.01375499085427815
1 0.5332033585528938 0.16884088939528155 0.009417319784359094 0.01030199894521509
1 0.3514259494080835 0.5630724795119721 0.014787323620854604 0.017803326195938253
0 0.15407597288793448 0.042321458503902586 0.006726089788942927 0.013140323625300826
1 0.5656739838269292 0.16977887499678262 0.009174035519969686 0.010630645570417239
0 0.6841977177834024 0.022991623437294443 0.012935404874840569 0.020735001862949142
1 0.9736516524334343 0.1718247108951714 0.010355423907844311 0.011416953579007263
1 0.6316955722108181 0.17198363491172508 0.009419499611367984 0.010575302785931209
1 0.09708032802659639 0.1639997100550792 0.008834975106375561 0.010966680706000072
1 0.03588459443072884 0.16303266771563873 0.00910549747700594 0.010978900165475826
1 0.25359188780492664 0.02861257479613465 0.007131926867426693 0.007636451738646777
1 0.1264559687400351 0.1644084225571951 0.008111136300223218 0.01001235512961863
1 0.6540977322325415 0.578882541902615 0.016428889060507018 0.019068040251677347
1 0.06519329304597815 0.16315891178243166 0.008594454551229662 0.01035755485980827
1 0.5880391646404656 0.02781706667125329 0.007088953134964914 0.008516679081114297
1 0.0119398333588425 0.030851435528218694 0.0062677008765084415 0.007724900733107804
1 0.61414656347158 0.02836910917041744 0.007948739188058102 0.008535008270327908
0 0.6792613438197544 0.17051253986891032 0.009649004255022268 0.01638913689172856
1 0.5347143289994221 0.027538612186281418 0.007135897266621445 0.008457144737854593
1 0.4826647700095663 0.02714506744345666 0.007254152881855913 0.00882280495832919
1 0.3276190465810348 0.027204068961448526 0.005983391586615129 0.0083859592820715
1 0.34156970588528385 0.16620603292414066 0.008717906718351423 0.010473639724827791
1 0.5614074006372569 0.028319627463877603 0.008239512540856194 0.008915161338087691
1 0.3028645028873366 0.027540281705453976 0.007051973926777742 0.008546730426220334
1 0.9385425801179846 0.17233082385624798 0.008413042340959768 0.010907288449478462
1 0.4684935589225924 0.16657798048277575 0.009342972113161676 0.011435993201911326
1 0.21667735430659077 0.16643624896153097 0.008408020953742795 0.009733580949486063
1 0.7308533337651467 0.17354676663913765 0.00949392513352994 0.010725914728306581
1 0.05844728800715233 0.02979832414718018 0.006467848407978914 0.007715238834917685
1 0.955385480608259 0.023161346045942943 0.007906076859454715 0.008613155976277407
1 0.2778294232426858 0.02760159213293981 0.0065262463628029095 0.007816120418961578
0 0.773162841796875 0.040381477225390844 0.007305067412707242 0.014637491584555101
0 0.8059683040696748 0.019652656135548608 0.011968495894451535 0.019600865519514805
1 0.5080368275545082 0.026989589030301683 0.0070399070272640345 0.008680363003393974
1 0.929484931790099 0.023390887171327333 0.0072230124960140345 0.008491884945317593
1 0.45636714234644055 0.026746691751536832 0.007234067332987837 0.009276843129895771
1 0.9037657757194676 0.17291646986897044 0.01023755754743301 0.011766131737863433
1 0.4496785377969547 0.16692222112748328 0.008420360331632673 0.010369205972331645
1 0.4045610233229034 0.16619942589081949 0.009454532545440026 0.011071540718710518
1 0.9835127227160396 0.023098543707707166 0.00825811892139652 0.00937374628527315
0 0.658622897401148 0.08556175642134864 0.007206196687659431 0.013248025372773038
0 0.23604032944659797 0.16322690028660775 0.0070988791329520485 0.014292220810996414
1 0.37243411005759725 0.16568357998818375 0.00885266673808196 0.010646417198345224
1 0.08133074702048788 0.02996584441138828 0.0064153476637236855 0.007319598312706095
1 0.3536099025181362 0.026577573011525215 0.007499383420360311 0.009287712765359656
1 0.6996126758808993 0.17299966165412212 0.008626821089764035 0.009608615663335894
1 0.8758650799186862 0.02475488433530676 0.008070965202487275 0.009331191307215193
1 0.4306206995127153 0.026363590383961685 0.007776688556281905 0.00957835118812274
0 0.9656471719547193 0.3864405480070019 0.00943117725605857 0.012413549959970533
1 0.40466040007922116 0.026369984287175734 0.007382373420559646 0.009459424588341417
0 0.2813046903026347 0.1097372110387244 0.0067728782186702845 0.014108928918860316
1 0.15547676475680608 0.1650069984630837 0.008595836405851398 0.010109187241626962
1 0.6652685671436543 0.17332791754079452 0.008295487384406905 0.010452184627376206
1 0.9024644968461019 0.024347201962042046 0.007982837910554827 0.008908270131290323
1 0.10617218212205538 0.030526909418421146 0.011568984206841914 0.007173035842366257
1 0.37963368941326536 0.026351939271438304 0.007614758549904332 0.009110672689699523
1 0.19722072445616431 0.029612723345550124 0.008701246611926014 0.006707630731752486
1 0.18827372181172275 0.1666503381541481 0.009648770702128509 0.009811018221745104
1 0.03517448658845862 0.029967940190775113 0.005760309647540659 0.008628146127145901
0 0.03612031255449568 0.04497368507877495 0.00812829270654795 0.014039235373827178
1 0.1786358307818977 0.0300099268218807 0.008534022739955347 0.006689585716015051
0 0.11967778692440112 0.4381571368502602 0.016683461714764033 0.015555371912616498
0 0.8740099692831234 0.17735618313069945 0.0053777889329560255 0.010678386714415473
1 0.7438936262465674 0.026107154371464575 0.006022064845594274 0.006960930859638321
1 0.640615214144626 0.029587619801283736 0.006222800340447419 0.005861836513379642
1 0.24728665673547565 0.16558972729305696 0.007093707881109472 0.008827371914833505
