1 0.3746673428282446 0.16775140380929196 0.00912786989795916 0.011106636143018723
1 0.24799806244519293 0.16742154944681603 0.009120162652463324 0.011226912566811905
1 0.07919039045061384 0.5413550899418688 0.014839055586834347 0.018671191992191992
1 0.40530991067691724 0.16744904323063647 0.009618253124003509 0.011344986646164693
1 0.5030378614153181 0.16819538934413866 0.009853985844826161 0.011314295910737255
1 0.5344219207763672 0.16855312822896476 0.009037095673230258 0.010606419781572904
1 0.5998378675811145 0.16890109865054717 0.009442154242067926 0.010693447908653004
1 0.47029561412577725 0.16869809222350107 0.009694469218351423 0.01218777413314548
1 0.4088045237015705 0.5712055954436124 0.01674325125558037 0.019916013904598427
1 0.1864112153345225 0.5510365250584758 0.015363654311822393 0.019474124149138534
1 0.21757279610147284 0.1669249562971915 0.009252431441326535 0.011321045030796515
1 0.309969357081822 0.16753525435897257 0.008893266016123223 0.010525643470968736
1 0.13101325716291157 0.54583927635262 0.015540259225027905 0.019889869944789897
1 0.188974886524434 0.16709556694795308 0.008903970523756386 0.011308754527951756
1 0.7762231632154815 0.17392993905008183 0.030735872229751215 0.012497096961967429
1 0.9199386129573901 0.6071748531910948 0.014017221878985965 0.01773697168925023
1 0.4677605531653579 0.5747795031667902 0.016131887630540513 0.020272935790680492
1 0.02636891725111981 0.5392734481854813 0.014317055137789978 0.0172783156986957
1 0.2960140267196967 0.5612659176805268 0.01658369570362322 0.020166654910589176
1 0.24129307026765784 0.5550355563020187 0.01600724823620855 0.019779326462555855
1 0.7179281273666692 0.5919300118445739 0.01695173613879145 0.020066767933711878
1 0.528560327023876 0.5793523517021095 0.017809653768734002 0.02075276270521045
1 0.3433494178616271 0.16735459107149114 0.009416541274712996 0.010869493377146535
1 0.4300572142309072 0.027483056271688233 0.006969218351403069 0.008867775410934677
1 0.2798563120316486 0.1676458333628911 0.009289566351442926 0.010731385067723052
1 0.9558198889907527 0.022667488066026642 0.00831899837571744 0.00859646078455183
1 0.05713441420574577 0.029711473628522674 0.006350925990513391 0.00830070723921751
1 0.7321087584203604 0.17188928931763334 0.008618724589445079 0.009414667265843075
1 0.0376706853204844 0.16454766756052328 0.009067408892573143 0.011073956193258018
1 0.591112097915338 0.5822986623031436 0.01710806087571744 0.01965770021475081
1 0.7851630230339206 0.5961751373184887 0.01659829275948662 0.018898814946612146
1 0.22800675216986208 0.028703368221774158 0.0074290061483577845 0.008050492493441025
1 0.40404027822066324 0.027829037478937373 0.007315188038105867 0.009140795078174604
1 0.45103913910534915 0.1682029909846265 0.008676957110969311 0.01004567446970072
1 0.8519898239447147 0.6003953265698687 0.015627646932796408 0.017362146874168816
1 0.9907235904615752 0.6127793935316855 0.01599712761080988 0.017609661971921632
1 0.06728385419261698 0.1646441444556864 0.009101478420958225 0.011051364401901723
1 0.5674833959462692 0.16920633648564898 0.009481313277264035 0.010761649542936234
1 0.011696497092441636 0.030651626052779643 0.006296327527688476 0.008163735623698752
1 0.655126766282685 0.5867595464888481 0.017074896364795845 0.01883700721554306
1 0.35218122054119505 0.5675774816298534 0.016133522500797203 0.020090780592449127
1 0.875328219666773 0.023935931898640555 0.006988836794483533 0.008114431525581523
1 0.9381511454679529 0.17556702692467024 0.009592951560506924 0.010616507939977291
1 0.2522638281997369 0.028106071096528337 0.007027995829679501 0.008049497886274397
1 0.6325228554861887 0.16938245299751153 0.008413665148676646 0.00954254533012405
1 0.9279522019989637 0.02270713026595375 0.0074413066007653446 0.008804475769115586
1 0.35266206702407527 0.027316175397801533 0.006704914326570453 0.008341770306525517
1 0.37868464722925305 0.027350134128205045 0.0075496751434948545 0.008735918917987157
0 0.5730803353445871 0.06640210574528779 0.008014523253148952 0.014397507083921103
1 0.08092011237631039 0.03016757205779155 0.006395748683384485 0.007595743888183996
1 0.9021419602997449 0.02328545881166456 0.007552789182078967 0.008915942815147185
0 0.6828926242127711 0.021989556716914757 0.010030006875797156 0.020256737902538225
1 0.1569158982257454 0.16602401981264736 0.007944107055664062 0.010478470673922857
1 0.9743267759984854 0.1748768761160826 0.011523499780771707 0.011822895389730394
1 0.09847391868124203 0.16496096235994256 0.009021175150968598 0.010371124143295883
1 0.32694742630939094 0.026970940145927366 0.006341350321867047 0.00873179840258255
1 0.2765216827392578 0.02704670789901386 0.007033056142378836 0.008785649276318657
1 0.1038243040746572 0.029350431227035987 0.006258984001315366 0.0074069816566314384
0 0.020240992915873626 0.08864628189685983 0.006639568173155493 0.013433874826194759
1 0.9832933386977839 0.021290205792035805 0.0073139424226721554 0.008502186233829123
1 0.17826605816276708 0.030540478701908746 0.010441916329520093 0.0065108405994978415
1 0.03506205033282845 0.03036880240061151 0.006504058837890625 0.007653075887003307
1 0.8483560523208308 0.024261168442128552 0.007753956074617328 0.008719436856368721
1 0.45558625824597415 0.026815816949617616 0.006777237872688062 0.008767959477426451
1 0.19353492892518337 0.03006917699166423 0.008632037104392544 0.006895185226031278
0 0.6936955354651626 0.1664318797943347 0.01961190359933037 0.017287977596885853
1 0.30188928331647596 0.027219414329162247 0.008001366440130754 0.008778829112890338
0 0.8982716774453924 0.16112330612918535 0.010133392956792104 0.018964459019609713
1 0.4823191895776865 0.026525640308753325 0.00816672188895088 0.00956527920821846
1 0.007752449536810116 0.16358623764723734 0.01011443989617484 0.012085755855196898
1 0.8224578390316087 0.02487526732415351 0.007597319933832896 0.009012845970524564
0 0.249790113799426 0.06243753053573172 0.00922051254583865 0.01319928962160817
1 0.507831028529576 0.02505582404658137 0.007530056700414577 0.009492530798316384
1 0.5605469528509647 0.024946417258252078 0.00712593234315204 0.00904566800702335
1 0.12764237851512675 0.16502010596467254 0.007976531982421875 0.009921774834086275
1 0.5348334020497848 0.025115535998263692 0.007228150659677956 0.00930469213056141
1 0.6653760014748088 0.17036569322509432 0.006652520627391561 0.00880824106767495
0 0.6885418016083387 0.16841906939157686 0.01442609514508926 0.01688537482450787
0 0.7030010612643496 0.16734563960699148 0.011675776267538266 0.013731617585862329
1 0.5874095060387436 0.025038951246433183 0.007648312315648859 0.009328278529084348
1 0.6129782379782379 0.025989394262936796 0.006825006825006856 0.009342301943198805
1 0.639059514059514 0.025989394262936796 0.008287508287508358 0.008452558900989395
1 0.7422877422877422 0.0264342657840415 0.00804375804375803 0.007562815858779985
1 0.7693440193440192 0.025989394262936796 0.007556257556257561 0.008452558900989395
1 0.7939627939627939 0.025544522741832092 0.0085312585312585 0.010232044985408214
