1 0.7763609594228316 0.17058976401106224 0.03256163305165821 0.014786185355966278
0 0.21054127751564494 0.06854321080156595 0.0069789886474609375 0.012835405485359696
1 0.13100066476938677 0.5476763157893856 0.01572610894028022 0.020068615061307044
1 0.026817068761708786 0.5433037385114039 0.014303285248425545 0.01940833798940291
1 0.8521588383888713 0.6022583678797048 0.015700048329878927 0.017761126434725535
0 0.16547047362035636 0.16272980983339988 0.007313942422672202 0.015030787675588223
1 0.295927787313656 0.559148896326355 0.016066025714484983 0.01971666621105808
1 0.25283219862957396 0.029720567179760425 0.006736327190788454 0.008309374530240997
1 0.6002510615757534 0.16780138281941512 0.009560254155373036 0.010257241622716733
1 0.9207583836146763 0.6079027635503297 0.014525588677853855 0.017616766308826182
1 0.40524455479213173 0.16762253113784434 0.00879357785594709 0.010495023778910347
1 0.5281803364656409 0.5770293045777072 0.016475599639269742 0.019355623809571513
1 0.7854818227339764 0.5976259139577567 0.01605691715162631 0.018417567164701363
1 0.24140719978176814 0.5540345552321747 0.015405693832708879 0.019377220993761112
1 0.18683495813486528 0.5506571534677756 0.01667384712063536 0.02069436505585541
1 0.5910636746153539 0.5824447985132692 0.015626323466398296 0.019983078844976902
1 0.5667546719920878 0.16764970522650405 0.008931374063297248 0.010778415778030832
1 0.07908596797865265 0.5447979936925273 0.014672269626539577 0.019533516405660145
0 0.6836304178043288 0.02139812066961515 0.013602431939572791 0.01948911430000702
0 0.3332117041762994 0.4493753110826796 0.017617984693877573 0.031007020506427306
1 0.5338848269715601 0.1679909620497117 0.009909649284518525 0.010566564451538661
1 0.5015098805330237 0.16818459075204387 0.009467144401705933 0.011403881599102998
1 0.4679074190100845 0.5719779789518696 0.01502881731305801 0.017896535096125342
1 0.7170417941346462 0.5918415628501129 0.015604447345344405 0.018382613827131255
1 0.35252831906688453 0.5642155673199062 0.016375171894929874 0.018365137158346076
1 0.30217470441545763 0.029104123866556985 0.006601294692681746 0.008368340526548345
1 0.0572209358215332 0.02945735149744871 0.006133663411043133 0.00849806571842451
1 0.40863862329599815 0.5688787830206508 0.016878867635921547 0.019894700893884856
0 0.2936378985035177 0.10362087426753344 0.009125845772879445 0.019585235978324903
1 0.4696978354940609 0.16857657254074962 0.009647758639588697 0.011936422693464295
1 0.22786654258260924 0.030479949751482407 0.007060226129025823 0.008282235963265806
1 0.6550433295113699 0.586918825722247 0.016709269309530456 0.018505518855579068
1 0.2771333188426738 0.029042103005380702 0.00722176688058037 0.008406135598880283
1 0.03509400328811334 0.03069354164051619 0.006366982751963089 0.007862227565471783
0 0.8032572999292491 0.020585029310895158 0.009701942910953406 0.017409461757952816
1 0.990660453329281 0.6152183834343693 0.01759758774115101 0.020910621071228368
1 0.3272849491664342 0.028119924553492114 0.006373191366390298 0.008081822619189868
1 0.1878507185955437 0.16669907390531297 0.008195526745854604 0.009680937813023711
1 0.27877328833755183 0.16642967744989431 0.008878902513153724 0.010702683546628879
1 0.4044977304886798 0.027361110328722495 0.006765560227997427 0.008675461010929869
1 0.7314383059131856 0.17130964646959518 0.009146242725605913 0.009709923507594084
0 0.8495537115603077 0.07575958309904965 0.009232657296316804 0.016066599996264266
1 0.2473060452208227 0.166168664112023 0.00885317276935189 0.01033396846128534
1 0.5089581547951212 0.027578609603053757 0.007171163753587387 0.008618981532539097
1 0.6322606534374005 0.16818430657856767 0.008750214868662332 0.009922485267776709
1 0.6148142911949936 0.027506820278633784 0.007935348822145959 0.008537778961720663
1 0.4493878033696389 0.1690962903069983 0.007689339773995509 0.010591074413859173
1 0.08101793211333606 0.028919411107039987 0.005807662496761403 0.007478167112414525
1 0.21738118541483978 0.1660933581408353 0.009709805858378509 0.010777634300971348
1 0.09774345281172772 0.16478374467585982 0.009102490483498081 0.010588019548990246
1 0.3421300771285077 0.16615441991652946 0.008478592853156905 0.010349242785630021
1 0.3732667261240434 0.16656000651040737 0.009029154874840569 0.011706029047651367
1 0.5615735345957231 0.027842038415472604 0.009053055120974176 0.009116711376068344
0 0.12076518000388632 0.21337804849295947 0.009907235904615737 0.01311489009918271
1 0.12684545711595185 0.1645530313348862 0.008338889297173956 0.010237065305907959
1 0.588216664839764 0.026842316126271398 0.007118536501514689 0.00871801598898782
1 0.5359674570511799 0.027479219929759803 0.006967817034040139 0.008370898087833964
1 0.4831688160798987 0.027083224190702984 0.007473848303969966 0.008860386900553994
1 0.9753036499023438 0.17399267034494856 0.01236709283322717 0.011807692108754764
1 0.37902489487005747 0.02680338436003474 0.0070270616181042755 0.009012419710310292
1 0.6994012326610333 0.17035773636776128 0.007513396593989146 0.009312506901156372
1 0.4564834127620775 0.02697118879771903 0.0065298275071747755 0.008359389062048675
0 0.8697976092902981 0.04118313060169459 0.008920007822465006 0.0163332968036592
1 0.3534933596241231 0.027076617157381796 0.006927490234375 0.008395123876678307
1 0.956010001046317 0.024762450454110053 0.008159403898278069 0.00934078216203627
1 0.008030480268050214 0.16583532862446385 0.009434325354439872 0.010983375897725663
1 0.6403230161082988 0.02780538003704539 0.00604395963707747 0.008855413864720845
1 0.3098002258612185 0.16616436598819578 0.009392602103097118 0.010868214596503703
1 0.9837824763083943 0.024240636908474545 0.007921024244658683 0.009317622023727599
1 0.9042728190519372 0.17326110125220773 0.010726461605149888 0.012114386332922021
1 0.10403755732945034 0.02981498381722123 0.006517254576391104 0.008053334228202829
1 0.0369859909524723 0.16500060455986967 0.008647928432542454 0.010264985349942649
1 0.4310456100775271 0.02704834189650189 0.006980273188376872 0.008391926925071283
0 0.6782808887715243 0.16613498955509567 0.009069325972576535 0.01798548139416964
1 0.9389117493921397 0.1736108122363317 0.010105366609534431 0.010727903942639847
1 0.06608483256125937 0.16518918918299963 0.009242787653086136 0.010881002402931812
1 0.15615013667515346 0.16579966485320327 0.00847925458635603 0.009921703790717225
1 0.17797686129200216 0.03015791015960143 0.0111660081513074 0.006337921039242314
1 0.9289995310257894 0.02480330039131093 0.007670811244419723 0.00952386092406523
0 0.010413487346804872 0.03917693690323291 0.009909058103756028 0.02045295968784051
0 0.38233546821438535 0.16030858077297733 0.011369199168925384 0.017456492468260598
1 0.19460273275569995 0.029680463197934527 0.011408202502192271 0.006544799329901346
0 0.29913820539202013 0.1672088100782108 0.008956325297452938 0.013146291268300603
1 0.9022791336993782 0.025059624866825274 0.008009930046237275 0.009601795499907589
1 0.6656139140226404 0.16944323059972954 0.00792694091796875 0.011875467482823695
0 0.3787117004394531 0.16216416252906363 0.012266042281170285 0.017877779646697435
1 0.7440823834266457 0.025239530495723982 0.006444596608531001 0.010291847386605898
0 0.7661014218391267 0.051704280918424855 0.010203944630174162 0.012252199269768919
