1 0.6551624998754385 0.5910562494486896 0.018132735271843094 0.02193563479980965
1 0.2965879634935029 0.5614038839032123 0.015509858423349785 0.01862387710840795
1 0.026329819036989797 0.5436946191278895 0.014486312866210938 0.017973261934693906
1 0.2478319284867267 0.1674151200219175 0.00959871253188777 0.012512442329681137
1 0.24169408058633607 0.5584388178527503 0.015216983094507345 0.02013440122104275
1 0.30955585168332467 0.16820135698713845 0.009364965010662472 0.012265921839094997
1 0.2790562765938895 0.1680648471535185 0.0091094970703125 0.011238066375751954
1 0.9209845406668528 0.6068303638945954 0.012843852140465569 0.01685219757116388
1 0.5917615306620695 0.585177552746954 0.015980156100526197 0.0209029483873715
1 0.7766962635273836 0.17103634262887907 0.03169546321946744 0.012145574371932765
1 0.528293142513353 0.5788110722733557 0.016051778987962388 0.019031381873250132
1 0.40479753455337214 0.16886966195974476 0.009677653409996819 0.011930455050464518
1 0.07924047294928104 0.547913884815472 0.01593565454288404 0.021567630148156505
1 0.18665276741494938 0.556297428622996 0.015396040313097914 0.020790415690804236
1 0.5999342860007774 0.1686728718274901 0.00948076832051179 0.01090750157958559
1 0.13069274474163445 0.5515291397794339 0.015538624354771215 0.019972848599834416
1 0.8524900163922993 0.6012336383245998 0.015142012615593002 0.01708621442879813
1 0.008286626363287168 0.16338017635532232 0.00877942236102357 0.010316562835869316
1 0.5337455126704002 0.16841803926272572 0.009535341846699569 0.010861962780027748
1 0.25256197793143137 0.029142842502686506 0.007734454407983907 0.008647825140371363
1 0.3522661170180963 0.5651212281884918 0.015925971829161348 0.016677715056789295
1 0.7858910074039382 0.5979238698475313 0.0165473782286352 0.019643775714417992
1 0.4680951955367108 0.572685855081034 0.0162574612364477 0.018725895386356616
1 0.05736650739397322 0.02950605172692906 0.006501246471794291 0.008637665938597926
1 0.3740437566017618 0.1689437957153432 0.00984861412826848 0.012145929588777993
1 0.718339881118463 0.5949183090767136 0.018324871452487276 0.02223657451108424
1 0.21721851582429846 0.16646729491380363 0.008901946398676646 0.0108535086191114
1 0.27668275638502476 0.02896395529943121 0.006827218191964306 0.008243304197029148
1 0.2277278705519073 0.02948587541012028 0.006922468847157981 0.00787032650954291
1 0.5022112398731465 0.1688241231601869 0.00939326383629622 0.010235644438527048
1 0.5667809466926419 0.16859678437924291 0.00837380545479912 0.010212768473694575
1 0.408709428748306 0.5686838400159913 0.016158434809470667 0.0177690832920586
1 0.3421035299495775 0.16814676015802738 0.008441068688217488 0.010912403572049706
1 0.9835616909727759 0.02310028427024877 0.0078115657884247755 0.009956799215025442
1 0.03649816464404671 0.16345676110715285 0.008271903407816986 0.010673768895427557
1 0.7312173648756377 0.17191820396883464 0.009158387476084114 0.010124532609340691
1 0.957452423718511 0.024410288473754 0.008458974410076535 0.009146407504329157
0 0.6843682113958865 0.021284735452619337 0.011821513273278069 0.02060811840583478
1 0.8756874240174587 0.023272457875129323 0.006877665617028069 0.008152794944865824
1 0.3024330139160156 0.028346801552537312 0.007157306281887771 0.00860342303471824
1 0.6321251149080237 0.1708786618712837 0.008662087576729977 0.010498220730517375
1 0.8225033818459025 0.02267295840544311 0.007124608876753836 0.008376084253774247
1 0.06651169426587164 0.16394958895821798 0.009562356131417407 0.011234869424144948
1 0.9039526958854832 0.1702488268830153 0.00755777164381381 0.011635625068927785
1 0.9907064632493623 0.6118851706455161 0.016085254902742513 0.016015732944028055
1 0.15629835518039006 0.16460649147009254 0.008206503731863843 0.01013277364014989
1 0.4693482846629862 0.1696098628218246 0.009778081154336734 0.01142007948724524
1 0.19747539442412707 0.03005276597341484 0.012517500896843118 0.007656912228931735
1 0.01170756987162999 0.029377427707273092 0.006216842301037848 0.008572377082445579
1 0.03483030747394173 0.029620751246252207 0.006709210726679588 0.007854128621400652
1 0.12719295462783503 0.164591430275855 0.008023612353266514 0.00961351765580003
1 0.45571245465959825 0.026721684485632995 0.00725228445870537 0.009315348635918161
1 0.6142967379823023 0.02715639886081933 0.007206352389588697 0.00850559631554328
1 0.18770572117396764 0.16579135277902501 0.008862475959622123 0.010853863835956627
0 0.6792842320033482 0.16857458332641637 0.0077905460279814745 0.015561055382140076
1 0.9381569842902981 0.1693147841884962 0.008932775380659994 0.010628372182607794
1 0.09762105163262814 0.16493812191679458 0.008446810196857071 0.010377447003140887
1 0.7955088712731186 0.02361151235389657 0.007180972975127619 0.0085571027581009
1 0.481958700686085 0.026596541591060233 0.007755123839086359 0.009351367624023974
1 0.6999939899055325 0.17194061815176834 0.008957220583545939 0.008952317020098232
1 0.3270516687509965 0.02696486593787402 0.007316355802574944 0.008852714216697137
1 0.9021916292151626 0.024321839479292978 0.007408920599489895 0.008776413638342811
1 0.5074670752700494 0.026461239494714035 0.007366413972815681 0.00934092424877436
1 0.9736110142299107 0.1695530281265886 0.009421523736447605 0.010737992101044234
1 0.45081399411571266 0.16929812451845513 0.009134253677056793 0.0119634191737014
0 0.9400063339544803 0.04219844691040117 0.007400824099170846 0.012719604793816352
1 0.7693978134466678 0.02476912853080028 0.007921179946587949 0.009518106411172582
1 0.08096859406451791 0.030770090870662178 0.006304390576420998 0.00729118096508809
1 0.5607572672318439 0.02667316186457526 0.0077972412109375 0.00930668134489467
1 0.8486228475765307 0.023907159334177325 0.0070733829420439745 0.008272289891599506
1 0.5871580474230709 0.026391545949680892 0.006963457380022268 0.009326147228012997
1 0.9293139710718272 0.023928792040051532 0.006366807587292665 0.008400025869142414
1 0.3533392536396883 0.026336807033831722 0.00705555507114956 0.009184202576661093
1 0.534112852446887 0.026464471968005582 0.007508024877431511 0.009202389679136617
1 0.6393593379429409 0.026883840975478197 0.00714430517079884 0.009677243557833377
1 0.6659534999302456 0.17193404664013168 0.007915263273277975 0.011444234232720568
1 0.4039445993851642 0.026093590059906174 0.0069883696886957804 0.00954581332510013
1 0.378547123500279 0.026063822888276317 0.00729089853714928 0.009439958705223085
1 0.17839097003547513 0.030631201084179206 0.012493600650709487 0.0072056447487579165
1 0.7437079293387278 0.026399041025115137 0.008071276606345714 0.009468305009472038
1 0.10404721084906131 0.03059972887169227 0.006957891036053097 0.008401517779892356
