1 0.3746216443120217 0.17155126496771722 0.00942136803451848 0.011694022718282763
1 0.29660692020338414 0.5551571825498237 0.015503318942323025 0.019409332596569483
1 0.4060932081572864 0.17084559118299325 0.008997703085140297 0.010987425369761224
1 0.13150660845698142 0.5452621200224984 0.015246916790397783 0.019000975311298872
1 0.27889516402264036 0.16785779125443687 0.008707318987165185 0.01018435112607658
1 0.46904536655970974 0.5712725182972528 0.015674279660594686 0.019663952031226766
1 0.7765703785176181 0.17138836252249706 0.03171321323939736 0.013136274153265244
1 0.30954991554727357 0.16979276397543092 0.009636003143933336 0.012216546697608723
1 0.5916342443349409 0.5822384175261934 0.01566999785754145 0.019249200842742058
1 0.5999959050392618 0.16849668427225853 0.00890350341796875 0.010276565419096974
1 0.9904431712870694 0.6195631117116851 0.016243136658960516 0.01901035303601276
1 0.7316172074298469 0.17202114581058084 0.00893075125558037 0.010558039247253263
1 0.40866851806640625 0.565748328007052 0.016114838269292102 0.01907059781296297
1 0.5667060540646923 0.16836575134310858 0.00887002750318881 0.009805192665483405
1 0.24188586643763954 0.5512407747444802 0.015587164431202142 0.020700901045807563
1 0.3423152456478197 0.1701250338124544 0.010062937833824897 0.011163683968361841
1 0.18707645182706872 0.5484340643636194 0.014885182283362556 0.02052244010276653
1 0.7181742142657844 0.5943597661092819 0.018385283801020398 0.021486214447230954
1 0.007973970199117856 0.16419859596672068 0.008915059420527244 0.010907146362740362
0 0.684781600017937 0.02271292030053092 0.010272901885363492 0.018500545819745882
1 0.026909736346225347 0.5427186253239494 0.014704245693829594 0.020836167620469224
1 0.0797872154080138 0.5444378748548384 0.015228193633410401 0.021453392410732214
1 0.6546817896317463 0.5890901952537383 0.017976371609434834 0.020120050460495673
1 0.5297000651456872 0.5779753891232793 0.016979996038942926 0.020908205596680888
1 0.9213277077188298 0.6127980779377443 0.014554082130899326 0.01753066174554356
1 0.7855537570252712 0.5995800328667084 0.01704437878667094 0.019230587480052252
1 0.4697603498186384 0.16867201930706158 0.009616618253746819 0.011361113490937907
1 0.5016075834936026 0.168658450023574 0.008505140032087013 0.010533174068087502
1 0.9305746117416692 0.023105434914504532 0.008112537617586077 0.009333890955238908
1 0.2785334879038286 0.02867409835372762 0.007473030868841692 0.008604133468408688
1 0.2162946389645946 0.16428047344954505 0.008735773514728153 0.010426466927781911
1 0.03685055460248674 0.03129147815608341 0.007005993200808155 0.008479736529210897
1 0.4502373520208865 0.16972378086408824 0.008624641262755053 0.0112234314417287
1 0.3527099453673071 0.5616805267822735 0.016025932467713652 0.01975545589055666
1 0.852171683798031 0.6059487867281161 0.01701136997767852 0.019933064313169265
1 0.6996108074577487 0.1710791817804132 0.008800584442761508 0.008803978465532282
1 0.32853679267727603 0.02809729724045128 0.007111140659877245 0.007991526497133675
0 0.7768854413713728 0.06880408205269915 0.007453295649314465 0.013477211281312206
1 0.08272836889539446 0.03154680802443113 0.006365362478762251 0.007917996610172106
1 0.30342946733747206 0.02826240203011185 0.006953570307517543 0.007935473278957175
1 0.9385514551279497 0.17215555986481398 0.00995464714205988 0.011441818758173024
1 0.37934400597397167 0.02756063563068537 0.00753021240234375 0.008840352670483309
1 0.05888247489929199 0.03147210592188032 0.00634338417831733 0.007569031581423079
1 0.8244097962671397 0.0241620984639953 0.006847303740832335 0.008742028647725029
1 0.8502250204280932 0.022157112502807382 0.007377780213648016 0.008882126171481765
1 0.2297514701376156 0.029032334542137012 0.007249326122050383 0.008399812739035279
1 0.6323218053700973 0.16897370497371114 0.00884900774274551 0.010570258706728994
0 0.9920718134665975 0.04219411326488943 0.007991868622448915 0.01258476447936894
1 0.9041799428511639 0.021834078303759778 0.007667074398118637 0.008920844807611288
1 0.3543075250119579 0.02761761241265946 0.007594828702965522 0.008284935611289517
1 0.9728703401526626 0.172036384613241 0.011528482242506362 0.012035030889698763
1 0.4055645611821389 0.027308786887420854 0.00731511018714128 0.008863512808791977
1 0.12628067756185726 0.16591127398597297 0.00916889735630581 0.011213059109848114
1 0.15618117974728954 0.16496788908842447 0.008796283176967066 0.010558252377360392
1 0.9579682642099809 0.023897497435987212 0.008630869339923465 0.00932969939646525
0 0.6844284680424905 0.1680986637971839 0.008102728396045845 0.01512804604781081
1 0.5888037000383649 0.02473524084376582 0.0077238277513154005 0.009124668233401387
1 0.012818927971684204 0.031681115513610705 0.006924326930727278 0.00820153069603069
1 0.8775598175671636 0.021970588137379742 0.008118454290896145 0.009090425329521697
1 0.5628707652189294 0.024793638493120808 0.008113082574338324 0.009068117711641567
1 0.2542913981846401 0.029344250453929077 0.007877661257374064 0.008267032682290176
1 0.9022123375717473 0.1714926541882551 0.007818416673310067 0.010930022327572857
1 0.19617331757837414 0.029096238052592992 0.01163938094158561 0.006765175860678931
1 0.4315021281339685 0.026441418394750477 0.007474004005899233 0.009195569515708293
1 0.09754093325867945 0.1661420228486311 0.007805376636738679 0.0103991152306996
1 0.5339282678098095 0.16706835733760883 0.008930673404615737 0.010411263646806281
1 0.4570878476512676 0.02635701887232502 0.00733184814453125 0.009254322381908509
1 0.18766983187928493 0.16529547006309095 0.009253832758689419 0.010989698757570646
1 0.03675879994217231 0.1651549107574354 0.008519819804600304 0.010411760950389608
1 0.9853008036710779 0.02326634814539145 0.007539243114237837 0.01019927023357602
1 0.06541841857287348 0.16579216977776903 0.008723103270238761 0.010178383483076783
1 0.10659566217539261 0.030635783381482606 0.007017719502351727 0.008206077471649571
1 0.2469212668282645 0.16571267224780767 0.008632426359215569 0.009948202967371004
1 0.665243032027264 0.1704272167826873 0.008026123046875 0.009302205612644835
0 0.32036598361268337 0.10124521952835325 0.007800199547592487 0.01517671075560664
0 0.5233250442816286 0.16122944492253857 0.00939793489417253 0.01849514652369846
1 0.4837205458660515 0.02599043508805284 0.007961039640465569 0.009912183979265186
1 0.1792758630246532 0.029725966475807847 0.010001435571787308 0.007181205829806433
1 0.509174969731545 0.02605103508184822 0.008016469527264035 0.009762921860901644
1 0.6152817083864796 0.02632565322489166 0.008320243991151197 0.009334956605774582
1 0.7707374728455837 0.02657263549737659 0.007104679029815026 0.00915059906310281
1 0.5358273642403739 0.025325113936946433 0.0076226993482939745 0.00984561634247002
1 0.7445339280731824 0.027911412265345045 0.007710515236367983 0.008356973587501145
1 0.6407155818920525 0.02629033676250769 0.007226477814713147 0.008060025205897006
1 0.7963104684416159 0.025974662451910113 0.008324270619352581 0.010781935357396652
