1 0.408694247810208 0.5725090991788501 0.017251462352519134 0.020287428637965624
1 0.29655546071578043 0.564409586760768 0.01629965645926338 0.02129823369273789
1 0.5287450673628826 0.580501051936198 0.018798983826929266 0.021246514120073143
1 0.7771019449039382 0.17000241295748272 0.03189367177535077 0.01290687511461895
1 0.9204137373943718 0.6085304317158423 0.013946844606983533 0.01697396590570698
1 0.21846481245391225 0.1700213104936487 0.009019695982641093 0.011214835194074253
1 0.3106468356385523 0.17042384222265763 0.009388281374561564 0.011175335080885238
1 0.18662343706403461 0.5574317070531684 0.015007719701650192 0.01981882657574489
1 0.46790648479850927 0.5766779951177796 0.01701463971819199 0.02048862345910105
1 0.13121270160285792 0.5539237275764646 0.014771948055345176 0.01918483555038726
1 0.3430035649513712 0.1691226829185985 0.009294003856425384 0.011059179172496665
1 0.2802213162791973 0.17077984054494214 0.009475085200095669 0.012010023623794924
1 0.5914250587930485 0.583919232594429 0.0165016018614477 0.02068697654547474
1 0.6006087478326292 0.16844872999815313 0.010196607940050992 0.011468388978195852
1 0.07941751090847717 0.5499921875335143 0.014683937539859691 0.01849940912584117
1 0.7849413813376913 0.5967539986894673 0.01636863241390307 0.018476817334484832
1 0.02709709442391688 0.5473206726839462 0.014709782843687099 0.01895351834077677
1 0.534274081794583 0.167606937118339 0.009251030123963604 0.010475486852422979
1 0.8517791592344947 0.6015340096889219 0.016241579639668415 0.017049271876894718
1 0.7320374469367825 0.16959931288152139 0.009503734355070173 0.010661620479320854
1 0.24163510848064815 0.5606924556055958 0.01544349047602442 0.01952186529313675
1 0.37437929425920763 0.16842798533439202 0.009364069724569516 0.010606917085156231
1 0.6662036350795201 0.16862800793993818 0.009507626903300337 0.011320050423629883
1 0.24899825271295042 0.16992494016353915 0.009476252964564745 0.011233732730240236
1 0.09888043695566605 0.16848066399253886 0.009467533656529015 0.01087546102014629
1 0.7175461905343192 0.5915000573751136 0.01790369773397642 0.019692937725797114
1 0.5677389417375838 0.1689372952470756 0.009075943304567926 0.01165580138573656
1 0.40489406974948183 0.16788635068879296 0.009446591747050384 0.011427752171102106
1 0.3022401770766901 0.03008430922927081 0.006585490946867047 0.00846254403390201
1 0.15771338404441365 0.1698211458013644 0.009324618748256151 0.010916666174192393
0 0.6859879785654497 0.02353943885600042 0.009858111945950225 0.020883340417515103
1 0.327572014867043 0.02893312247726568 0.006786755153111036 0.008133755321961764
1 0.277749626003966 0.03068995395037942 0.006843333341637444 0.008340349439144612
1 0.06814123659717794 0.1669296451595485 0.009683180828483743 0.011015274370426863
1 0.1894363481171277 0.17024321445686072 0.00915947738958865 0.01076463336443609
1 0.7001905635911592 0.16947768663371637 0.010036234952965569 0.011028133220224
1 0.2530124430753747 0.03165941176436746 0.0074640001569475575 0.008394413442987858
1 0.03885782494836924 0.1661214913149771 0.00946247334382972 0.01090487297493094
1 0.6329953719158562 0.16895413252553926 0.009670646823182447 0.011627384038118565
1 0.12830142585598694 0.16947658546149616 0.009925647657744736 0.010737636884199027
1 0.990044574348294 0.6151608383054429 0.017666563695790793 0.018754881080926964
1 0.3529631167042013 0.5685738648807096 0.016758821448501264 0.01839938006222581
1 0.4499972985715282 0.1670066916932778 0.007813122807716878 0.011518971856955888
1 0.655997607172752 0.5880999927759891 0.01922202596859057 0.020248496871728985
1 0.5882532547931282 0.027176859351104296 0.00732717708665494 0.009076571872557924
1 0.9732259633589766 0.17271012440357922 0.010126230668048465 0.011800161511635977
1 0.6143826465217435 0.028280553610902853 0.007049794099768806 0.008094255208772739
1 0.5024329204948581 0.16613214782033386 0.0096437882403939 0.010726269945151808
0 0.848693069146604 0.1660016411513982 0.012675071249202844 0.02234413417181832
0 0.9412079462734768 0.06570266225190073 0.006150658670199931 0.011643767063277044
1 0.011527746307606598 0.032556902645512906 0.006227724406183981 0.007902580199089342
1 0.4310785799610372 0.024450214847157287 0.007261470872528724 0.008662175900918452
1 0.057512453624180386 0.03254748939911444 0.006718800992381819 0.007826847967687374
1 0.9380990631726323 0.17161960868873852 0.01020159040178574 0.0115701230826683
1 0.228395228483239 0.03224118591347693 0.007272136454679547 0.008043885460119842
1 0.03509992482710858 0.032284167151749164 0.006938749430130941 0.007840346207805922
0 0.5982365510901626 0.47583882396520305 0.01700592041015625 0.026627907238493544
1 0.47065501310387436 0.16622152037859247 0.009313466597576535 0.011788368312374523
0 0.9709271800761319 0.021874146763901158 0.012974330357142778 0.02082274042371972
1 0.9044475944674746 0.02760475356286231 0.006910051618303518 0.008995866605322804
0 0.4807306406449298 0.05413494064723452 0.006806198431521052 0.010878089624800974
1 0.00991156393167924 0.16505417126012958 0.008889806513883632 0.010464617216959087
1 0.08142837699578732 0.033000497441829875 0.00667158438234913 0.007891639520256412
0 0.8615753796635842 0.024637662776382515 0.011965537557796594 0.014317157033531211
1 0.5617450791962293 0.02713206650692142 0.007458589514907466 0.008409545680594441
1 0.35337401409538427 0.026731630557299293 0.006910051618303565 0.008542894084291904
0 0.14336029364138234 0.05714227750227831 0.006728814572704084 0.01276869576182645
0 0.11633170380884289 0.5387957525720228 0.014005622085259893 0.024067788391588064
1 0.19690605085723256 0.03265274015035461 0.012542062876175852 0.007031588494597673
1 0.7452006437340561 0.027450873625510845 0.008406969965720622 0.009312222727680182
1 0.7709401967574139 0.026426001983667714 0.007469021544164484 0.009412678051509806
0 0.209521585581254 0.14274729933537536 0.012103839796416636 0.015145309586488735
1 0.10461458867909958 0.033564723878785244 0.006596720948511251 0.007961546195396687
1 0.5350938135263872 0.026288071282666855 0.007651504205197698 0.009546807932266763
1 0.6402181508589764 0.028744786505927388 0.006725077726403069 0.008825433562983856
1 0.5084638790208467 0.026140478683475868 0.007817716014628462 0.009555617310028344
0 0.09914399166496433 0.07469180126230333 0.008694823907346137 0.009901172257063214
1 0.45690143351652185 0.025198940913522518 0.008028069320990176 0.009543682024028784
1 0.4828509116659359 0.02503333882027863 0.007566179547991018 0.009189886046184696
1 0.3787386368732063 0.02633822790121262 0.008021140585140297 0.009183776316446823
1 0.8242288706253986 0.024915619957771067 0.0069941306600765345 0.009520095625505843
1 0.1762037396781272 0.03342588246260582 0.012768386933197606 0.0063253002020766955
0 0.14567574990535714 0.004378180898577006 0.003835200209822582 0.008354445242256332
1 0.4044499044499045 0.025310063426655354 0.005164870029734875 0.007630949334985209
1 0.7970111403846344 0.026113422299061717 0.008880731772298072 0.007203702703189438
0 0.9472435195326762 0.06055612584868622 0.005920487848198591 0.013957173987429534
1 0.8782860400507458 0.02793897828189571 0.005018387371328639 0.00842638998798323
1 0.9311798429445488 0.030503531756499305 0.005219122866181785 0.006228201295465866
