1 0.5614513475067762 0.5917065094055584 0.016255281409438715 0.022068627986661808
1 0.9828190706214126 0.6289050305676263 0.017794550681600674 0.021250208375263476
1 0.18407183277363678 0.5507537724496767 0.013437621447504796 0.01634608461008733
1 0.8587305497150032 0.6191828165571873 0.01604819784359057 0.020655149116142572
1 0.8726795741489957 0.20660008482585243 0.00979894521285086 0.01167924569752139
1 0.6758812106385523 0.20584617259354696 0.009837714993223803 0.012293628753022557
1 0.7401464034099968 0.609772411893487 0.01812713000239156 0.021760726025220813
1 0.3408780779157366 0.5703195425448833 0.01457510189134244 0.018727032080261326
1 0.797797222526706 0.6146425058848907 0.016441968022560628 0.019386882891951285
1 0.03673941261914312 0.5361348942278115 0.015216739810242947 0.020510220643290736
1 0.9209230384048152 0.624285151321999 0.017897936762595622 0.02208113161961372
1 0.6449220618423152 0.20435070967514973 0.010034055125956681 0.011495385458432959
0 0.38200393988161674 0.05180951356996914 0.008334412866709207 0.01848505836529408
0 0.04034080067459418 0.41649089850586923 0.01315882254619988 0.02511851981976362
1 0.39602042217643896 0.5750138041979006 0.01452473231724331 0.01949401629247111
1 0.083664777327557 0.5395341063065073 0.014965855345434074 0.018781167127473637
1 0.6195378206214126 0.5981803364097837 0.016897863271285087 0.022389744014745253
1 0.83842912012217 0.20582173367459547 0.010387654207190681 0.012115025723243427
1 0.2876582243004624 0.5632622363506913 0.014695459482621165 0.01729962870940927
1 0.907469924615354 0.20676916804417958 0.0114288330078125 0.012152678708837253
1 0.5200184024110133 0.19998580508102512 0.008600741016621538 0.011148125470541025
1 0.706457099136041 0.20657507755994864 0.010671187420280595 0.012183369444264713
1 0.45069313049316406 0.5796574829721578 0.017166682652064745 0.020099021623258304
1 0.6788021009795521 0.60352038228742 0.018652312609614148 0.02207828988485198
1 0.9443058870276626 0.20696567400295804 0.010900380660076535 0.011637756369999131
0 0.804103929169324 0.12445007963783625 0.007568826480787613 0.014523324890499796
1 0.5048366079525072 0.5852298406665711 0.018173451326331306 0.021056686237984915
1 0.551213011449697 0.20119418174511147 0.009507004095583551 0.010756250246888813
1 0.13191768101283483 0.5440896202597797 0.016065967326261556 0.0173254884957416
1 0.23623336091333508 0.5561652169132032 0.01504010570292571 0.017958058653718318
0 0.6048990755665059 0.5000977900628912 0.020673401501713977 0.02752646377017474
1 0.2063906533377511 0.1907061912597366 0.009406264947385199 0.01076463336443609
1 0.8056663201779736 0.20622085532189025 0.009677497708067646 0.011022236620593252
1 0.9789468414929449 0.20671332795611017 0.011246973154496256 0.011601240078309972
1 0.4614997785918567 0.19651256581178425 0.008499612613600112 0.009469512746745819
1 0.37535032934072066 0.19463112426936557 0.00847158626634244 0.009948060880632905
0 0.48599881541972256 0.4045633562335355 0.022065532450773296 0.022519327119883362
0 0.6391811760104433 0.058798831259985036 0.007060148278061284 0.013243336510416074
1 0.5823207777373645 0.20196031343689275 0.01081521170479912 0.011087312346638505
0 0.31893315607187706 0.09970745028368976 0.008599067220882484 0.013183660080418262
1 0.5592080719616949 0.06065150023794048 0.0074199754364636045 0.008653792783371146
1 0.3465610426299426 0.19670885864045554 0.006978404765226422 0.009440527052175426
1 0.8952239678830517 0.061670404236783834 0.008268395248724551 0.009801427366924033
1 0.4875046866280691 0.06044064351861493 0.007871199627311845 0.00847014567438983
1 0.7723503891302615 0.20698656075345725 0.008972479372608345 0.011368644088056672
1 0.49155651793187977 0.19846412715945033 0.008071432308274888 0.008989827918954002
1 0.7080719616948342 0.06110972996828071 0.007141736088966878 0.008521225856733183
1 0.535309227145448 0.06124890392823987 0.007655396753427956 0.008756734625117342
1 0.1762707379399514 0.19049483723682772 0.009614516277702493 0.01130669427024944
1 0.46359400846520255 0.0600078473143928 0.007399734185666448 0.008720857723749621
1 0.8414677211216518 0.06156462066027583 0.007749596420599457 0.009630923281216043
1 0.8138220650809153 0.06179671934694584 0.008341263751594405 0.009235282759004449
0 0.27651113393355387 0.3340795958065055 0.010712954462790981 0.019057525833058704
1 0.44077145323461414 0.0593916171312965 0.008246752680564372 0.009464113450698388
0 0.2936416548125598 0.11391488083373098 0.006689266282684927 0.01303162727066197
0 0.3780656152841997 0.1451867865416425 0.008474856006855866 0.014704059221350272
0 0.2982885010388433 0.18632201615175847 0.015526129274952189 0.02659753619822684
1 0.6123906349649235 0.20254045358851416 0.009509339624521707 0.011176542818159019
1 0.5839548694844149 0.06085990596103398 0.0072793765943877245 0.00816686153193674
0 0.6642937173648756 0.10986821501124339 0.008169057417889035 0.013442115857003967
0 0.023008955376488824 0.27734905014952743 0.009145677089691166 0.019015183985107847
1 0.40339197431291857 0.19409169196820686 0.007959482621173465 0.009714470283212928
1 0.7397818273427534 0.2080372211382637 0.008985714036591224 0.010030044928510833
1 0.5117231096540179 0.061781622631023776 0.006964235889668413 0.008614718930396387
1 0.8676939983757175 0.06174123447572169 0.008092140664859656 0.009268744185824648
0 0.06341878735289282 0.24050780609038697 0.009858715290925933 0.017318668332313332
1 0.4326985417580118 0.1950963162498722 0.008776917749521707 0.009569541810361156
1 0.7597667149135044 0.062403287631852024 0.008410395408163266 0.009787289736484074
1 0.9231636670170998 0.06248051177400394 0.007850179866868638 0.009760790559830297
0 0.2610477136105907 0.05462794610672228 0.0153079908721301 0.01608521335895406
1 0.1892647645911392 0.05783924847429425 0.006076345638353012 0.009457435374008156
1 0.3407503244828205 0.09565570486031547 0.006327804254025823 0.008848877874768707
1 0.7334386864487006 0.06203748532463933 0.008178555235570734 0.009136461432662862
1 0.21169794822225768 0.05842720339651065 0.0073047560088488495 0.00786613495076926
1 0.7868356510084502 0.06224621074289353 0.007457811005261508 0.00937800888741585
1 0.655881609235491 0.061530164626289005 0.009414361447704061 0.007981012078515022
1 0.3017934293163066 0.05924334962009958 0.006229478485730258 0.00787856754035213
0 0.7815093994140625 0.20497844888403136 0.010285358039700225 0.013793780533776731
1 0.016012702669416155 0.1868605604108041 0.007753493834515007 0.008807921372514257
1 0.32429893649354274 0.05794947226136756 0.006027688785475159 0.007300913906647259
