1 0.24074161295988122 0.5631660436290044 0.01468315903021365 0.019708283093510845
1 0.3519426851856466 0.5714364153496397 0.015719199667171547 0.018607110873313393
1 0.776551849988042 0.17249365525809912 0.033134304747289484 0.014544637901213301
1 0.40849491041533803 0.5739906375969145 0.015236367984693909 0.017009487590229484
1 0.13041601375657685 0.5546944060438646 0.016209388265804384 0.01993732691531191
1 0.026009540776817167 0.547530250622629 0.014899924093363236 0.01998052128369128
1 0.1860812050955636 0.5599337834675642 0.014988295885981334 0.02041658548288939
1 0.990148349684112 0.6176963051032899 0.016485875966597494 0.01911080835984246
1 0.3530385542889031 0.030225117186718005 0.006946797273596931 0.008374876516500483
1 0.9198686249402105 0.6126402906150954 0.014888841278699102 0.018372667755464884
1 0.7172929413464605 0.5954796937789072 0.016969019052933663 0.01984525470902962
1 0.590788237902583 0.5885676002310433 0.0171051025390625 0.02088589797880075
1 0.29606811367735575 0.567278318002805 0.01577548591458065 0.01940592251485535
1 0.7849521247708068 0.60100374198237 0.016776882872289484 0.019891859159123122
1 0.34344054241569677 0.16439783709520736 0.008509421835140297 0.01033553141540433
1 0.5280284492336973 0.5850122348271863 0.017099808673469406 0.020653586162023604
1 0.07910801439869161 0.5512414141348017 0.01579241849938218 0.020644918871000086
1 0.46777172477877865 0.5793399191125266 0.016713200783242982 0.020481803295672785
1 0.6008891670071349 0.17050795757160692 0.00897870744977676 0.009940104023299862
1 0.37177564659897167 0.16702050962855702 0.008828455088089961 0.010569619316407588
1 0.4704743599405094 0.17057868124549122 0.009838182099011508 0.01120666520663408
1 0.851862148362763 0.6065566337936652 0.016837295220822793 0.019137946926817643
1 0.3114460925666654 0.16276309365179747 0.00921027514399317 0.01069273747496257
1 0.5028744522406131 0.1713460206745462 0.00975332454759244 0.010364801283450856
1 0.45594055798588967 0.02844114714662907 0.0068905110261877804 0.008361236189643842
1 0.6541277048539142 0.5908054663559607 0.01604103555484693 0.017525830796448514
1 0.7004553347217793 0.16931393166806766 0.009526778240593095 0.010758736764805363
0 0.36769773522201854 0.46030568862709764 0.015871943259725768 0.03145956676724385
1 0.5343416953573421 0.028897813922850315 0.006911530786631081 0.008258791651480961
1 0.938425180863361 0.1739169381135466 0.009554804587850674 0.010619562804846218
1 0.43029368653589367 0.028059963950018137 0.007520714584662051 0.008693363939929205
1 0.18961079266606545 0.16257628511289363 0.008350878345723053 0.010210210912408953
1 0.21905714151810626 0.16108309558230588 0.008907434891681278 0.010504756720469507
1 0.5345815541792889 0.17241096077653073 0.009691822285554827 0.01116638361638556
1 0.5073576168138154 0.028346233205584954 0.006729748784279378 0.009375877586344498
0 0.4576714184819436 0.2463809614093369 0.01684866146165494 0.02779813361340278
1 0.5676115386340084 0.17146807318256554 0.00862417415696744 0.010817205457529412
1 0.12952973891277703 0.16387438955208386 0.009653208207110988 0.010249853112336067
1 0.6663921122648279 0.16884806477555508 0.009007668008609656 0.009636322577263476
1 0.4507630795848612 0.17051687351442205 0.007987353266501964 0.010234649831360416
1 0.40421022687639513 0.16797455103146233 0.009179640789421267 0.010768682836471673
1 0.03946296779476866 0.1651523887178343 0.009124517440795898 0.011516272208932166
1 0.27681607616191006 0.03098116072009486 0.007671589754065681 0.008579623506088166
1 0.24936469720334425 0.16117445735489774 0.009108095752949616 0.010107055940555618
0 0.41263307843889513 0.05944898465180033 0.007925072494818254 0.01213108152464759
1 0.06876732378589864 0.1650755197925276 0.009813114088408799 0.01144110832448257
1 0.7321224601901308 0.1707400207365924 0.009842541753029286 0.010150392395673065
0 0.6848509652273996 0.023426266769111744 0.011537045848612931 0.020479103647649065
1 0.6140578133719309 0.029841660602297627 0.007569604990433664 0.008562004750565008
1 0.5876324322758889 0.02916443968687619 0.007113086933992328 0.008392353185285558
1 0.09981182643345425 0.16485173318003588 0.009396728204221147 0.010528769379206734
1 0.6334635676169882 0.1701397753115312 0.00905904964524869 0.011056479524472945
1 0.40389352915238363 0.028587638573599854 0.00692422049386162 0.00821332389529216
1 0.15891327176775252 0.16256669425807257 0.008564209451480797 0.01016360646231543
0 0.7384694157814493 0.022919763069505432 0.0075322365274234655 0.011799806294790766
1 0.05685402422535176 0.030868983240372815 0.00667144814316108 0.007975399652360462
0 0.02180189015913983 0.10251167414663388 0.00723868973401128 0.013500939766573244
0 0.8641545721247827 0.02293823343389875 0.009863425803846637 0.016405546086861192
1 0.010159677388716716 0.16391751287709416 0.008331401007516044 0.010181225217838603
1 0.3016330174037389 0.031309771823612505 0.007064196528220668 0.008522930897590255
1 0.4823774999501753 0.028663157674894687 0.007601212482063155 0.008353421419048898
0 0.9094001614317601 0.17038281467703414 0.013054516850685628 0.01816024808202036
1 0.010772328291620526 0.0317433139832096 0.006495864415655331 0.008228171959422562
1 0.08068108072086257 0.030956437627667203 0.006654486364247848 0.007464810959034066
1 0.2809254782540458 0.16126773729845384 0.007656953772720013 0.009229244072635633
1 0.3779298042764469 0.030007156130487947 0.006427453488719732 0.0084342687730221
0 0.788287571498326 0.06036853449903425 0.006652520627391561 0.013114037578754175
1 0.32680339229350186 0.031018671618950618 0.007483054180534502 0.008546375209375106
1 0.22737942909707826 0.030357719635040487 0.0071908600476323446 0.008160538672091724
0 0.9696205294862087 0.02046198219570922 0.014577437420280502 0.02036713929803415
1 0.5615524759097974 0.029278464294193406 0.007761896873007017 0.008537707918351619
1 0.9741201595384248 0.17270436989068658 0.010527318837691244 0.010961281409952672
1 0.03414310727800642 0.0315582815285319 0.00712143644994619 0.007909755579362885
1 0.6398244974564533 0.029376752795267164 0.006444347148038922 0.009539632551993218
1 0.25199068809042174 0.030608538249453848 0.006966882822464914 0.007859527917448072
1 0.1926226518592056 0.03125684451367398 0.010216148532166775 0.006211605929080311
0 0.202270897067323 0.14052747822619538 0.010714394705636157 0.017140917822962735
0 0.8065062542350925 0.06486238280797557 0.007826201769770396 0.013059050011113352
1 0.10306992822763872 0.031535867345598205 0.006192907995107223 0.007438666999225505
0 0.7199553664849729 0.5041295012561948 0.02884814204001918 0.03036194671549859
0 0.793623788016183 0.711133467635068 0.02801482531489156 0.026740866195275152
0 0.5781833882234534 0.18858789112492189 0.010302796655771614 0.014791371521906592
0 0.2685587162874183 0.5562909636764128 0.015722274780273438 0.0256504925671725
1 0.7703721961196589 0.02651246176379548 0.007110284299266561 0.009094687931664399
0 0.6880913795807413 0.5918328403778265 0.035286737414397036 0.023057596285341722
0 0.1756403231223375 0.05461639656884358 0.009230944482743036 0.02114900008244525
1 0.17642593541874116 0.031675108343818224 0.01355181211296321 0.009678355969932573
1 0.8231640731640731 0.02491280518186348 0.006597506597506587 0.006643414715163594
1 0.797911547911548 0.024912805181863475 0.006597506597506587 0.009134695233349942
0 0.8613841113841114 0.03716160106294635 0.009327509327509349 0.012871616010629463
