1 0.21714895598742426 0.16697454456878494 0.009225884262396379 0.010969096180547616
1 0.24803996572689135 0.1674072342079535 0.009413154757752666 0.010888746130157705
1 0.02662096279008048 0.5451960496892865 0.014902493175195188 0.019151018906721867
1 0.5910968391262755 0.5833611158872115 0.015923480598293974 0.018507934330126548
1 0.1863537613226443 0.5530439264942112 0.015168092688735637 0.019268950899336577
1 0.5081863403320312 0.03026252152052019 0.007028229382573354 0.008884328515922161
1 0.2416987127187301 0.5563163261591619 0.014567161092952797 0.01869179456921502
1 0.7756740025111607 0.17017110543728006 0.03267436124840569 0.013432596045551937
1 0.29651976604850927 0.5611337059707341 0.01603714300661672 0.019148887605650502
1 0.5285543324996014 0.5771199559166085 0.016486965880101984 0.018467581696509
1 0.13098448150011957 0.5491461320515575 0.015052133676957125 0.018649452721264163
1 0.6542784243213887 0.5891407781324983 0.017384587501992982 0.019196770836386857
1 0.35345202076191806 0.02961375347440127 0.006959720533721323 0.008269874417051981
1 0.03710181859074806 0.16746975237271308 0.008843694414411274 0.01101427976326023
1 0.533668479140924 0.17227739924272614 0.009529503024354322 0.01090487297493094
1 0.2770735876900809 0.03106705215327027 0.007615264581174261 0.008783233801771127
1 0.7853042446837133 0.5995733547900182 0.015969256965481474 0.01847013925779462
1 0.40872799620336414 0.5682057181423185 0.015100284498565073 0.017796363945771842
1 0.9904054914202007 0.6191941124528654 0.015120837153220622 0.01665114483676651
1 0.2529792980271943 0.030640436722155058 0.006690550823600954 0.007895049601970567
1 0.699450901576451 0.17096757264764353 0.009491122498804173 0.011615164578642813
1 0.011626480793466374 0.030782168243399823 0.00659217883129509 0.008659192079418567
1 0.718138480673031 0.5946460708865332 0.016750413544324008 0.01968924347060678
1 0.07898434327573192 0.546878285624903 0.014878127039695278 0.019492595425090284
1 0.4563015529087611 0.030042251554796173 0.006840764259805483 0.008555610847350958
1 0.1562957374417052 0.16711418031064285 0.008462711256377549 0.01008588501658019
1 0.4679439311124841 0.5719241280781336 0.016162794463488492 0.017573145680232473
1 0.18825569931341676 0.16721936001851398 0.009251730782645093 0.010522517562730758
1 0.22793719233298787 0.03093398792304899 0.007134729502152414 0.008305254014836385
1 0.6322701512550822 0.17144988608009 0.009956048459422811 0.01173082318344808
1 0.09769165272615393 0.16849988122386556 0.009475474454918682 0.011332127796367556
1 0.3697172670948263 0.16656441119928814 0.00941451714963328 0.010642367726309663
1 0.5026106931725327 0.17104948565215242 0.009702643569634824 0.010829851177219421
1 0.06639960833958218 0.16868047346797793 0.010089864536207546 0.01226393262476173
1 0.12696390735859772 0.16792411023944037 0.00923312440210458 0.010591074413859173
1 0.43046289560746176 0.030087506180877837 0.007427604830994947 0.008861523594458716
1 0.599950595777862 0.17136548655766456 0.009358775858976329 0.010046242816653096
1 0.48225940003687023 0.029820880416851964 0.007166492695711078 0.0085763555111121
1 0.8526323279555964 0.6058963567217609 0.015433486627072791 0.0177801660576296
1 0.4044985089983259 0.029940552972008264 0.007049093441087341 0.008609177547610888
1 0.35344287686177106 0.5673181153871834 0.017350800183354602 0.0194817968329954
1 0.9201801845005582 0.6134517479763274 0.015147617885044722 0.018556101734339102
1 0.5666742908711336 0.1717837899146015 0.008817088847257673 0.010107055940555597
1 0.7313237092932876 0.17032704563233383 0.009454221141581681 0.010432860830995965
1 0.6655327933175224 0.17178371887123248 0.009341492944834207 0.011415461668257324
1 0.008354989849791234 0.16694349861651225 0.00908400331224714 0.011154093113540781
1 0.3018895752575933 0.030903155100883456 0.007014449761838323 0.008789485618247087
1 0.0350184829867616 0.03104950444111615 0.006689723657102001 0.008131339847414236
1 0.5349553555858378 0.02890037148413593 0.007607051304408495 0.008959137183526542
1 0.27936295100620817 0.16638896959943153 0.008956364222935255 0.010744314960889238
1 0.40429967763472574 0.16767655962000308 0.00923662769551179 0.011150469901719497
1 0.46977903405014354 0.16952233739116115 0.009560565559231475 0.01092000521253752
1 0.32703049328862405 0.030068075819444033 0.006707794812260854 0.00865166148229979
1 0.3784484084771604 0.029274450343842365 0.0069963104870854696 0.008354131852739349
1 0.44947324480329237 0.1698011115712937 0.008114250338807354 0.010427461534948545
1 0.05718136806877292 0.031482726905552545 0.006312039433693395 0.008552200765636798
0 0.6835593398736448 0.02251559734300844 0.010862077985491112 0.021885051921049566
1 0.30971914408158285 0.16641561086282342 0.009315763201032373 0.011437840329506514
0 0.9802252321827168 0.5721121798759957 0.010451959103953967 0.01410864474538418
0 0.07000952350850008 0.04145153244994659 0.006517128068573622 0.01245248172620716
1 0.3421426889847736 0.16586907422476024 0.008553796884964915 0.01032416447635711
1 0.7707830935108418 0.027312978446194507 0.007922425562021707 0.009224839383754832
0 0.5570344730299346 0.21093252260032355 0.01286113505460769 0.020879361988848596
1 0.5616554338104871 0.027610437032385915 0.0070821022500797155 0.008922194631623144
0 0.8486097686144771 0.16828724842031387 0.013773704061702658 0.020819259298636508
1 0.7969080088089924 0.026943304275368864 0.0070872404137435445 0.009095185235247712
1 0.9725989516900511 0.17434532962888794 0.011424473353794536 0.012687919451222291
1 0.9372394328214685 0.17385179134413234 0.009582052425462388 0.011065999335924998
1 0.19532001891199693 0.030496174804755374 0.013114578869878041 0.00627199279276856
1 0.5877589400933714 0.02655601134902006 0.0073392439861686 0.009120405631258688
1 0.6138891103316326 0.02677436314377986 0.007201992735570734 0.008741531344141712
1 0.7443043455785635 0.0276503634057892 0.007634532694913829 0.00892219463162314
0 0.8956307391731106 0.49489024006852383 0.020424356265943862 0.03120508941932463
1 0.10377389557507574 0.0315121743820217 0.006733641332509555 0.007608247521135916
1 0.08106256991016622 0.03130362657219011 0.006418481165049027 0.008025911487751457
0 0.9701558327188298 0.020684347940820063 0.012423456931600674 0.018983782815989957
0 0.8608301902303892 0.02313054874546194 0.00968061174665176 0.014267355631830668
0 0.5667271516761001 0.056372238425199575 0.006797323421556137 0.01183575423952753
0 0.13779104972372253 0.35688679065775913 0.02766128462188099 0.01810724972871276
0 0.1341629612202547 0.06347980780299087 0.006401373415577166 0.010869209203670347
0 0.07725706878973514 0.06013913546038795 0.007075270827935676 0.010763070410317124
1 0.17690448343375084 0.031169119535468758 0.01150676182338169 0.0069487519262912
0 0.9280288073481345 0.2318112451988507 0.028288860710299776 0.01848662131941306
1 0.6402148032674984 0.027225453015531073 0.007435234225526197 0.0102748603782399
0 0.14916061868472974 0.20376652005149273 0.019873813707001357 0.011066425596139231
0 0.15539944901758312 0.20319867040271608 0.009142622655751755 0.0107718797880787
0 0.20711478408502074 0.13627972414762593 0.007831106380540489 0.012555778784798586
0 0.8278448922293528 0.02429470091231779 0.010566555723852077 0.0118121678410046
1 0.9030812138920247 0.17513028723791055 0.011510281780551966 0.0092918030137761
1 0.7178020106306959 0.029478498561806583 0.0052207223521964045 0.006550777458179241
1 0.8757288617846385 0.024416534162304437 0.0078310835282947 0.00714630268165008
1 0.9033008017071761 0.025012059385775283 0.010115149557380545 0.009528403575533438
0 0.34746165536356277 0.5539195920545122 0.012050693249603322 0.011404226895239943
