1 0.2958184456338688 0.5687333572442156 0.015954231729312828 0.019557813237873596
1 0.24031444471709584 0.5635040679789205 0.014681602010921547 0.01767615856534771
1 0.02579159882603859 0.5481442784612849 0.014460967511546855 0.018657693752073427
1 0.06869370596749443 0.16383687865322807 0.009334097103196739 0.01082317310052919
1 0.8513140775719468 0.6079314650714239 0.017264074208784994 0.018892278956659993
1 0.2276630401611328 0.030889727904133947 0.007053842349928238 0.008245861758314764
1 0.13053219658987864 0.5568098644439174 0.01584311894008091 0.017512190469591894
1 0.10007953643798828 0.16282277008179527 0.009489526554029811 0.010965401925357283
1 0.3731249595174984 0.16834752871894854 0.00935254778180801 0.011084683741983832
1 0.07806213534608179 0.551494754788816 0.015677782954001917 0.018291394141277475
1 0.35153821049904344 0.5722903566455606 0.015887357750717486 0.01799897963428818
1 0.40546261534398914 0.16863692388275334 0.009236705546476376 0.011261510687536825
1 0.3434193669533243 0.1672976853328861 0.008836395886479557 0.011502702925444573
1 0.6665721036949936 0.1696787393681137 0.009010470643335516 0.01059555014610901
1 0.7173176979532048 0.5984084566677873 0.018008018026546595 0.021198204629122534
1 0.18595205034528461 0.5603540049954653 0.015114920479910718 0.01844058521627187
1 0.5281135403380102 0.5850313454934595 0.017222657495615457 0.02017930063027923
1 0.470849912993762 0.1698361714739174 0.009492679518096276 0.011210075288348236
1 0.9903771536690847 0.6178773236076165 0.016915146185427207 0.018216940690518248
1 0.5911648808693399 0.5881353013304044 0.01595773502272006 0.018664513915501696
1 0.7848549667669803 0.603053059005842 0.017740677814094313 0.020546736934979895
1 0.7006571244220344 0.17131049899002374 0.00875418526785713 0.01118762558373004
1 0.4558286861497529 0.028290108944039404 0.006797323421556137 0.008563567704683996
1 0.467576163155692 0.5818727573057189 0.016183969925860967 0.020174753854660298
1 0.9195855588329083 0.6136756056321881 0.015290863659917104 0.01863908038938362
0 0.37654172157754706 0.46168314850951114 0.016369644476442926 0.030473342718161236
1 0.2519436271823182 0.031817767433968754 0.007488873540138707 0.008562004750565002
1 0.7323602170360333 0.17305290865922135 0.009404552226163923 0.010459857311233072
1 0.5684408071089764 0.16902233415982246 0.009758774115114801 0.010601801962584987
1 0.15876784616587114 0.16059122681672283 0.008039202008928588 0.010129434601804786
1 0.5343559420838648 0.029840346299970292 0.007387745137117328 0.009076216655712703
1 0.6541596237494022 0.5936761868123309 0.017396420848612835 0.019360170585190357
1 0.5073495592389788 0.02899152012662067 0.006608690534319143 0.00879104857236608
1 0.9381681169782368 0.17330838061430714 0.009530047981106661 0.011372906690199382
0 0.4150907166150152 0.058734608054368365 0.007752788310148297 0.011960932655784818
1 0.7774099233199139 0.17462136863931227 0.032155873824139036 0.014234036291748542
1 0.5875868505361128 0.030043423770385422 0.007056411431760198 0.008788491011080458
1 0.03393599695088913 0.031049575484485194 0.00690278228448362 0.008056957440024118
1 0.4079712069764429 0.5772448501593896 0.016123090471540185 0.019050137322677997
1 0.2810500397974131 0.1637180230968158 0.008759167729591831 0.010517402440159515
1 0.039289399069182725 0.16467149615276871 0.008634873798915314 0.010774437349364322
1 0.5347974349041374 0.1702291123481053 0.009943280901227732 0.010797242270827767
0 0.683732169015067 0.022447893012308557 0.010482476682079155 0.019267103771741408
1 0.35257958392707667 0.029699751472630247 0.0071140211455675995 0.008682778477941501
1 0.6330936198331872 0.16837800632426886 0.0091066165846221 0.010198488756516527
1 0.12896378186284282 0.16127143155364418 0.008735053393305577 0.009339503381393456
1 0.6012518746512278 0.1685857016136719 0.009370064248844123 0.010338373150166127
1 0.27636656469228316 0.03152400310296769 0.0075921817701689745 0.008644699232133386
1 0.5033040727887835 0.17024740601563437 0.00954265983737238 0.010439965167900475
0 0.017983509569751973 0.10493595807192539 0.006762587294286612 0.011429173038483016
1 0.4815177138970823 0.028167026307168944 0.006909195257692927 0.008282591180111029
1 0.21917341193374323 0.1614051706958714 0.008845932629643666 0.010517331396790487
1 0.3116876641098334 0.1649886337521856 0.009606497628348195 0.010815784590148524
1 0.6141401796924825 0.02996786914740606 0.007759249940210423 0.00850559631554328
1 0.1897752333660515 0.16200921694117648 0.008139162647480866 0.00982813967368495
1 0.43021478458326695 0.02760972659869546 0.007185877585897642 0.008536713311184989
1 0.24964137953154897 0.1617634068842808 0.008582679592833225 0.009838085745351258
0 0.8645963863450654 0.024030668231262056 0.007937840053013286 0.012931100903463307
1 0.4511541249800702 0.17030360132054898 0.008227134237484094 0.009901456430539381
1 0.5605032006088568 0.03047799605883367 0.007233755929129491 0.008423541224296307
0 0.7922890332280373 0.06088644065937228 0.006536211286272268 0.01237078185180541
1 0.010532272105314296 0.16497712472640028 0.00903015234032456 0.011065715162448798
1 0.05689823384187659 0.030266570992555756 0.006323979825389619 0.007657480575884096
1 0.0804127430429264 0.030745936125186876 0.007058211735316687 0.007834946911758506
1 0.010597613697149316 0.03164442161349896 0.00648869726122642 0.008125088030938277
1 0.1920217008006816 0.03130568682989241 0.008935967270208879 0.006094952717108423
0 0.7984681421396684 0.7025701841038603 0.02964377889827807 0.03655948605750807
0 0.741447215177575 0.02346324484269966 0.007541890047034431 0.012833061054181211
0 0.9695617520079319 0.020757309480829274 0.014693591059470622 0.021915316396262735
1 0.9751904545998088 0.17302264418400817 0.012377991968271707 0.012137546471230672
0 0.09452274867466519 0.07944669843080049 0.007042281481684471 0.010621907236024712
0 0.8119239028619261 0.06693500205649433 0.009814826809630146 0.01291653701280908
1 0.3013471486617108 0.03121510653436004 0.007014916867625936 0.008763767918652802
1 0.4035033401177854 0.02784807710184143 0.006766650141501918 0.008073297414904467
0 0.9071488672373247 0.17053186366529055 0.013277326311383982 0.01872561121288044
0 0.7112900091677296 0.5070535752827178 0.024661005759725768 0.030565414924443528
1 0.3774838350257095 0.028460435421324787 0.006949288504464306 0.008496289634198382
0 0.4593698929767219 0.24906299067752366 0.010224945691167104 0.017079678438845936
1 0.3264639328937141 0.03055845267427713 0.007644419767418694 0.008650666875133163
1 0.6397792271205357 0.029530099907350792 0.006908183195153069 0.00883189850956695
0 0.3435069882139868 0.05724703094993515 0.006566106056680483 0.009012419710310287
1 0.1030544358856824 0.03165831059214726 0.006424300524653209 0.007667355604181355
0 0.062350321789177106 0.5390588972109654 0.012498407947773835 0.019168637662245018
1 0.7705770998584981 0.026512816980640702 0.008133868781887725 0.009710136637701212
0 0.20586951898068798 0.1431807349299189 0.0101882778868383 0.01502950889494539
0 0.2593384567572146 0.5552977063337947 0.02183836333605712 0.027648942538408296
0 0.1728729715152663 0.06023888035052712 0.011180721983617678 0.010363522502808057
1 0.17896514036217515 0.03188934362828159 0.014802699186364007 0.006765246904047975
1 0.9037228798379704 0.026464081229475835 0.007610243193957149 0.00984661094963665
1 0.1958316491574657 0.03111507747074468 0.011295863560267847 0.00685398007198518
0 0.683552536493713 0.589993845071661 0.03372356313532789 0.026378264310208444
1 0.7971708339355398 0.025828717137079044 0.0057209616033145555 0.006045018904422756
1 0.8226893337187453 0.02541655675723204 0.006774822951293523 0.006319792490987427
