1 0.36996374324876435 0.168278012782338 0.009192174794722585 0.011121839423994353
1 0.3083599635532924 0.16795220789189766 0.009191162732182729 0.010661549435951805
1 0.2780474643318021 0.16741888532047686 0.009164732329699476 0.010680091755272562
1 0.27707757755201695 0.03071808712452124 0.0071826856963488495 0.008674111186918009
1 0.9191873511489558 0.6100938831384156 0.015356569874043413 0.01854629774941087
1 0.35213637838558276 0.5723876150177832 0.015221420599489801 0.018363858377703306
1 0.026294874293463576 0.5432739002964052 0.013616638524191718 0.016909174353137924
1 0.29645065385468156 0.5678407683555342 0.015458360010263895 0.019687112169535417
1 0.3408689304273956 0.16812391971487942 0.009181197808713324 0.010356844426117836
1 0.5323274573501277 0.16891548493277878 0.009229854661591224 0.011028701567176355
1 0.7173181650589924 0.5985589975667935 0.018242349430006456 0.02081897512516033
1 0.7846042088099888 0.6021549287343753 0.017295370296556138 0.020855207243373287
1 0.13087944108612684 0.5531980195616699 0.016047224706533005 0.020628578896119788
1 0.24161926580935109 0.561378095160249 0.01617026815609057 0.018524558478483045
1 0.5989355359758649 0.16746563185730848 0.0089292720872529 0.0106609100456304
1 0.591188080456792 0.5910912027862596 0.017580071274115174 0.020665947708237372
1 0.40189902636469627 0.16824789039386293 0.00955620590521365 0.011278134835893345
1 0.2521425169341418 0.030873423450938128 0.007520325329838979 0.008569890564529002
1 0.5075495194415657 0.028413511276070565 0.0068911338339046595 0.008377007817571834
1 0.46816191381337685 0.5823068322905838 0.0164116061463648 0.020015758794737586
1 0.18672828285061582 0.5571140011067991 0.014459843538245368 0.019123738253008626
1 0.5288627780213648 0.5874107300095145 0.01675827649174897 0.020376659109486182
1 0.8518561538384885 0.6046575024523543 0.015716864138233345 0.018753460213546055
1 0.5883269018056442 0.02845695429624158 0.007775442940848241 0.00895657962224092
1 0.5654723887540857 0.16778546910474904 0.009942346689652415 0.011637472196522952
1 0.5011654289401308 0.167950396285987 0.009984697614397362 0.011258242692560748
1 0.22687985945721065 0.03019225962853469 0.007108493727080698 0.008353421419048893
1 0.07932136983287577 0.5480073778891352 0.015908445630754737 0.020233151504015254
1 0.08023050366615762 0.03123258320314511 0.006638672887062535 0.00801312368132336
1 0.24680667020836652 0.16637213232096787 0.009833394264688341 0.010546246047991788
1 0.4086909391442124 0.5770727831195627 0.01637999865473531 0.019304756757335277
1 0.654099600655692 0.5939717272275581 0.016299189353475768 0.01901177390339367
1 0.7301760303730868 0.17171771958138965 0.008917360889668413 0.010553918731848652
1 0.7747734225526148 0.17438589539261262 0.03077946876992983 0.014409797586765874
1 0.6643137250627791 0.16933222533559672 0.009588747608418319 0.010926470159120603
1 0.1034315264954859 0.030643136370178767 0.006755673155492667 0.00864967226796653
1 0.6136543896733498 0.029394691245951024 0.006976692044005053 0.008384112154476332
1 0.15468999317714147 0.16666873838673074 0.00886998857770647 0.010745593741532049
1 0.4040344393983179 0.02841074058467781 0.0069676613321109655 0.0087765557250809
1 0.35253291227379624 0.02916962585281647 0.0076006675253109095 0.008595821394230424
1 0.5347236321896923 0.028812632923365358 0.008097278828523577 0.008870261928851254
1 0.4821109382473692 0.027653809009187888 0.007762986786511508 0.00870657800657158
1 0.6316771215322066 0.16773126301416771 0.008772558095503835 0.009578848491706059
1 0.990021141207948 0.6150049691537582 0.016112969846141467 0.016990163793849305
1 0.03382518340130242 0.03211799671155292 0.006722635152388596 0.007736338715524047
1 0.6397167127959582 0.030143310747262685 0.006652676329320827 0.008406917075939777
0 0.11189486055958028 0.07089851161551473 0.0067752915985730255 0.012335828514235272
1 0.0963409287588937 0.165115588252669 0.00926770969313018 0.011081486790376805
1 0.37804311635542887 0.028772351333116848 0.0073567604532047155 0.008737908132320423
0 0.6845187751614318 0.0264545614180238 0.01296529964524869 0.021938689664678535
1 0.3016252323072784 0.03073044867073507 0.006528036934988866 0.00894400494591996
1 0.12562329428536553 0.16595951243355453 0.009508872518734071 0.010679097148105929
1 0.06421166050190828 0.16518258214967843 0.009628042882802536 0.011323176331867881
1 0.3268929403655383 0.030446879063191958 0.007262541323292033 0.008801491947615689
1 0.6986875728685029 0.17046042955771584 0.009418565399792665 0.010284806449906194
1 0.4492185164471062 0.16845093234259353 0.009042856644610965 0.010457583923423627
0 0.6219424812161192 0.055715691130170227 0.008501481036750655 0.011947789632511504
1 0.05656856420088788 0.031590641783131895 0.006315912519182471 0.007684406012752151
1 0.935880232830437 0.17292389390103563 0.009730124960140344 0.010793050712054107
1 0.4682791573660715 0.16690559697912677 0.009476019411670939 0.011135763924327174
1 0.21620627811976842 0.1660472509943251 0.008995951438436704 0.010929311893882403
1 0.5610683986118862 0.02890527347660004 0.007712539361447698 0.008781741891021187
1 0.9710676232162786 0.17279480809948086 0.009988901566485965 0.011841792925896358
1 0.45586294057417887 0.027006426308765343 0.007358317472496819 0.008707785743845344
1 0.010488690466296916 0.031503471569313685 0.005990008310395845 0.00794236448575454
0 0.8034829898756377 0.022537549744043345 0.013207571847098148 0.02003671658860587
0 0.8488461241430165 0.17236989770922273 0.01309686777543039 0.02035563027224885
1 0.006399883907668444 0.16515697101513768 0.0083380219887714 0.010513352968123934
0 0.1524056220541195 0.037274679653684056 0.006227960391920425 0.01264159917460494
0 0.7625414789939413 0.5521266145131022 0.012489474549585516 0.01850111416669828
1 0.03588653097347337 0.1647965324822879 0.008341361065300144 0.010179520176981515
1 0.9018305564413265 0.024306280981472125 0.0074663746113680755 0.008859960640339727
1 0.18679122535549864 0.16560209324388914 0.009747057544941803 0.010492537260993775
0 0.8439128642179529 0.5590154768792884 0.013405313297193862 0.015111208769347184
0 0.27576571094746494 0.46358654245296466 0.013710566929408448 0.022022591883520706
0 0.8588711485570791 0.02401180621678061 0.008275246133609656 0.01220368784781158
1 0.4307217111392897 0.026790525510237598 0.007035936628069143 0.00853564766064931
0 0.9600726536342076 0.02128949535834535 0.007211957659040232 0.013069280256255826
0 0.22008125149473853 0.12974277511000404 0.008567265101841505 0.021463622655874637
1 0.9288585429288904 0.02420174066392241 0.008001210738201535 0.008737268741999015
0 0.26186717286401867 0.3560264554586242 0.011871649294483439 0.013815377717966416
0 0.8898729596819197 0.21485610578594067 0.010562663175621819 0.014273181188092392
1 0.19720988370934311 0.029965702324650192 0.012382118069395725 0.00671892662743064
0 0.22596845821458467 0.5491632535034973 0.018785904864875656 0.019692085205368602
1 0.17785582250478316 0.029481222069447834 0.00993962190589128 0.006636161102493212
0 0.3585306776796138 0.3739783099577012 0.013069162005332195 0.01828705912285721
1 0.901265711956135 0.17491286066695297 0.007661032159918461 0.010320226645493542
1 0.7430355256442214 0.030628308167789525 0.007121746252181003 0.01227587501715012
1 0.9829911079911078 0.02509965122072739 0.006825006825006763 0.007562815858779985
