0 0.504789079938616 0.5280154424098038 0.03727737738161667 0.13482400515831752
0 0.7777899917291135 0.5460511578492806 0.03395874646245221 0.1239694593376638
0 0.8500359830716182 0.6076348817727509 0.027907431955085254 0.12040760017885004
0 0.8189478662456249 0.6632974470376665 0.03700860278734213 0.11968077934941472
0 0.7345585725745376 0.6450319986619223 0.034423828125 0.12124404593582383
0 0.07655902298129334 0.3585109885998049 0.040840742539386354 0.05393494239306414
0 0.653488859838369 0.527439620270461 0.03162851138990758 0.06637042119383653
0 0.480170658656529 0.4872756190139665 0.02560300243144133 0.1253220172412174
0 0.6648369637694649 0.519641263187202 0.024006796148795584 0.05049850983205295
0 0.6699510436614055 0.5164663909199616 0.019402569575083736 0.027051927939936892
