0 0.33854218373504075 0.39433614811476847 0.02282696360888105 0.11665464141247266
0 0.274272288262107 0.6868807735519382 0.043502585215791034 0.15744794401925613
0 0.8934379110530931 0.5479435779688517 0.019050286740672714 0.10001728272680033
0 0.4003548135562819 0.3997802313376134 0.01943276852977523 0.11086615383735611
0 0.15012953127823353 0.6594299342839816 0.0443022959997467 0.14959590859458632
0 0.30712423519212373 0.42493754756069463 0.017692877321827196 0.03911810140870979
0 0.4447427866410236 0.44236585628930425 0.02057725556042732 0.12270010557156988
0 0.2428100547012018 0.41251784714629375 0.022917961587711293 0.10054036252534788
0 0.20282385675939174 0.4156523323861824 0.02904892607946193 0.13080512086683282
0 0.6802666333256936 0.46662427816252566 0.01615002690529338 0.09287687249804483
0 0.7250129680273969 0.4918195297506967 0.03443746971774826 0.1237184869943157
0 0.28727138285734216 0.411337671536982 0.023319750416035567 0.0826565450967874
0 0.7586433049010415 0.5323777324175882 0.032884361964471254 0.1264406660235842
0 0.13201291220528738 0.26991586691425395 0.02093614850725447 0.10364532075203571
0 0.12305762805579062 0.26658223007179727 0.020902939560161687 0.10822545516704786
0 0.03865658993623695 0.27590101009553325 0.0208901969753966 0.06990190402110773
0 0.4594536606146365 0.43585663961685084 0.01515571438536358 0.11367764150837445
0 0.2136551876863244 0.4517645836258977 0.02586953638271327 0.11114243565510175
0 0.33006415853868226 0.3932776387964472 0.014834344203985725 0.08893530100296065
0 0.007691568661802758 0.2766225522255992 0.013139527655173584 0.05073481321894354
0 0.023374230701848644 0.2774641249567191 0.02246435373303871 0.06107413534413108
0 0.40093392685694335 0.4240938799762328 0.016060050624072585 0.053178847296494344
0 0.4180413720869338 0.42825311942959005 0.015012656018154909 0.060308972073678
0 0.43715632364493323 0.43939393939393934 0.01134677489744262 0.11883541295305997
