0 0.16172907303790657 0.5841383019168083 0.06706915096360809 0.1487812247063465
0 0.038355785973218016 0.40077875993481554 0.03612430241643166 0.12275985962150528
0 0.222166937224719 0.36771383652920725 0.031003251367685752 0.12117882840669554
0 0.22064010464415254 0.21772408285060849 0.0190094149842554 0.047927385280450506
0 0.06324328208456234 0.43100198741356227 0.02579540135909099 0.11358330695503963
0 0.014130655600100149 0.2022836230980651 0.022247791290283203 0.0500941651754474
0 0.20333171377376635 0.6175783111658026 0.049206441762496014 0.0875785034139721
0 0.1288287688274773 0.20174143127800268 0.021083228442133686 0.11030100771762338
0 0.8960270784339126 0.465429462148518 0.01948609644052921 0.12336495218482019
0 0.014800628837274047 0.4411688541515184 0.02458292124222736 0.1075775612133059
0 0.46760465660873723 0.3827966994285895 0.01788189946388713 0.05237502098395733
0 0.40372276306152344 0.32069786612570944 0.017813079211176655 0.10931943814124548
0 0.15607687891746053 0.3671808860505706 0.021695857145348375 0.04396824887209194
0 0.14939838526200275 0.21170729055917772 0.02147867241684272 0.0689471310225556
0 0.10895670676717953 0.4339193364723819 0.017757221144072858 0.023867171963112263
0 0.10207122685957928 0.19705547495959277 0.019749602492974725 0.08672273532409899
0 0.419236708660515 0.33002625502549204 0.014148634307238492 0.09078958801316157
0 0.008104747047229688 0.3783574107431447 0.013464140648744545 0.06120775600168157
0 0.4485021318708148 0.3720752197127408 0.017056912791972245 0.11629118560820993
0 0.7578104758749202 0.451877680847924 0.01997686892139669 0.13054736248858564
0 0.7430964878627233 0.43838638230519145 0.01396490603077169 0.062093467362697455
0 0.7710135323660714 0.4304771852144622 0.015766221649792758 0.11695788711436272
0 0.17107687191087373 0.3993008740146282 0.00912257603236608 0.015098695735229845
0 0.4392265397675183 0.36932812332391457 0.015301684943997123 0.126638573173299
0 0.4295627127520293 0.3778966131907308 0.01125949201361616 0.024955436720142627
