0 0.6723874150490274 0.3801701048322605 0.028972703583386508 0.06523525846273788
0 0.87961111263353 0.40477963143348383 0.021322133589763988 0.043597402783911915
0 0.24966487106011837 0.3454115317141816 0.028349467686244446 0.0496215649623219
0 0.5905496246960698 0.3817264262237599 0.02779248295998088 0.04903237148102982
0 0.9575914655412948 0.535213315485607 0.026586104412468132 0.11986635918571975
0 0.05403269432028946 0.4074109957544197 0.04316137518201556 0.11112332148907372
0 0.7851415361676898 0.3863985702146625 0.025927173848054798 0.10591517969547994
0 0.6074490839121293 0.634185763538814 0.02152898360271844 0.037114419596796
0 0.5214783804757255 0.5793996467661106 0.02747049137037624 0.15779626919793127
0 0.5309619125054806 0.3801343318977094 0.024602072579520053 0.041894611099278105
0 0.15735610650510204 0.42492814060383116 0.022417730214644455 0.11444516969302153
0 0.43035686259367023 0.5681197780403887 0.030860278071189448 0.07085637891187196
0 0.30187589295056405 0.5059039539922913 0.02675181019062896 0.0905341427619965
0 0.42282851861447696 0.3534066500940086 0.025645820461973796 0.11466682939488827
0 0.36694927604830996 0.3569737416381569 0.025189613809390936 0.1059032553839629
0 0.44295548419563135 0.33720720791340547 0.02322527827048787 0.0922692625800764
0 0.39396885463169645 0.35712710153350113 0.02052493971221304 0.09900848597245847
0 0.1469441627969547 0.33176866192283244 0.021019682592275185 0.07302792853147563
0 0.39176676224689094 0.5592229167251729 0.039460785534917095 0.16219422027011704
0 0.8155763587173149 0.7911687946912831 0.053821797273596934 0.14132084545188364
0 0.8982210743183993 0.5276083870770876 0.02966775699537624 0.12406212693151651
0 0.8331691196986608 0.38829784805462714 0.024409080038265404 0.060129533255840466
0 0.307274409702846 0.347055364302981 0.027697349081234064 0.0538289920349354
0 0.5623725190454599 0.37499813345026844 0.023843492780412933 0.05359527552920136
0 0.20648119400958626 0.33941267557465765 0.014440731126434932 0.0635157727419803
0 0.5401286689602599 0.6043590856641841 0.019602250079719368 0.09066822502038813
0 0.47865887077487246 0.36147530172819087 0.023655949806680506 0.08890024709946125
0 0.037120619598700076 0.3340301738482147 0.022031939759546395 0.07160469570574142
0 0.3920690802767962 0.3006530451163647 0.02315505670041457 0.04684214044004944
0 0.27761058418118223 0.4910419558406747 0.02425493512834822 0.07017457327779744
0 0.6256130763462611 0.5950118828506745 0.02038278385084508 0.0982803080158177
0 0.6276690035450215 0.3813506116724477 0.02410771895428094 0.04390134023524625
0 0.016618009732694044 0.8468182647409078 0.0329432657786778 0.17521311733824943
0 0.11998818845165019 0.9081794137610212 0.049255838199537626 0.08110333727551747
0 0.9504931702905773 0.8413004552018338 0.030513374172911386 0.09025696876540026
0 0.9903956821986608 0.5044440870317298 0.016841343470982116 0.08589028588785926
0 0.058325075373357654 0.8727439372258248 0.049579253002088895 0.18186668442623408
0 0.6110969854860889 0.5883216816278625 0.021515359683912622 0.10889784748294291
0 0.09107236472927793 0.35411210561259193 0.024012351522640304 0.1421666766154926
0 0.49291758634606186 0.38003549260446806 0.01497198610889669 0.03297045635992323
0 0.9782666576151945 0.4962826907524151 0.023278372628348264 0.11247938069326181
0 0.10565403529575892 0.3311630393901169 0.018286627166125242 0.07695950653099487
0 0.6141124647490832 0.36168516961089076 0.02427221804249044 0.07899591395340542
0 0.07256286971423091 0.9164578007855531 0.03677553060103436 0.07044406271808264
0 0.019333469624422034 0.3838698359461028 0.03866693924884407 0.1092656757013774
0 0.4280657517704646 0.3240433014905463 0.013383047921317016 0.03373771955986987
0 0.046382280327684954 0.882269385026738 0.029107283133206145 0.14861058059587462
0 0.4064647112842017 0.3431686374934097 0.013000232344578108 0.047073887173307245
