0 0.34618478891800863 0.7413111283609235 0.04490747257154816 0.1527973328252865
0 0.20094653538295199 0.3301093277290608 0.02100925056301817 0.10730263958666296
0 0.29224199178267496 0.4733990757509336 0.025989026439433228 0.12387067548549298
0 0.5266878022038681 0.507268644661983 0.01956794850439492 0.11838564684879414
0 0.48132978166852675 0.4403970199654902 0.019531717105787712 0.0648022734623191
0 0.10127087028659121 0.33346502772848197 0.01855303316700216 0.05972437164896138
0 0.24343650195063374 0.7272902578944841 0.0651937990772481 0.12466523210957856
0 0.05054620334080288 0.2937449473266868 0.02044605722232741 0.12268659135185059
0 0.296382086617606 0.340011805982214 0.01966935761120857 0.06592421868372257
0 0.981589648188377 0.6173379700425591 0.02845624028419963 0.11745566087402429
0 0.5798967322524712 0.5116912860947379 0.02174361871213332 0.10770011663723107
0 0.4271390394391867 0.4390505583125224 0.02190797451298212 0.08728276420001263
0 0.4718921756534927 0.5000998846089673 0.023449333346619954 0.049654025588118336
0 0.4490375518798828 0.47344842915137914 0.02476205631178249 0.10763784523264207
0 0.3696120904416454 0.46139043285299514 0.028693062918526822 0.07319619381621609
0 0.054180591373234645 0.5357606317629521 0.01503631940821647 0.09735011277581285
0 0.04160194494286362 0.5364709328736044 0.022039627542301102 0.10934858645828711
0 0.021391720187907318 0.32458519168026545 0.029307097804789642 0.05781038715812587
0 0.15524342595314494 0.32653720147560533 0.02170134563835298 0.09493712854348946
0 0.7100276557766662 0.5317209496269655 0.021423962651466892 0.11988411316064508
0 0.7068761708785076 0.4811339129088137 0.016620869539221938 0.040462103809030765
0 0.8446063606106505 0.5843051097856967 0.026591709681919797 0.11359774862121028
0 0.39406881527024873 0.4381351105630574 0.023112472222775807 0.09303056362426453
0 0.029445110535135075 0.3173106991931183 0.019639584482932577 0.07437550822525166
0 0.4079811034668963 0.42643428608591377 0.015706517115135682 0.06596259665934127
0 0.8286565663863202 0.5727631711913003 0.018300581951530632 0.04401886094986424
0 0.5219181348894625 0.5011936592818945 0.014378296487487388 0.12175324675324674
0 0.49561637302210754 0.48746657754010697 0.01718381775333857 0.042971734148204696
