0 0.5413135995670241 0.7157257956005555 0.03394512254364638 0.12105163575051384
0 0.6400604248046875 0.6410770219030383 0.029920305524553558 0.05101114473110803
0 0.08934528434761069 0.9422805336922462 0.03769033295767645 0.11701175425753355
0 0.7889896314971301 0.8674368236466393 0.037425138512436264 0.1718444330885097
0 0.8236927110321668 0.6561736640068403 0.024046917350924752 0.11392566718792899
0 0.8729634187659439 0.6625365428785094 0.025983849350287004 0.09040377028941012
0 0.7376382010323661 0.6567387438803979 0.02228468291613527 0.11054075262529105
0 0.671129187759088 0.7906314388420025 0.03159161003268502 0.06980909312979997
0 0.487562218490912 0.6450146283044912 0.017060961042131683 0.03897129988470001
0 0.8304641100825094 0.8901532995483572 0.044359168227838176 0.10679307400783454
0 0.5957164375149474 0.636626935091053 0.016819389498963614 0.06997795463011641
0 0.7931597962671397 0.6555956661291391 0.022843030034279392 0.10118546777841989
0 0.8711835900131538 0.8863690530422486 0.019984031210140404 0.0776590661399948
0 0.6924303015884088 0.8036621608523892 0.03133734878228638 0.09126126077983567
0 0.7006016166842713 0.64886896326385 0.02754662961375956 0.04594278236696402
0 0.7870740306620695 0.6306263565509767 0.025582449776785764 0.10304698529858052
0 0.4202469806281887 0.6261152570117292 0.031250155701929176 0.1191167174683484
0 0.9392132661780532 0.688551084607316 0.020776709731744246 0.043449011351699866
0 0.9711045245735013 0.6795949329653903 0.013618624940210518 0.04801959995618231
0 0.5345405267209422 0.6332116797802217 0.02232244063396844 0.06728994982947453
0 0.9934184794523278 0.6900484469029811 0.01316304109534437 0.04917957048209025
0 0.8990104830994897 0.6887516780255026 0.019978737344547096 0.02768401158736761
0 0.07453514024582411 0.617214768324314 0.0324566891354761 0.06884626468987158
0 0.06399889099394668 0.9238754325259516 0.02818723718866966 0.09594212016357344
0 0.9091642904416993 0.672112510000421 0.017319123404939653 0.03473830477072712
