0 0.3650109038061025 0.4815079388133982 0.03203777391083384 0.07377969012645005
0 0.31690500220473933 0.4602406642380518 0.037124478087133324 0.08206735161549528
0 0.5380647620376275 0.4319728913557499 0.029719839290696753 0.051194911620820585
0 0.5934094020298548 0.4350909663251065 0.025233054647640314 0.05050078419817855
0 0.6045583608199139 0.6003637788442237 0.03792400749362243 0.07721150698105504
0 0.25970346100476327 0.9002184784075429 0.03029959542410716 0.15763727837770405
0 0.6481744805160834 0.6064535247359775 0.035662203418965255 0.12364265615081708
0 0.9751607155313298 0.4721551050750056 0.029114080935108356 0.06505718874408332
0 0.8566504497917331 0.7192763918471053 0.024354272959183604 0.07929680408068536
0 0.06525774391330018 0.9728902388800312 0.02720165252685547 0.054219522239937354
0 0.7281833570830676 0.6608585935095362 0.02492523193359375 0.0712620704881517
0 0.5136698898004025 0.9538720505708276 0.04589804824517701 0.08840552066385407
0 0.4243981497628348 0.42593879225107567 0.022548130580357116 0.05865807321463745
0 0.9332522956692443 0.7326417564109827 0.015734458456233977 0.08590115026057482
0 0.055229556803800615 0.4574301040134848 0.02437579875089684 0.08808780400810005
0 0.32251241255779656 0.41498902821585065 0.037851528245575555 0.11170602284520656
0 0.49395463904555964 0.42506076544637067 0.01679058464206002 0.06379957135608595
0 0.8622579769212373 0.46453527127708993 0.02533550651706002 0.056407293169620495
0 0.37498193857621176 0.9799721537361782 0.03200359733737248 0.0400556925276436
0 0.3851165771484375 0.4365967418850087 0.016191132214604595 0.03726877318476667
0 0.17840416577397558 0.935744816073291 0.04185750533123404 0.12851036785341796
0 0.3456418562908562 0.44161104737027534 0.02626878388073982 0.1508753987934396
0 0.7034455902722417 0.6411702302713965 0.028117899992028062 0.16728325144089073
0 0.7993374260104432 0.6417857897303764 0.04363795689174106 0.16392496784064078
0 0.789425752600845 0.4751787129986771 0.012910181162308694 0.022336355349024374
0 0.010444747854252251 0.749273719868779 0.018967940491072987 0.11887306403635016
0 0.16926539674097177 0.8214650254549841 0.026462126751335295 0.08290894302389815
0 0.9387470167510363 0.45253835395214326 0.025518300581951488 0.08315961855045646
0 0.6863165874870456 0.44483551369683394 0.018339196029974414 0.08960629883362034
0 0.920766713667889 0.6938509111072406 0.02107705875318874 0.09949433542060286
0 0.7210349258111447 0.43990017365228 0.022670512296715562 0.11086615383735611
0 0.7679564806879783 0.44692538178254587 0.029030780402981498 0.09164257376368078
0 0.9005921032963968 0.44747250894265284 0.01975094542211411 0.08962551022439785
0 0.034572007704754264 0.9107178346982991 0.05009314478660116 0.10841027563424603
0 0.05669728590517628 0.9097062556046034 0.05557925360543388 0.13568144105842359
0 0.6835373859016263 0.41370259374168705 0.025924371213329054 0.09812701436664864
0 0.6337013244628906 0.44878736302593214 0.02498003901267537 0.09495302762551222
0 0.9164092394770407 0.4731288576027224 0.0204589220942284 0.03820814394760921
0 0.9877330235072546 0.7291015608139231 0.02225572235730241 0.06444692897911118
0 0.16550001319573848 0.8707580093888364 0.03992867956356127 0.09731324635178554
0 0.7014999389648438 0.4492269726438604 0.013058876504703434 0.080715399674163
