0 0.51921575896594 0.6040668075396664 0.026351228052256065 0.06751386190129462
0 0.9405153235610649 0.5575831913992293 0.028826343769929888 0.05143485526701358
0 0.4020490840989716 0.5317844134627062 0.035183809241470035 0.14397334230267478
0 0.5835573235336615 0.5147951843826243 0.02988924298967639 0.0534723226282257
0 0.766208570830676 0.7312158074920698 0.04669345155054214 0.13163075243608402
0 0.43232532423369735 0.5676410169329795 0.034689611318160146 0.08885572966979763
0 0.3007253773392129 0.9458784333832246 0.027725346241125107 0.10272467635017585
0 0.7595038122060348 0.523102852216548 0.023198808942522398 0.11579566421850164
0 0.974552076690051 0.7795224190018498 0.024379185267857116 0.0988605582634721
0 0.6421188043088328 0.5225628133971761 0.026288090919961666 0.0474054979130546
0 0.9460975491270728 0.7995234973095238 0.01976386868223867 0.07870602069119105
0 0.7276189375896843 0.7399151889593284 0.037857522769850126 0.17382704861674347
0 0.5399613672373246 0.510031686916266 0.016895683444276114 0.06435153448697482
0 0.9846202305385046 0.5434787845059954 0.026930517079878896 0.09616268278274108
0 0.8820916000677615 0.5598725929643265 0.024408768634406868 0.04108826265602566
0 0.8162425294214365 0.5306114586864797 0.02766714290696742 0.08797200569403456
0 0.23903157759685906 0.9519497190619299 0.02886059819435588 0.07503730751444758
0 0.8373648195850606 0.559445503873491 0.01577462955396999 0.023067050660318774
0 0.3632895022022481 0.5441062020303172 0.03700567751514669 0.07837637972391993
0 0.7800117025569994 0.516689692497982 0.01899859370017537 0.11112795872133034
0 0.47246964123784274 0.5106163094114765 0.020145961216517794 0.06261932950059905
0 0.09786946189646817 0.9698270443653314 0.03313438746393943 0.0484906102611054
0 0.4304882750219229 0.517253646186563 0.017441107302295946 0.03986840558783219
0 0.11551371609004454 0.9741294819081836 0.04083012561408841 0.05343331263391372
0 0.6357337795958228 0.6804970733778297 0.03079013435208069 0.08516171045416793
0 0.7346300274700949 0.5213161719583271 0.01953047149035393 0.11303717348755907
0 0.612498224998007 0.6613758436446755 0.026954495176976984 0.0718406645814288
0 0.033023747254391105 0.8299943529907746 0.03398924336141469 0.1405091973146237
0 0.21502181461879183 0.9044932115940525 0.024186465204978465 0.09959370468324494
0 0.9101887917032048 0.5497230827242451 0.016507518534757612 0.05000221548441593
0 0.36438182908661515 0.5042208374216608 0.035655118981186215 0.12172416692007505
0 0.7321511239428101 0.49709510330645856 0.02817602695452599 0.09031186179592145
0 0.01386942446878416 0.8211177519135997 0.023829932542030616 0.13237915487050433
0 0.971415461326132 0.5608018943085545 0.014382498604910766 0.04124897587680537
0 0.20840328855735415 0.9772577838543757 0.03699275425502231 0.04690594450948445
0 0.012761271044160012 0.927912341407151 0.012953806817306669 0.141501520394254
