0 0.6346132317367865 0.6236332778156318 0.030921313227439358 0.05370299180990531
0 0.7833074452925701 0.8469588060013712 0.039097065828284434 0.1772829790790827
0 0.48313678040796404 0.6780832614959048 0.022160744180484686 0.0874372665686703
0 0.6937036319654815 0.6300209990029615 0.026613507952008852 0.044847600600298715
0 0.48009537677375635 0.6271691011651354 0.016170268156090562 0.0432078752743551
0 0.4116376370799784 0.6514173211273923 0.03276591398278059 0.08405367692953422
0 0.5250157726054289 0.6153270673975599 0.024722663723692636 0.06520465272984415
0 0.7871154473752391 0.6352817402595804 0.022478998923788334 0.10701089143154598
0 0.08249527824168303 0.9327262428589267 0.02984693585609903 0.13454751428214667
0 0.8899239520637356 0.6660876690944599 0.013266894282127037 0.027318067716144524
0 0.8691146227778219 0.6430007445816128 0.03206151845503842 0.08872774205951463
0 0.435025507090043 0.6352675635781102 0.027634289799904302 0.13773427753225756
0 0.8199731476452886 0.6345886065295647 0.025061626823581002 0.11383477743569916
0 0.5902995673977599 0.6175317401047111 0.018929773447464854 0.06697514800542463
0 0.016702004841395786 0.9435282402991937 0.03340400968279157 0.10521164531597435
0 0.4138825864207987 0.6011566130677568 0.028226969193439047 0.11087330842426636
0 0.8188598788514428 0.8513335709122739 0.04676133759167723 0.17203177727167743
0 0.9900294712611608 0.6695971264662759 0.019941057477678648 0.05227803658361863
0 0.9631960343341439 0.6593601712750696 0.020360829878826665 0.05010781188751689
0 0.26673297492825254 0.9825931174076243 0.024799580476721938 0.034813765184751565
0 0.9943589191047513 0.9083336348566415 0.011282161790497522 0.08938251925415058
0 0.6825271139339525 0.7836750273645724 0.036949624820631376 0.10124747419830857
0 0.666679927280971 0.7711828205115305 0.0337225466358418 0.07477185909084316
0 0.8545489408531968 0.866039294336842 0.027554881816007792 0.0643290107874427
0 0.777171076560507 0.606677039330747 0.01693865717673787 0.09323857661406186
0 0.02433802400316511 0.5867111046189605 0.025389428041419203 0.13064447938127444
0 0.8036997269610969 0.6387880178149917 0.010913459622130134 0.08785859224227247
0 0.9354754856654577 0.6676940063481558 0.023778954330755754 0.04315315593372692
