0 0.36923334549884407 0.48693403052305345 0.029455535265864155 0.0651647725324371
0 0.5378951247857541 0.4318725946466566 0.030218319017059934 0.050668519513518265
0 0.25222647325170494 0.9083132231691371 0.048330941710078554 0.17254212207345648
0 0.97507009700853 0.4718091675486612 0.029013497488839236 0.06500670915866126
0 0.043393097361739796 0.9033735187426022 0.039165144063988515 0.1331781305939458
0 0.5927605142398756 0.43711531694364975 0.023103519361846316 0.047355945774083766
0 0.42467607770647325 0.42563001882895934 0.021980908452248052 0.05865701327583585
0 0.9235699712013713 0.4460209890001533 0.0226256701411034 0.10061005350154753
0 0.49382887081224097 0.426318912803769 0.016671472666214944 0.06432132623113165
0 0.3240108100735411 0.45913448560632086 0.040992269710618624 0.10108662848517869
0 0.1788856350645727 0.9369624207715314 0.04246392542002153 0.12607515845693745
0 0.7990419037488041 0.6331735219833672 0.034258161272321355 0.16738871535164146
0 0.5143283532590281 0.9531457275070895 0.04659543718610495 0.09069684336802912
0 0.3848679211674904 0.43744416295681976 0.016677389339524878 0.03920740125273744
0 0.7277441219407685 0.6609225210685026 0.027010080765704762 0.0700937529441819
0 0.6498418924759846 0.6053067371989135 0.030296092130699937 0.12630482494317194
0 0.3236117849544603 0.4081035332688595 0.03825720962213009 0.0914259487711211
0 0.8869631241778939 0.6757091310728615 0.018740439901546654 0.09925174192740614
0 0.013768070920651809 0.8816040967718786 0.027910865083032737 0.14417340575146073
0 0.6013892816037547 0.5956246599703002 0.030845719940808293 0.0846912301186454
0 0.7019131718849648 0.6405758695884471 0.03276653679049743 0.15668386342574142
0 0.885253346736094 0.7414919351499445 0.030492383526775815 0.03954755107004869
0 0.7675664473553093 0.4496073581812541 0.0289764404296875 0.08654771292949885
0 0.9414967906718351 0.7166282672438704 0.02337194948780303 0.10728978782869457
0 0.8611573978346221 0.4649854802830334 0.024518382792570292 0.04777130929192745
0 0.90142822265625 0.4433347066000639 0.023239447146046036 0.09664468995272998
0 0.6869609599210778 0.445515596930356 0.01904608278858419 0.09617725694126197
0 0.7235683519013074 0.43997516432248723 0.02121750189333543 0.11031949040047483
0 0.879869422134088 0.46703169213935797 0.02553791902503205 0.05176635112718744
0 0.7892590736856266 0.4751740757664205 0.013563817861128806 0.02164408281928492
0 0.349012413803412 0.43717851579469014 0.022241709183673467 0.14704160014836015
0 0.6339845073466398 0.4449784066965132 0.023355367232342113 0.10419675391352386
0 0.6790232755699936 0.4171461361692837 0.020235645527742388 0.0883971736457922
0 0.0715041987749995 0.9761054307420766 0.032940076321971656 0.047789138515846714
0 0.987673856774155 0.7343829046309963 0.022672069316007612 0.06673334946632906
0 0.37703716511629065 0.9842334389491437 0.033447421326929176 0.03153312210171265
0 0.17344374112991615 0.8740461332388544 0.030179579347985177 0.10294086486321274
0 0.6955988358478157 0.3926082879295128 0.013909009038185642 0.041333505996226164
0 0.01712080368742183 0.8121401030275738 0.025604986007557163 0.06257851321819793
0 0.7127962696308993 0.40484985237908416 0.012089009187659436 0.031025071182092783
0 0.6820318939396869 0.6664734859461025 0.026700823081894143 0.050051368509786365
0 0.7017612767188987 0.4464537010976639 0.016951254806300897 0.0696594427244582
0 0.15901301404476112 0.8170407711434312 0.023015996117301533 0.05364624135699446
0 0.09872111117226474 0.9758506761129465 0.03552468965931321 0.04427943731053513
0 0.10018675243445141 0.4744601957421047 0.0277905408409788 0.10783472908889113
