0 0.09636772165493089 0.6387254151795273 0.03310218635870487 0.07386302781471915
0 0.9031296554876834 0.6662554044097997 0.026124136788504514 0.0554185027601572
0 0.31348341338488517 0.608194672955991 0.028815288932955957 0.050458651630818356
0 0.49757459212322624 0.8351667218498172 0.03252854639170127 0.07184583178308607
0 0.6428306735291772 0.8582311226631321 0.028667060696348796 0.08471560871108041
0 0.12469777282403438 0.674900662752006 0.033431987373196366 0.09908705393612086
0 0.6578974821129624 0.649399263895483 0.02600549191844706 0.04651024710282508
0 0.7376719883510044 0.6496329141550419 0.028835374481824008 0.06586115232503245
0 0.2709013880515585 0.6011168653627 0.016846637336575248 0.06980438965136837
0 0.21190709483866788 0.5972196691280549 0.02191765454350686 0.06584406081185808
0 0.6777029232102998 0.9076102266246076 0.017242743044483446 0.03622976817458164
0 0.6881551937181123 0.6538256345767844 0.017317791374362252 0.04219801858121179
0 0.5363471362055564 0.6265969329508425 0.025719000368702106 0.08711584012711088
0 0.5489545160410355 0.8255615564304891 0.04290327733876748 0.14323112015691392
0 0.9617563364457111 0.6533497220549042 0.027916110291773016 0.09763255291574198
0 0.2180534284942004 0.6831575197696322 0.0318007955745775 0.11346101651581486
0 0.37205785634566324 0.6091697504072097 0.02589696767378829 0.05120113876127954
0 0.10087612697056363 0.5824397499873807 0.019929730162328612 0.053376398166688536
0 0.45840796645806764 0.8268424924721197 0.03959064094387757 0.16711975588075692
0 0.5991323432143854 0.6521967736235563 0.020725172393175992 0.03950285919365975
0 0.5360884374501754 0.8429466726529369 0.016604987942442636 0.0679423421618071
0 0.945299109634088 0.6787108777587517 0.017979680275430506 0.03464873695977187
0 0.7042072841099329 0.6309712341385195 0.025087629045758942 0.08346965064989952
0 0.4929657760931521 0.6177406805409598 0.026972400898836048 0.11255039659296338
0 0.4069178834253428 0.623490053585077 0.02200644356863841 0.10960297177065076
0 0.3439827743841677 0.7537817058377971 0.02935674239178094 0.06789040516053287
0 0.5646537080103038 0.6427892867907106 0.02072003422951213 0.03868670631649319
0 0.3653484266631457 0.7693745980392335 0.029997144426618317 0.09480967090260728
0 0.4605702769999601 0.6225313389391068 0.019808399433992388 0.09734689940873363
0 0.16480183114810865 0.6114630604966375 0.014635825643734066 0.03691939085731723
0 0.05985013806090062 0.6694286624430101 0.04680349388901068 0.10722738393175549
0 0.6296007584552376 0.6447408991089999 0.01673538830815523 0.05123161200182311
0 0.6924830066914461 0.8667729044798406 0.02433325319874044 0.09656466457321565
0 0.12735345412273796 0.6069565319434714 0.03715783722546636 0.12004919862898109
0 0.4504747974629305 0.5944956264081616 0.016460262999242695 0.0983334374482437
0 0.9945320596500319 0.7581157955971917 0.010563130281409526 0.10796642626111166
0 0.7321084470165019 0.8729210794980278 0.030994960239955294 0.11093849466055948
0 0.4734622084087571 0.6125029063008602 0.012807814474538007 0.059579167635433576
