0 0.36641412851761795 0.48679875583351023 0.030505666927415503 0.06766808299691505
0 0.5379550311030173 0.4320129040455072 0.030269233547911386 0.05043506799248463
0 0.9748537491778939 0.4719751142172734 0.029207813496492388 0.0649747785022656
0 0.5931988540960819 0.4364084702553896 0.023836252640704672 0.04762649515317049
0 0.42447109611666933 0.4253739111160433 0.022785108916613492 0.05878579584021997
0 0.17959378690135722 0.9365250635235562 0.04185567583356584 0.12694987295288762
0 0.32311571860799987 0.4592321987145855 0.039303993692203436 0.10314993185467769
0 0.49391053647411115 0.426011729289855 0.01689342576630263 0.06386727494703269
0 0.8814497967155612 0.740678146157894 0.022671757912149256 0.04744113835525552
0 0.6022733960832868 0.600130989784941 0.033112506477200244 0.08195367317903277
0 0.25546534809333654 0.9067239509936684 0.042724498177069636 0.1790674791378841
0 0.5155958058882733 0.9523930384656637 0.044154264488998674 0.08365302006256159
0 0.38484285315688777 0.43770689528724527 0.016867657097018502 0.03899779835473785
0 0.9234559973891899 0.4469314764306546 0.021236808932557364 0.10250244173930222
0 0.8608802484006299 0.4657838791852745 0.025371006556919616 0.04981818361000289
0 0.7266449441715163 0.661152196557556 0.023448399135044616 0.07205092994117929
0 0.05098600776828065 0.9138359096676556 0.04242642071782326 0.13569204044643873
0 0.6504184177943639 0.6047772315213816 0.030215983488121812 0.1288811386926042
0 0.8820613938934949 0.46479416132935986 0.026134257413902975 0.05350544571577299
0 0.7681072780064173 0.44825381633171957 0.029050087442203436 0.08714286856654944
0 0.6849130812578835 0.4476707328822143 0.019763712980309312 0.096702721602113
0 0.6333375269052933 0.44589584997539944 0.026061388911033198 0.10163130453680723
0 0.7007194051937181 0.6393352112212738 0.034501056281887744 0.16678057546427213
0 0.02129858367297114 0.8785550517051304 0.03602063412569007 0.14630838748241212
0 0.7231593229332749 0.4388854809883548 0.021484686403858356 0.10783327144917133
0 0.7971280156349648 0.6329266887349644 0.03444111103914217 0.16156488160671756
0 0.3220119087063536 0.4069625753952038 0.03529747164979272 0.08994057703314817
0 0.34796531832948024 0.4358967847989582 0.023350618323501285 0.1390088539410793
0 0.9010473757374042 0.4432192395168738 0.023834539919483356 0.09479138695828121
0 0.7892119738520408 0.475097428941836 0.012983828174824628 0.021040050194771655
0 0.8992366401516662 0.680225132829066 0.026146090760523016 0.12092762291073657
0 0.930073796486368 0.7140736159936941 0.02803973762356498 0.10429002852805722
0 0.00644499489239284 0.7552222951614062 0.01288998978478568 0.10400808480685428
0 0.3767948929144411 0.9839738201889475 0.031654825015943876 0.03205235962210488
0 0.9879977946378746 0.7330683817785927 0.021774914799904392 0.06493794562891299
0 0.6794252979512118 0.41648440312626295 0.020464215959821442 0.08529009554150141
0 0.06960308308504065 0.9758650896188331 0.03288391658238001 0.04826982076233368
0 0.6960776192801339 0.3932137117237031 0.014072963169642882 0.04356984437507254
0 0.1616040833142339 0.8411506063537698 0.0369244400335818 0.09737896255747946
0 0.05658908766143176 0.8594460775143686 0.03252959737972337 0.06231009235525705
0 0.7109036879862805 0.44144299569044576 0.014067407290353419 0.10340858665501866
0 0.17063514771905547 0.8720827283351631 0.03641603762296915 0.09384849665332726
0 0.09572215603751892 0.973456811984276 0.024970997227178854 0.048694974678613306
0 0.09754295791866738 0.47234125438254776 0.02653168455387752 0.10181676523710025
0 0.697887349588759 0.4497644933951907 0.013005727722488971 0.09030704394942807
0 0.6828007054306717 0.66889187944895 0.029653059207274846 0.059319332790310646
