0 0.06136829512459892 0.391825456878419 0.028586270857830443 0.051144697020098856
0 0.4743627431441326 0.4253305198713563 0.026330908950494246 0.06589374544317901
0 0.7084176199776786 0.44628749736255924 0.02490826042331002 0.052475980154801594
0 0.635674067905971 0.43893079337211954 0.02716531558912633 0.055604919496873705
0 0.6762540389080436 0.4449815202667426 0.02351067990672831 0.049166321247071286
0 0.24105928382095024 0.617587651876491 0.03379588224449938 0.08887321866002255
0 0.707235219527264 0.8366406992456739 0.06322027712452169 0.1390454218297315
0 0.11524788214235888 0.3961358967533047 0.024456374499262593 0.0417335004014479
0 0.31136311659463867 0.5758368034219473 0.031616833114143976 0.18455561844931065
0 0.614655708780094 0.8187588692023661 0.05872936638034127 0.1605968924962341
0 0.5580523743921396 0.5885807041724826 0.03285326276506693 0.13402661160455834
0 0.8838472950215243 0.5856366579050998 0.025743912677375618 0.058727499206136624
0 0.2815992394272162 0.40462527784551316 0.026103350580955028 0.08676023065920263
0 0.01895210207725058 0.38433288198286014 0.016498059642558197 0.05752234878881413
0 0.2004807823730492 0.6035612902109974 0.044181142768957946 0.13395362278656137
0 0.9274038976552536 0.6246859295378863 0.026206658810985214 0.06124644376793684
0 0.3477175187091438 0.6095378141560357 0.023716362155213614 0.10443444518976354
0 0.11671388209843653 0.583327206073858 0.03660365764130449 0.07833221886832682
0 0.7313931523537148 0.5028882956096313 0.022062963368941306 0.05861315830792323
0 0.6548706171463947 0.6644607292803096 0.027246319517797383 0.07886037427916173
0 0.7318972460803781 0.5933572255125822 0.032831931600765314 0.12508867766078371
0 0.6762770163894746 0.5857271807534354 0.021689301632584496 0.09592531763751426
0 0.7927258549904337 0.5368559556432546 0.014858167998644742 0.0927430552243536
0 0.5149765014648438 0.6837255807210691 0.023535747917331002 0.053163085482883704
0 0.277574500259088 0.5972857165646244 0.03175120451012438 0.11367790649307485
0 0.6557399204799108 0.5875121533682054 0.024248862753109064 0.12061984318124659
0 0.39948626926967074 0.3976156375663946 0.021569466104312856 0.0963724181730909
0 0.2344764081079403 0.3901189383563983 0.025250804667570157 0.10494798553909754
0 0.1494654149425273 0.4110866647795482 0.026032700830576377 0.09328706881423117
0 0.6242585474131058 0.5710200355860339 0.018628178810586756 0.08737261030177791
0 0.37048456620196907 0.4182488699999098 0.021171258420360304 0.04936386734120368
0 0.9713275675870934 0.6564010871259404 0.035243131676498764 0.0696997206947187
0 0.24479959448989555 0.3882871161742618 0.01829077272999044 0.09509956416482167
0 0.48568756726323337 0.6845437209834884 0.024356764190051082 0.08362917143952746
0 0.9843106951032367 0.6469521964336604 0.029979472257652975 0.11642301549664838
0 0.30128031360859775 0.4291428547557051 0.013282931580835473 0.021919799400028993
0 0.19951627191432203 0.4011417056765777 0.02214244920380263 0.09009850791457386
0 0.40781091434444494 0.39834719407796526 0.017110707808513988 0.0879172863534063
0 0.7183124624555243 0.5620399637393286 0.03373226745529315 0.0976879240469799
0 0.21763389465560184 0.4004118005664513 0.010935141115772463 0.07148200778946613
0 0.200869015284947 0.35625059839082335 0.02612304687500002 0.05793784479900802
0 0.4257826210492888 0.42951416543406523 0.02172786682489011 0.04266697007623165
0 0.12274155538098978 0.5553002450980392 0.02863969625556429 0.08285984848484851
