0 0.6608927395879006 0.8169484937293788 0.05407057003099095 0.16395292372653072
0 0.03529645228872494 0.3899619519730056 0.029900487588376413 0.050969277148448164
0 0.6076294256716359 0.43571156049339343 0.02504379895268657 0.053385937615902254
0 0.6807650352010921 0.4440592410170744 0.022924306441326578 0.05203743047567482
0 0.4474643785126355 0.4241137763733922 0.02709057866310588 0.06464063279508801
0 0.5846037572743942 0.8188338598725734 0.060404018479950645 0.1483508895529315
0 0.8008246908382494 0.5426118208125313 0.024559488101881286 0.0649934599236423
0 0.647946377189792 0.4422010358056686 0.024543061548349815 0.04970861243639628
0 0.08878448788000612 0.3941387733127253 0.024299159341928906 0.044564066970893504
0 0.21628632837412307 0.615560717657119 0.031027424092195468 0.08807455477308108
0 0.8660943167550222 0.5846848991075145 0.026632192183514165 0.05363502323425824
0 0.7031172927545041 0.5206252452680069 0.021215633470184934 0.1016881437550384
0 0.6110011120231784 0.584333993118038 0.018057531240035056 0.10403683564684527
0 0.251641735321345 0.5991254710659214 0.028682737099761123 0.1146596108624929
0 0.2837184594602001 0.5893515446658844 0.03315820499342311 0.1617797841987247
0 0.3441379313566247 0.4160910333385507 0.02090469671755422 0.047536665339742115
0 0.17690466907886207 0.60302360953032 0.04103086525733351 0.13436933033423756
0 0.5155570361079002 0.5909395979752541 0.027384543905452727 0.1330280167611811
0 0.3157023556757292 0.6214369968402687 0.02390599274578382 0.12568778509795978
0 0.9008896496831156 0.6274751584940728 0.027735807457748583 0.05121253310339584
0 0.6289807533731266 0.57774110752644 0.019880178023357828 0.09843784142019289
0 0.1235889651606033 0.4058085884532842 0.027285489690352705 0.09390841508015962
0 0.4862217416568678 0.6793599577823295 0.022725708630620265 0.04817845828405928
0 0.22637009134097974 0.39318840568481705 0.019825993751993006 0.09327832431911866
0 0.37279856934839367 0.394417007248123 0.02100450165417732 0.09478211249376797
0 0.20667463419388754 0.39142234890296784 0.02216424747389191 0.09935362854470182
0 0.7229504805123496 0.570077172212571 0.027851557845480705 0.11568329118171028
0 0.25395420619419645 0.40286538195794785 0.025169839664381372 0.08760871166981526
0 0.549907956804548 0.6579079888708191 0.017352123649752877 0.02987702496770195
0 0.46346679998903856 0.6756681246904779 0.026370457240513366 0.06910973225932546
0 0.962001352803837 0.6504871839517361 0.03150079706292551 0.10906354467533333
0 0.3871047350825096 0.3973390597853743 0.020781847895408198 0.09144595511599975
0 0.08876047485119729 0.5801631522606563 0.030400507383142324 0.07092805789586284
0 0.9411226902635067 0.6569740778495708 0.02645562619579072 0.0654267099087615
0 0.27605418769680723 0.429307211516115 0.01657641663843272 0.022641485231510484
0 0.1780463238151706 0.4010816374473485 0.019202796780333237 0.09047001646450484
0 0.17467486615083655 0.3699162568664051 0.026271829799729956 0.09909844827823704
0 0.5723152160644531 0.5735306331297723 0.013573782784598266 0.08647616706039662
0 0.45554122146295045 0.6742109075769201 0.017439005326251547 0.06544221151373368
0 0.1914783393932024 0.39757599425422996 0.014153227514150097 0.09521907226469241
0 0.6281326449647241 0.6499020061182765 0.023700480558434312 0.07772027760578219
0 0.7034537019765339 0.5850979795992584 0.021773284606714745 0.1264240874215299
0 0.09826625043438647 0.5516569588294933 0.025406133098934996 0.07454823767966126
0 0.9293783122932411 0.6373804323265798 0.024894061936426036 0.07531821947729155
