0 0.2122524417176539 0.40148620283865166 0.028369280756736278 0.05236071181013691
0 0.058223310781984915 0.3915400683561111 0.02757334222598952 0.06614124115333274
0 0.7894530004384567 0.6024949182970197 0.028731054189253896 0.1316377745306441
0 0.2825795387735172 0.4072981785182335 0.021683673469387748 0.04666566062959721
0 0.2815302634725765 0.5564999339440809 0.023504140425701533 0.06577264743510594
0 0.2009518681740274 0.5934517191810196 0.019117394272161983 0.09097388487227497
0 0.2518501865620516 0.40867457529817575 0.02504037351024398 0.043123345154934316
0 0.529316571294045 0.6107278604454366 0.028980644381776114 0.06750326251327946
0 0.7293539241868623 0.6382756698968095 0.024291525081712378 0.06467150351268215
0 0.6380580979950574 0.6659973093116308 0.023482030751753806 0.04528058560071758
0 0.06096418536439233 0.6321704224000835 0.028758340952347732 0.06401672631804627
0 0.36194949247399155 0.5094463357131294 0.021835872105189714 0.10152809299600965
0 0.23035417284284318 0.7700098988583914 0.04527956125687582 0.16700607744429455
0 0.38698531170280615 0.5237147018897225 0.022950775769292095 0.12122069598935542
0 0.41175616517358904 0.5727130228367537 0.030980791364397308 0.08633082295223886
0 0.19041024789311783 0.7754474808848667 0.04718915655088117 0.1574530480928945
0 0.30588698873714526 0.4789765399706802 0.016458316725127566 0.09193816419695316
0 0.5248001254334741 0.5712146668484621 0.026818567392777444 0.052189796678392596
0 0.48708366861148755 0.5951831954594693 0.016346055634167758 0.024390251761659976
0 0.6730602030851404 0.6591788554938355 0.013975182358099504 0.02448511628439553
0 0.5484681421396683 0.6170378086232051 0.01504283048668688 0.03796859777846686
0 0.29114826121519727 0.48512600467514166 0.015052377570075891 0.08805917576611484
