0 0.5269863362215003 0.4319819008355628 0.024112779266980258 0.04695263906010734
0 0.1959588187081473 0.5908816988182213 0.02202785258390468 0.09974911821001707
0 0.5604748628577407 0.4351509191135672 0.02410047881457277 0.0516571774306314
0 0.3302321920589525 0.4125507052491407 0.02720556453782684 0.06211188379937376
0 0.13326483356709382 0.5855195346675325 0.029378657438317125 0.11582057278033729
0 0.4881951468331473 0.42673427632161265 0.026927558743223886 0.053421445565753005
0 0.16651217791498926 0.5771415796418332 0.03248518340441645 0.159638972804365
0 0.46580379882622647 0.8002568985088886 0.0507938803948208 0.1644083203443489
0 0.6655255531778141 0.5316159494394403 0.01831039117307082 0.05649010088848886
0 0.7380515896544164 0.5747808971923342 0.01987317143654338 0.05244524192955762
0 0.09661244372932278 0.5819580740482672 0.03525296036078005 0.11526383992484157
0 0.46152122653260524 0.6184240098370614 0.02040395931321742 0.040702709916974576
0 0.697405456593479 0.5742209109349069 0.032092681362978395 0.13461183846579383
0 0.8139797911352039 0.640020991625854 0.02916110291772964 0.07502273335592669
0 0.7742634987344548 0.6231128478640879 0.02474819884008295 0.0422351164392648
0 0.9232915761519451 0.6774986390006942 0.02457723812181126 0.08265124540277981
0 0.062420124910315684 0.38985297701497484 0.019023895263671875 0.09971029795141156
0 0.22889355250767301 0.4053959858465648 0.025498137182118935 0.044590565440931346
0 0.5038839715147013 0.7950031545150563 0.04857466335789842 0.1761747715525907
0 0.36508435619120694 0.6559255058349357 0.030334083401426966 0.07909197090729278
0 0.09701699626689055 0.3847135325049542 0.021794883572325414 0.1080414169313189
0 0.42659845157545434 0.5748419099195964 0.022280478964046564 0.11063031745401909
0 0.5633719697290537 0.6305805141978111 0.026993109255420946 0.07128353424888244
0 0.011430350797516958 0.3875801369936513 0.01864461570369954 0.09974183113075659
0 0.3845963039521654 0.5807829445072108 0.01952261814328961 0.1104237845979701
0 0.568884090501435 0.5595556712626735 0.028493453045280632 0.07322414970210603
0 0.2753545800033881 0.6237673600740233 0.022630496900908816 0.10719373087480731
0 0.25687828842474486 0.3835721109080728 0.021829021220304532 0.09327620444151559
0 0.14160044339238378 0.3885885362709426 0.02844590556864836 0.09488148175640991
0 0.5818128780442842 0.5063569453375888 0.019583955103037315 0.09524265590302614
0 0.9947942616988201 0.6760919014725586 0.010411476602359774 0.050722576392395635
0 0.3347644716526262 0.6364558362529964 0.03467237316141613 0.11156186612576063
0 0.4385419463223097 0.5710562054548107 0.02431654617760347 0.12250127155395964
0 0.6589129700952646 0.8643024521182098 0.016445549166932454 0.04119266662797477
0 0.07757680756705147 0.38714834442438417 0.014769213540213455 0.09723507586517387
0 0.8253295930694073 0.6171289836420777 0.026861529468209615 0.0638272492071333
0 0.26673655607262436 0.3889281141644779 0.020269121442522353 0.08591916922020057
0 0.06027884386023697 0.3521161083569891 0.024139851939921478 0.07587068439713864
0 0.8478054931675377 0.6320651078877781 0.023087541399764686 0.10403435210438178
0 0.13378670750832072 0.4126422574631215 0.018955658893195955 0.04283583675502338
