0 0.15504241476253589 0.5842381349026761 0.06120685655243542 0.1492359384521964
0 0.16553675885103186 0.19234639872607476 0.020540363934575298 0.09814032984784267
0 0.20518396338637993 0.605336481731531 0.05029234594228318 0.11173132888409264
0 0.21236415785186144 0.33893119837406954 0.030933068723094724 0.12118916281001035
0 0.07450804418447066 0.18766196606969204 0.02111228631467235 0.09679321387729233
0 0.13834126141606543 0.20612464257622995 0.021768394781618704 0.08976065242159098
0 0.016363555071305252 0.19526719258599934 0.022062715218991648 0.0693265559904104
0 0.37884054378587373 0.3206336735820427 0.018816967399752877 0.09827673072236265
0 0.2375172595588528 0.3351250906301796 0.020317700444435597 0.12366968459025567
0 0.4195270538330078 0.33595860000522093 0.016611683125398638 0.0893994782749748
0 0.895284146678691 0.4649398366683931 0.02159289924465873 0.12414056240282867
0 0.11900166102818081 0.20125014964350052 0.021365340875119578 0.1017618757479188
0 0.3392001560756138 0.32382687171395663 0.021567675532126903 0.11205235784860153
0 0.021553217148294255 0.4098899938726378 0.02147800581795829 0.1124088947629611
0 0.4491664955411258 0.3731282026658708 0.019457602987484064 0.12129277182785844
0 0.7599794037488041 0.45935521786173633 0.03379572654257011 0.13280821195221698
0 0.7395819060656489 0.4444893774319642 0.023277594118702196 0.06992840249114564
0 0.14965121600092673 0.3712020288788178 0.017655625635263877 0.07513826668529185
0 0.461700050198302 0.39165387928492373 0.012862692073899876 0.0370226023981148
0 0.17128757554657603 0.3960252656408966 0.010595905537507968 0.01938919551141215
0 0.15967017777112066 0.36437907032111605 0.01455343986044125 0.060880367404363665
0 0.004321677344185966 0.4089005410014237 0.008310105119432722 0.07352397989058462
0 0.43732960584076525 0.370242214532872 0.015306593965158736 0.11845312991506762
0 0.4298207106880459 0.3763860490720352 0.017617023242918497 0.03637150047184647
