0 0.15576779112523917 0.5848167289959529 0.06395655262226961 0.1472922756749184
0 0.16541560815305126 0.19202076565239684 0.020022100331831955 0.09721785185964922
0 0.2645870520144093 0.33739998428293105 0.03310005032286349 0.12290308385205999
0 0.15613734965421716 0.3669228571985768 0.020299950424505754 0.04607606967125452
0 0.07459257573497538 0.1884198223127752 0.020559729362020687 0.09666827359106372
0 0.8963954691984215 0.4759441875518962 0.025027216697225744 0.1006753722301909
0 0.016834358475646197 0.19540922438540237 0.019695861607181783 0.0699369482477328
0 0.42119863081951525 0.33417372930964495 0.023896509287308694 0.09535182959958222
0 0.13810123716081893 0.20087108902960873 0.024643275202537084 0.09144681631627592
0 0.7673420808753189 0.4576223504136096 0.05146945252710464 0.13267147984682157
0 0.7388557901187819 0.4535912706590981 0.023815544284119864 0.07532640582256077
0 0.11703317019404198 0.19810600680424426 0.020818651938924983 0.09799293210825702
0 0.44895907937453194 0.3759132063866722 0.019084112580641424 0.11664844195523513
0 0.09520153123505261 0.38878687731917605 0.022266796657017307 0.09101720987078686
0 0.3370651712222975 0.3240120297733462 0.020428793770926344 0.11212642107235743
0 0.22620709088383886 0.336904595385573 0.01979971905143894 0.12077644913917046
0 0.23149190630231584 0.3527002671289741 0.017097784548389696 0.09278770514636742
0 0.1716592944398218 0.40041374351004383 0.010010777687539859 0.01611477956883219
0 0.22933282657545437 0.5905234395033093 0.07227551207250478 0.14492914211694086
0 0.003494865432077524 0.40348133889397814 0.006989730864155048 0.08968407184318153
0 0.438329310816719 0.3696130858760617 0.010130343756331546 0.11796162315193463
0 0.4297361270304497 0.373541405048467 0.01720324913413768 0.03033595304276666
