0 0.42817597339986513 0.35673703982710653 0.014905155985997039 0.07473155055701264
0 0.1504134547953703 0.20127976168376782 0.021275033756178247 0.09079018422873744
0 0.15421916027458346 0.36702275643061955 0.021492549351283485 0.04958446710426893
0 0.1544159480503627 0.5874812826506113 0.0516697630590322 0.1548883270959751
0 0.0740540465530084 0.1895809852698348 0.020821649201062258 0.09446545577681532
0 0.4489415220783063 0.37345887718183784 0.021217190489476984 0.12042282705651496
0 0.3378372808131437 0.32348582105294166 0.020069355867346938 0.11079407799885305
0 0.7020160130092076 0.40142128158705886 0.02042529047751912 0.09808329189108611
0 0.39885719455018337 0.3224398755459992 0.01617618482940054 0.09683971869220875
0 0.25263136260363517 0.33905792730702566 0.021760823775310908 0.11450227389595308
0 0.8962478637695312 0.4752483377287017 0.021129374601402975 0.11016712419775705
0 0.12107551341154138 0.2015302715948884 0.02104338821099728 0.10263360916598974
0 0.03055281116037953 0.19589961169654072 0.02274181283250147 0.0715857492996644
0 0.27830353561712773 0.3579728664509349 0.02001306961993781 0.07707119758220446
0 0.017100413234866396 0.1966227549438743 0.019666620663234165 0.06440651881230343
0 0.7596827137226961 0.4566733739553782 0.028393181002869954 0.13281483656972642
0 0.6929718328981984 0.39980176134451917 0.027194587551817546 0.10106105746159214
0 0.20083696015027108 0.3432325625229673 0.02220079850177377 0.09921053680649725
0 0.2239877934358558 0.338734182249338 0.02167059450733419 0.11656888957420683
0 0.4379072131602052 0.3697836918753149 0.009530520770759202 0.11360403049488899
0 0.7383889957350127 0.44603967042153 0.025199734434789484 0.06447620978850305
0 0.8946256053691007 0.4990254148936851 0.015371205855388988 0.054650709590809865
0 0.4132680935690239 0.3337765032359913 0.016699265460578743 0.12323047244937818
0 0.3004118165155085 0.6498136444660508 0.04380013806565259 0.14746394425538803
