0 0.15431068381484672 0.36656519409924054 0.02197987692696708 0.050224140170983186
0 0.13990545272827148 0.20495930611013935 0.023120471409388933 0.0916056083979779
0 0.15073885236467635 0.5923075814909593 0.05947027401048311 0.16268642935107056
0 0.3978023139797911 0.3200794580812006 0.017355938347018502 0.09501675644595331
0 0.8958363435706314 0.4754804643262334 0.02049566774952178 0.10878893877108727
0 0.07420319926982023 0.19042578961772974 0.02050975877411512 0.09349064331029708
0 0.3383528261768574 0.32654216993873747 0.02048476861447703 0.11240743734710905
0 0.11929218136534399 0.20103597575941942 0.018336996740224404 0.10201427367502952
0 0.2536820392219387 0.3387469015149561 0.023502933735750155 0.113610865363879
0 0.44728329716896525 0.3731861018229035 0.021027234135841892 0.11621473752215061
0 0.03289993441834741 0.19647860326686828 0.019976839727284958 0.07242111356760834
0 0.015854627502207855 0.19724016929575675 0.01816386349347173 0.06675719808936316
0 0.2780604849056322 0.3596182889479367 0.02007363767040023 0.07699077472563953
0 0.7601629763233418 0.4575853188017317 0.03612284757653063 0.13276965667831186
0 0.696205578969002 0.4060438216720175 0.028964933739829796 0.10455280962859777
0 0.4142562563124229 0.33571343925157177 0.018586578386264117 0.12445738429288394
0 0.21689064648686626 0.3382894054297522 0.026171820504324782 0.1181387914316006
0 0.20521792586968868 0.33922374148328766 0.01425673037159198 0.08821022693967498
0 0.7375113818110252 0.44451064245416966 0.024831032266422273 0.05134529043828561
0 0.429335933116373 0.3576561306340718 0.0143782964874873 0.0769910236822001
0 0.2980828432517357 0.6463361757479404 0.04331118235281631 0.14669749963867604
