0 0.15647751895065162 0.5807409041487273 0.062230012854751285 0.15210784263490107
0 0.22187739002461337 0.36673670544656073 0.03108285397899398 0.12270487529617673
0 0.20601613180977957 0.6159935039190125 0.05037953902264029 0.09820094509805426
0 0.22092951560507015 0.21704035607745628 0.01931622563576213 0.0482262880224777
0 0.1578529708239497 0.20858138197961623 0.023185496427574916 0.06267736114998203
0 0.015131117129812436 0.4404777078067555 0.025478175708225793 0.10882921644554487
0 0.0390476401971311 0.4010671957811778 0.033331170374033395 0.12390287112658897
0 0.014073354857308523 0.20475646032199946 0.02157504704533791 0.04983289026087395
0 0.012708049647662104 0.3777322455887762 0.01654542465599216 0.05921745591713697
0 0.12904158417059453 0.2016833002593571 0.021500431761449706 0.1095062523550125
0 0.46684560970384253 0.38740418715259983 0.02032766536790492 0.0554517583400548
0 0.15584860042649873 0.36816709285920507 0.021104695845623408 0.044740281796645326
0 0.0632257656175263 0.4309349462843664 0.028141041191256776 0.11501475430648558
0 0.11041405736183635 0.4305384629264248 0.021368065658880733 0.03288738365635446
0 0.10245907063386878 0.19773025849910722 0.020618769587302684 0.08456748226356862
0 0.8953789848687469 0.4684820314391639 0.018758688457599038 0.13037236367090158
0 0.41755913813654344 0.3262731781844779 0.015869374177893813 0.09496561439878014
0 0.40509797546106435 0.3213774856360057 0.01898271210339607 0.11193722199628697
0 0.44818871792259973 0.37628084974150217 0.01692215277224168 0.11843968155888068
0 0.7727074775348015 0.4286504150194346 0.015633404688116803 0.115509977795033
0 0.7432434498982083 0.4473346647827184 0.015545281871328915 0.08207353237352982
0 0.759329868744999 0.4522585673781537 0.023905188045643566 0.1361216063899572
0 0.1712311919854612 0.39943369759569314 0.0089567534777583 0.01610616756606985
0 0.43718034645699555 0.36896760372205595 0.008648212342440367 0.1157009926572798
0 0.4287931983476816 0.3794699698061043 0.008550160048308424 0.026828913383535286
