0 0.7601384162902832 0.5652579590416178 0.014757442474365234 0.03876798569387456
0 0.09238212108612061 0.49517493119413103 0.011947107315063477 0.038018390973036345
0 0.9172793388366699 0.5803111032752052 0.012791824340820313 0.029927977084554514
0 0.7025463104248046 0.5906554531799532 0.016915416717529295 0.07415778639727433
0 0.8566534042358398 0.6063442789236518 0.01810741424560547 0.07818238592650938
0 0.8769301414489746 0.5804552120731975 0.01688728332519531 0.027301676527696366
0 0.7048843383789063 0.5045989596689991 0.010931015014648438 0.029080497142438454
0 0.5982971699409235 0.5800087068573215 0.013577228745603876 0.04132061885758329
0 0.5858314514160157 0.5804732435613277 0.013229179382324218 0.06497432087118991
0 0.027059242129325867 0.5055693685659071 0.00832836627960205 0.02531005573160903
0 0.6609638690948486 0.5128136620292351 0.013081550598144531 0.04484745933470106
0 0.08339811563491821 0.5993357543229777 0.011451292037963866 0.03756560027110199
0 0.7231759071350098 0.5708844273199369 0.01131439208984375 0.04924013019306858
0 0.6344722747802735 0.5488083762272861 0.016103363037109374 0.06721938425043962
0 0.6920151710510254 0.5087208004377931 0.012058639526367187 0.035173422845838215
0 0.6542612075805664 0.562118190394197 0.014996910095214843 0.06319077772384232
0 0.5987865447998046 0.5198040120347304 0.011790752410888672 0.05185340800849941
0 0.8082879066467286 0.573826207365548 0.02539348602294922 0.02865589852908851
0 0.5432643890380859 0.5560505235525542 0.01445159912109375 0.06304623960470399
0 0.910801887512207 0.5792986209059936 0.017089462280273436 0.028585346754103166
0 0.7444739818572998 0.5576411579306492 0.010763263702392578 0.03354243181235346
0 0.06884502172470093 0.5969250445349136 0.00942981243133545 0.035492980885477726
0 0.0555932971014493 0.5611651970029053 0.010190217391304346 0.049271964252340414
0 0.16655344202898553 0.5543690640025825 0.010190217391304346 0.022087432251049165
0 0.5616830065359477 0.5673938195833238 0.01838235294117645 0.06359714655694239
0 0.47411151960784303 0.578887279804458 0.022977941176470562 0.05440237838003508
0 0.4616013071895425 0.5769717031009355 0.014297385620915027 0.06896076132680497
0 0.43224060457516333 0.5639457815169835 0.01889297385620914 0.07509060677807664
0 0.44398488562091504 0.5493873985702136 0.017871732026143762 0.03831153407044728
0 0.5187908496732027 0.5355952463048526 0.011233660130718892 0.0490387636101725
0 0.5256842320261438 0.5532185519772582 0.015829248366013092 0.05976599314989773
0 0.6436376633986928 0.508394057114835 0.010723039215686292 0.029882996574948865
0 0.5849162581699346 0.5183550559731512 0.014808006535947715 0.06666206928257823
0 0.6290849673202614 0.5972768161582727 0.01736111111111107 0.03907776475185624
