0 0.6139987468719482 0.5201463240951055 0.011665248870849609 0.05358156872801876
0 0.8653301239013672 0.620084702199956 0.01842498779296875 0.07948194103531653
0 0.7615612030029297 0.5649736053359466 0.013895988464355469 0.037702124395515825
0 0.5560193538665772 0.5895529564771395 0.015314769744873048 0.06421943118955158
0 0.6244184494018554 0.5197397569698857 0.0097930908203125 0.04628439721021395
0 0.0926749587059021 0.49764209671288834 0.010347557067871094 0.035381071173432005
0 0.13237156867980956 0.49707238755220545 0.011294364929199219 0.03468771752271395
0 0.7791941642761231 0.5580958805777403 0.015743064880371093 0.06171777687206917
0 0.5730386734008789 0.591797304321146 0.01764068603515625 0.07906549952373974
0 0.10749237537384033 0.6204775310485052 0.012138748168945312 0.02205222376905041
0 0.6534895896911621 0.5136052586688525 0.011925125122070312 0.04714032046820047
0 0.5651257514953614 0.5257734363551436 0.013161087036132812 0.050742897310961314
0 0.5508442878723144 0.5247572332026671 0.013488578796386718 0.049027902439917934
0 0.6020864963531494 0.5212984789438013 0.011476516723632812 0.04910832860126026
0 0.25165328979492185 0.5667299581440504 0.011008071899414062 0.02779425098915592
0 0.8455816742641471 0.6113440837742752 0.0173332214355467 0.07348976269416764
0 0.5871422290802002 0.5198684102066237 0.015428447723388672 0.05876891302754982
0 0.6917303085327149 0.5126442232836314 0.012212562561035156 0.029780863038540446
0 0.9069417371159105 0.580368693097598 0.009194512493842488 0.030155765512986515
0 0.696218181747237 0.5862256100318631 0.014734268188476562 0.07206785105876298
0 0.43965864181518555 0.5628340118515534 0.013692855834960938 0.06380413453436401
0 0.658162566727283 0.5698770060764787 0.023432976591820864 0.04943600539372526
0 0.7367589950561524 0.5528510072446512 0.009365653991699219 0.0431576513042204
0 0.7249966621398926 0.562651049489852 0.012314033508300782 0.033990213767584994
0 0.7038252353668213 0.5051459148089463 0.01032428741455078 0.028526243543009963
0 0.8088878631591797 0.5742656891119577 0.021773338317871094 0.029184679073856974
0 0.5407069206237793 0.566653252765973 0.014571666717529297 0.06281998736078546
0 0.8749489379084967 0.5808028565079804 0.016850490196078382 0.026051843167904137
0 0.7061887254901961 0.5823353178707983 0.01123366013071898 0.07202568405244088
0 0.4940257352941176 0.543257553118942 0.022977941176470562 0.06589583860116927
0 0.5384497549019608 0.5233355554023094 0.008680555555555535 0.024519381805086286
0 0.452920751633987 0.5447900144817599 0.013276143790849649 0.03984399543326513
0 0.4636437908496732 0.5658613582205059 0.021446078431372584 0.04367514884030986
0 0.17173631656804736 0.553760830205956 0.024500739644970414 0.032603342189418474
0 0.9168971238938053 0.5824782910913071 0.015555862831858391 0.0321613462117047
