0 0.6811261177062988 0.5118929112782092 0.009536361694335938 0.04138970682517585
0 0.7609835624694824 0.5659671975747362 0.015204620361328126 0.03913748809349355
0 0.2606838226318359 0.5212381593227946 0.012256336212158204 0.03288385317445779
0 0.7024046897888183 0.5908545150846278 0.017003917694091798 0.07374191731389214
0 0.09299918413162231 0.4978906021028722 0.010407233238220214 0.03487418600710727
0 0.6206772327423096 0.5240532896303488 0.012364673614501952 0.04887019847230364
0 0.02225014567375183 0.5028050412606243 0.01097504496574402 0.034013110895369285
0 0.6926519393920898 0.512174760610529 0.010916900634765626 0.03460657582612837
0 0.7851800918579102 0.5538291439221864 0.017763710021972655 0.06008220641302755
0 0.06929899454116821 0.4842087096094666 0.009785723686218262 0.03004360757986518
0 0.8757077217102051 0.580495711367966 0.015301704406738281 0.023482149399179367
0 0.6598886489868164 0.5142712073197538 0.010099029541015625 0.04235109997801876
0 0.9158056259155274 0.5807125901001978 0.014714622497558593 0.030701470682517586
0 0.7051858901977539 0.5045076573719592 0.008555793762207031 0.027236276606462485
0 0.7246590614318847 0.5713052335964977 0.013723373413085938 0.05472513715379543
0 0.8225347518920898 0.6009469965837485 0.01860809326171875 0.07158472166251466
0 0.5578660488128662 0.5905215765359393 0.011748790740966797 0.05686415820999414
0 0.6793787956237793 0.5474140842522714 0.016427993774414062 0.06709345004762603
0 0.08027787208557129 0.6003788616006008 0.012628769874572754 0.03351266554623388
0 0.06933563947677612 0.5971578081495457 0.013077640533447265 0.03728425181345252
0 0.6347171306610108 0.554272775773007 0.018626880645751954 0.07576430612543962
0 0.5390553591099192 0.5788958659089634 0.022288217950374455 0.07667485669321043
0 0.41683473587036135 0.5312444188251025 0.012772750854492188 0.04266021120310668
0 0.44486203193664553 0.5722577541123242 0.01869211196899414 0.07697069854557444
0 0.597930908203125 0.5524982483697245 0.014793014526367188 0.060443551710873386
0 0.9104286193847656 0.5798134485135185 0.012933349609375 0.02723828010514361
0 0.631647777557373 0.5173367034089243 0.011307144165039062 0.044967955469665886
0 0.4398364067077637 0.5585830169713512 0.012287330627441407 0.05760216125989156
0 0.10427989130434782 0.5390777647518562 0.01471920289855072 0.05267003075250183
0 0.1697392086330935 0.5514477046733072 0.020233812949640283 0.033736199785775155
0 0.7907366071428571 0.5907720649807401 0.020089285714285764 0.07955116395913579
0 0.8074776785714285 0.5723496901691508 0.01450892857142847 0.029308323563892145
0 0.5834441489361701 0.5779476690529046 0.015791223404255296 0.06734678606170973
0 0.46909265350877194 0.5778984389461344 0.01850328947368416 0.0668435449702803
0 0.5059279057017544 0.5545031982065363 0.01473410087719298 0.061187552703564276
0 0.48348410087719296 0.5568170132247383 0.014391447368420972 0.06478682050965637
0 0.5658922697368421 0.5655580921823904 0.016790021929824574 0.0647868205096563
0 0.5744586074561402 0.5290512330063142 0.013363486842105221 0.02879414244873616
0 0.7408168859649121 0.5599020999156743 0.015076754385964985 0.03804940252154421
