0 0.6830384731292725 0.5117666908612983 0.00933389663696289 0.042443690238496486
0 0.2528676986694336 0.5214636244779455 0.012857627868652344 0.037654040427168814
0 0.7608401298522949 0.5664049620365621 0.014372158050537109 0.03855289579975088
0 0.8159049758682022 0.6004960632651904 0.020208358764648438 0.08103408008499415
0 0.7027361392974854 0.5903097065504103 0.01631898880004883 0.07224029505238863
0 0.6934858798980713 0.5118822498030847 0.009277629852294921 0.0342346406066823
0 0.022014880180358888 0.5032744323802022 0.011881977319717407 0.033185379725967176
0 0.6218472957611084 0.5238190233917057 0.012847900390625 0.04748492224135405
0 0.09283095598220825 0.4977102156680466 0.00943913459777832 0.03472692885404455
0 0.06905360817909241 0.4850298578546307 0.009439992904663085 0.029912664630348768
0 0.7853689193725586 0.5587843685888042 0.01862678527832031 0.07274989925263775
0 0.8758636474609375 0.5807630353348476 0.01527252197265625 0.023307701906872803
0 0.4108594417572021 0.5330087856279309 0.013539314270019531 0.04951074562206917
0 0.7060542106628418 0.50468432302352 0.009170150756835938 0.02915376795134818
0 0.6353768825531005 0.5546929380678488 0.019419288635253905 0.07853099469702521
0 0.9125749588012695 0.5795835470398594 0.016373443603515624 0.02974823463144783
0 0.7247504234313965 0.5701735430557591 0.012175178527832032 0.051308456367233295
0 0.5581990773698926 0.5926198684395878 0.01123981475830078 0.05622847669988277
0 0.6815214157104492 0.548005688791398 0.015000343322753906 0.060110827822757916
0 0.06994544267654419 0.5963243526981975 0.010817933082580566 0.03407507624743552
0 0.6587148666381836 0.5154861861628077 0.009704971313476562 0.042306164364742084
0 0.6007243156433105 0.5530613746061694 0.01496295928955078 0.06351076508462779
0 0.43869851373993185 0.5625818230381092 0.015107154846191406 0.07258189157752044
0 0.9183710098266602 0.5809655318086899 0.012438201904296875 0.026751286818581476
0 0.07910593748092651 0.5987910173422846 0.013880228996276856 0.037892456770222745
0 0.7832525253295899 0.5778906622078327 0.01366252899169922 0.04893688635697538
0 0.10371376811594205 0.5365292148767351 0.015851449275362296 0.037378731501775495
0 0.1722146739130435 0.5518205141274615 0.023777173913043504 0.04077679800193691
0 0.45938191371681414 0.5793659027482388 0.015210176991150437 0.07780970857670477
0 0.47355503318584063 0.5832563881770741 0.014518805309734439 0.07106620050005702
0 0.4932667042042042 0.5578262905343796 0.01384196696696698 0.06442550405035748
0 0.5068740615615616 0.556418082795574 0.012903528528528519 0.05456804987871811
0 0.5285754504504505 0.5773651729103078 0.011730480480480487 0.052103686335808204
0 0.5410097597597597 0.5708522121183317 0.009853603603603567 0.06301729631155188
0 0.5813626126126126 0.584934289506388 0.018299549549549533 0.06160908857274629
0 0.5869932432432432 0.5715563159877345 0.0164226726726727 0.06231319244214912
0 0.567286036036036 0.5678597706733697 0.01642267267267261 0.0690021792014758
0 0.5723301426426426 0.5289580318888643 0.013372747747747748 0.027107998972008315
0 0.632742117117117 0.50537055226387 0.008915165165165195 0.023587479624994297
0 0.7376126126126126 0.5620509137507965 0.012199699699699718 0.02710799897200838
