2 0.5702483177185058 0.3505405847522147 0.025063228607177752 0.014873542846291528
1 0.29269177913665767 0.43637429314690657 0.017749023437500018 0.02629397866835846
1 0.1952515363693237 0.43566006749915775 0.0187112331390381 0.02916702397866543
1 0.5475759506225586 0.3880345614422675 0.011150455474853573 0.017526329719773942
1 0.5084522724151611 0.43586490067086264 0.018648624420166016 0.02697556015038909
1 0.9914461612701414 0.4351458322073204 0.017107677459716912 0.0325688330281899
1 0.0976760447025299 0.4345973384778337 0.019486749172210695 0.02951355435321367
1 0.5856023788452148 0.388461805413372 0.011842346191406212 0.016153839851221704
1 0.606969690322876 0.43724304049117385 0.020101547241210938 0.028380156094015823
1 0.9008002281188965 0.43464666345350694 0.02121734619140625 0.030018104013464202
1 0.733536148071289 0.3900977803337934 0.012075328826904335 0.015891610344187825
1 0.6216761589050293 0.3892522605689796 0.012127113342285176 0.01564588228356099
1 0.4029163837432861 0.4366921253537904 0.022813034057617206 0.02774467104379625
0 0.7203218460083007 0.40875571467728605 0.008086109161376991 0.019366779084804518
0 0.697993278503418 0.40577469251114157 0.011858558654785214 0.03545730360361657
1 0.8600818634033203 0.38853946982961385 0.01292762756347662 0.018113565975607683
1 0.8161231994628906 0.3883950821735521 0.012120056152343827 0.016791297900468224
1 0.7768938064575195 0.38961439557219535 0.012236690521240197 0.015038916037457944
1 0.2921115398406982 0.3900786781159417 0.009337568283081046 0.011936823476479067
1 0.4545284271240234 0.38806639847202024 0.011454963684082069 0.013978160015160775
1 0.24879837036132812 0.3896667697281829 0.01001110076904296 0.011943998018395135
1 0.6589397430419921 0.3890092229615713 0.011732482910156288 0.015736640238799823
1 0.1505326986312866 0.3906674389619327 0.009466075897216788 0.01195565664900886
1 0.8016565084457395 0.438288999020769 0.021579790115356427 0.02727007509604543
1 0.9745025634765625 0.39064161061103464 0.013677406311035041 0.01813114360330212
1 0.3700235843658447 0.38906554311561276 0.010225296020507812 0.01228389194167098
1 0.07550599575042724 0.39082052575006765 0.008139860630035396 0.00999664797881452
1 0.04293057322502136 0.39093809855571804 0.007865023612976075 0.010022296966164584
1 0.9083027839660645 0.38958103395228544 0.012674713134765663 0.016099672059755068
1 0.5023429870605468 0.3877554717617307 0.010755729675292989 0.012578406887327365
1 0.011264275014400481 0.3911056241094592 0.00694323480129242 0.008667205361758952
1 0.18138449192047118 0.38996182276448305 0.009700918197631827 0.011462048165180374
1 0.21572384834289546 0.39042762989838664 0.00968551635742185 0.011947047198709518
1 0.7664980411529541 0.3705306521659814 0.005828189849853592 0.00748412339979213
3 0.715365861556828 0.4207276330038478 0.1148353074032071 0.03778714776157229
1 0.3315953969955444 0.389054063848547 0.008638000488281259 0.009957546725371701
4 0.31619100481505014 0.31153722585688687 0.1711112004565163 0.10311904940543039
1 0.7169310569763183 0.36990808129121083 0.006086540222167892 0.008056293117602007
1 0.41266355514526365 0.38918903491834383 0.010743713378906212 0.012543072268390522
1 0.6196073532104491 0.3651800581684931 0.005916595458984375 0.008087861102032919
1 0.7335813522338867 0.3699505904520638 0.006020259857177753 0.00856317450397533
1 0.8418951034545897 0.3703419617135877 0.006024360656738281 0.007737026002335074
1 0.5327011108398437 0.3700348913195781 0.005733013153076172 0.007801058788936363
1 0.042182463407516475 0.37188045254572394 0.00510234832763672 0.00634785532382791
1 0.07290172576904297 0.3714689925668349 0.004946327209472654 0.006460854359006627
1 0.11398583650588989 0.3907269876598364 0.008555150032043442 0.009396497547531699
1 0.19553315639495847 0.3715472847554945 0.005473613739013672 0.00688899514785064
1 0.10402208566665648 0.3714898884201656 0.004653978347778325 0.006416551562674645
1 0.8072547912597655 0.37084310346642807 0.006138229370117226 0.008036563127332745
1 0.18303855657577514 0.37161651908498494 0.005713629722595219 0.006653311445906382
1 0.17022013664245605 0.37141796363745655 0.005896186828613267 0.006993564096277979
1 0.18813408613204954 0.36597176886893606 0.004670405387878432 0.006910160046503179
1 0.7007545948028564 0.37049764927316736 0.006344795227050781 0.008030464766704022
1 0.8992219924926758 0.3646077090871353 0.0064029693603515625 0.007718013466257359
1 0.9438295364379883 0.364224409185267 0.006121826171875115 0.007978808064908053
1 0.7494027137756347 0.3700681632577141 0.006052207946777267 0.007982036608770268
1 0.6617506980895995 0.3653219347348842 0.005703830718994179 0.008064902567901351
1 0.3353953599929809 0.3714635219786239 0.005669546127319307 0.00706333651641215
1 0.4650027275085448 0.3714771536082645 0.005414295196533184 0.006955718387670472
1 0.0528622567653656 0.3718939944935906 0.0051187872886657776 0.007098491771801071
1 0.7612682342529297 0.3656724111074863 0.005341434478759708 0.007599274797545717
1 0.4797060012817382 0.3648805210434954 0.005438804626464844 0.007876391479055538
1 0.5978752136230469 0.36429454033249703 0.005207824707031231 0.007995668238410898
1 0.348804235458374 0.37112631850856664 0.005929660797119112 0.006868188976293897
1 0.007921620458364486 0.3715993001843863 0.005191673338413238 0.0070159845397658295
1 0.8786678314208984 0.36448699741939666 0.006085205078124885 0.007808950785044113
1 0.969382095336914 0.3645228701289772 0.006182479858398514 0.007826887139834393
1 0.27893466949462886 0.3711729530310214 0.0054225921630859375 0.007250592060422697
1 0.7452651023864746 0.36445516038964393 0.005248641967773495 0.008008223686764048
1 0.2739322423934936 0.3664438537270162 0.004648923873901367 0.007529681740959422
1 0.6687788963317871 0.37143966662675276 0.005708503723144512 0.007349959465960829
1 0.24204053878784174 0.3716366078023501 0.005510711669921865 0.0071221677601242765
1 0.784681224822998 0.37097637058251987 0.006243705749511719 0.007913519733471408
1 0.9226484298706055 0.3643566001200713 0.006143188476562461 0.007942576628231652
1 0.7990213871002196 0.3659676435073343 0.005668163299560547 0.00867007517852537
1 0.7266178131103515 0.3658837013669158 0.0051702499389648824 0.008525149431819945
1 0.17768518924713134 0.36611490098016247 0.004657602310180674 0.007648420409671065
1 0.4235373020172119 0.37166118060841274 0.0056723594665527245 0.00674155831147455
1 0.9914644241333007 0.3648268913426725 0.005695343017578125 0.00792751009020779
1 0.6396745681762694 0.36490814302987246 0.0053577423095703125 0.007559456089911305
1 0.6527555465698242 0.37128236479524207 0.0053920745849609375 0.007272115686171032
1 0.5453325271606445 0.371092329116239 0.005898284912109356 0.006996792640140239
1 0.7795345306396484 0.3647600784210787 0.005236625671386719 0.00759443198175235
1 0.09501259326934813 0.3719087023045186 0.0048182010650634766 0.005632374131243625
1 0.03375088572502136 0.37216662708640286 0.004650092124938963 0.006796264193584858
1 0.08397353887557983 0.37129097424554136 0.0044825792312622025 0.007022800354586144
1 0.8366808891296386 0.36539009288308727 0.005749702453613281 0.008036383763784825
1 0.6837905883789062 0.3652640003089116 0.006010818481445389 0.008710970067447261
1 0.4363369941711426 0.3713715084785497 0.005713272094726544 0.007180460913192685
1 0.8863082885742187 0.3668884959622672 0.0049484252929688265 0.007697745385344334
1 0.6677975654602051 0.4296706702258135 0.016132164001464826 0.02301467492205157
1 0.21954808235168452 0.37144737925931265 0.004783010482788096 0.0064829160753987255
1 0.01730998009443283 0.37217532621847615 0.0045928955078125 0.006244183193140084
1 0.492578125 0.37015757598634363 0.0054792404174805074 0.007370586273969605
1 0.7105119228363037 0.3646060948152041 0.005060863494873066 0.0074052034387148535
1 0.8573257446289062 0.3673887408973681 0.006670379638671914 0.01091032589183135
1 0.8261363983154296 0.37032160395090075 0.006381225585937519 0.0075865399856446
1 0.8749408721923828 0.36979059816733445 0.005513000488281135 0.0080365631273327
1 0.5776156425476073 0.3657561738843569 0.004897499084472695 0.007610754064611478
1 0.2934233665466308 0.3713772481120826 0.005529212951660137 0.007136516843956455
1 0.26625847816467285 0.37092507260781965 0.0055809974670410255 0.007644115684521416
1 0.37060632705688473 0.36548138892896975 0.005334091186523409 0.00805665184469785
1 0.9846342086791993 0.36862141688033007 0.005385971069335899 0.00732108193474846
1 0.42857542037963864 0.36546067243918706 0.004971313476562529 0.007266196689090186
1 0.5826552867889404 0.3703406164869784 0.0048123359680175394 0.007509772387142194
1 0.5057578563690185 0.37128944965538424 0.0058577537536620905 0.00666963352876551
1 0.09223639790972424 0.3480813694395554 0.011625095700429936 0.04146462413524898
1 0.5584609508514404 0.365110106384811 0.005905818939209003 0.008055575663410414
1 0.3209273815155029 0.3718621574638379 0.005717039108276367 0.007061542880933122
1 0.44521179199218747 0.3659229819839065 0.005326271057128906 0.008128755990954764
1 0.3174594402313232 0.36660070714965726 0.0049303531646728615 0.00721077335278824
1 0.6278033256530762 0.37106928090033353 0.005782508850097599 0.007212925715363064
1 0.597348403930664 0.37086588263701176 0.005430603027343789 0.007890919926435683
1 0.16683743000030515 0.36724811987581235 0.004821705818176251 0.00760913979268037
1 0.3080224752426147 0.37139491542155106 0.0056650638580322266 0.007441793602487052
1 0.6929380416870117 0.38950803298828895 0.010792922973632832 0.016136262223527265
1 0.06293650865554809 0.37173274666402595 0.004779839515686037 0.006587126296730223
1 0.5684581279754638 0.37041998485692534 0.004842376708984433 0.00688899514785064
1 0.5206231117248534 0.36836537541569886 0.0059555053710938265 0.00961029889663187
1 0.38788793087005613 0.37132469459254713 0.005479383468627911 0.00738511472134975
1 0.2537038326263428 0.3692248855372491 0.005445528030395537 0.009189153286156137
1 0.6406037807464598 0.3677545528533159 0.005876064300537109 0.010111081922376515
1 0.1206895351409912 0.3720419694206104 0.004535794258117676 0.006911236227790569
1 0.15409338474273682 0.36802808226386763 0.00498874187469482 0.008018626772542465
1 0.46089839935302734 0.36600880744157793 0.005315208435058536 0.007525018288713932
1 0.3572674751281738 0.36684491062012686 0.004602766036987266 0.008683348081070205
1 0.5414705753326415 0.3648383706097382 0.005074691772460956 0.007437130150241606
1 0.3837746143341064 0.36599149885920534 0.005288314819335956 0.008768007675680315
1 0.37731640338897704 0.3713278334546354 0.005226469039917002 0.006882179333030325
1 0.11275174617767333 0.3715409173495439 0.0045569419860839655 0.006632684637897516
1 0.209173846244812 0.3715099771375307 0.005039501190185528 0.006994460914017494
1 0.81649751663208 0.3656822761026209 0.006561088562011795 0.008699132073285659
1 0.13032016754150388 0.3689251690487035 0.004896688461303692 0.008348655700683567
1 0.05850400924682616 0.36656671775732963 0.004268789291381838 0.007140462842010352
1 0.6850025177001953 0.3707796087704705 0.006188201904296856 0.008396725131521525
1 0.12012479305267333 0.36847200704492705 0.004749631881713877 0.007993515875836073
2 0.33648364543914794 0.3506227332571542 0.025669240951538077 0.021377623820342792
1 0.14085752964019774 0.37154486334759784 0.004813337326049819 0.007147996111022261
1 0.047979891300201416 0.3669677746504403 0.0046360611915588395 0.0071094329482231594
1 0.283353853225708 0.36705602151600847 0.004483985900878887 0.007061363517385201
1 0.614227294921875 0.37024860298690426 0.00543994903564455 0.007690570843428267
1 0.4113486289978027 0.37156181320287457 0.006100273132324229 0.0066942063348281846
1 0.5024250507354736 0.3656856840100311 0.005103206634521446 0.007754962357125353
1 0.36347272396087643 0.37129716228794407 0.00547165870666501 0.006699587241265268
1 0.2232119083404541 0.3662221603818083 0.004842281341552734 0.007059390518358297
1 0.41488618850708 0.3650520822770645 0.005167579650878916 0.0072595602378177915
1 0.23245573043823242 0.3688738710740033 0.005642795562744131 0.008845492728374359
1 0.4783893585205078 0.3707261584331955 0.0052482604980467985 0.007823120505328416
1 0.15360323190689085 0.37144181898932765 0.004704737663269033 0.006644343268511197
1 0.4493434906005858 0.37175032429172045 0.005163383483886738 0.006708914145756205
1 0.5211209297180175 0.3653472249951385 0.005173873901367111 0.008355112788408085
1 0.40035248994827266 0.3669772809184791 0.005222487449645977 0.009467346148953348
1 0.32959413528442383 0.3661369626965545 0.004958677291870146 0.007465469590810212
1 0.2653451919555664 0.36854294532812265 0.005789947509765644 0.009066827346486393
1 0.2940835952758789 0.3688206001002762 0.0052355289459228615 0.00822130758167258
2 0.24385461807250972 0.35259519419344126 0.019075965881347665 0.012888347098103407
1 0.21638240814208984 0.36668231756395303 0.004367160797119145 0.007885180292902756
1 0.1410682201385498 0.3680227013574306 0.004926395416259761 0.00887903371183213
1 0.8960599899291992 0.36966647859218577 0.005845642089843711 0.007995309511315102
1 0.39967041015625 0.37224231850361783 0.00475482940673831 0.006686673065816276
1 0.1088847279548645 0.36655721148929077 0.00459897518157959 0.006592686566715228
1 0.24280550479888915 0.3690890176497127 0.005357551574707012 0.008750250684437957
1 0.024800506234169004 0.3714502490760791 0.004235547780990602 0.007154453198746779
1 0.24375305175781245 0.36638565025572173 0.005615520477294951 0.0076672535822008584
1 0.19839572839435235 0.3650340859643185 0.0057462834399672124 0.00426607813748717
1 0.20890537837008183 0.36531849117348436 0.004385321572606555 0.006541319810813645
2 0.4356401680816396 0.35344807723324345 0.019601357393999524 0.008294739752540244
1 0.30636553399504735 0.36722305629868657 0.004861700309110073 0.004719332450424891
