1 0.4055891990661621 0.4519966788056924 0.017538833618164044 0.02792062668428891
1 0.004853150248527526 0.44899843773894926 0.009582224488258361 0.029534719251866164
2 0.42132701873779294 0.36976279681740953 0.027774047851562518 0.0199893499595751
1 0.27288155555725097 0.4506514521964214 0.018340444564819345 0.028337646933162913
1 0.18410580158233641 0.4499545351310451 0.01896700859069825 0.02727061318668919
1 0.6040943145751952 0.45530459103788967 0.018078422546386776 0.027899103058540573
1 0.09435236454010008 0.4493651465126365 0.01881086826324463 0.029359660429113015
1 0.8281560897827148 0.4593476247711666 0.019166183471679706 0.026803012417306562
1 0.37818434238433835 0.40480056908248147 0.009850358963012704 0.013369041406482903
1 0.9330316543579101 0.45963424772071537 0.020268630981445237 0.029468354739142128
1 0.9941621780395505 0.4154942238084462 0.011333084106445275 0.013813683641733918
1 0.9171083450317383 0.41365485062470303 0.012979888916015663 0.015276752101977025
1 0.34432153701782225 0.40402168287571355 0.009856796264648447 0.012907359634181076
1 0.24199225902557367 0.40411486223884907 0.009947681427001944 0.013433971010823706
3 0.19861741957498324 0.3607307154958651 0.023949948993660312 0.029622802976963042
1 0.954806900024414 0.4145308621926603 0.012444496154785156 0.014613465701832473
1 0.6497057914733886 0.4071218921194395 0.011423683166503868 0.017503729912738172
1 0.5256416797637938 0.4054839441999911 0.01067352294921875 0.01541755248708072
1 0.10984919071197509 0.4034052103615716 0.009169840812683096 0.01203421788299025
1 0.41947817802429194 0.40629879279811354 0.01024789810180666 0.013225909295256461
1 0.5610746383666991 0.4053672682120803 0.011132240295410156 0.014902241013955975
1 0.503768253326416 0.45296192373873134 0.018999195098876914 0.0292014617798628
1 0.7172183036804198 0.4567019227578264 0.02118968963623047 0.02700712813481991
1 0.6080344676971435 0.4070883511359817 0.011367607116699199 0.015811972928918998
1 0.8297449111938476 0.4118413954736318 0.01140594482421875 0.012683872653494173
1 0.7357089042663574 0.4096060772578931 0.012147521972656212 0.015045731852278213
1 0.2031229257583618 0.4043986153716313 0.009631538391113297 0.012255193774006532
1 0.78084716796875 0.41169593163628265 0.012197303771972636 0.014721263194122073
1 0.4573709487915038 0.40481814671017596 0.01057739257812502 0.013737095406779433
1 0.4894835948944092 0.40518207534887074 0.01059865951538086 0.015037481129074713
1 0.17286276817321777 0.4050401987824796 0.009196424484252945 0.011446264172964873
1 0.30993554592132566 0.4047381505678113 0.01015930175781248 0.013214788755286451
1 0.877621841430664 0.41289058254708916 0.012040138244628906 0.015331278620539504
1 0.014350760355591774 0.4018337166366213 0.00940842553973198 0.013129052979388996
1 0.043202048540115355 0.40120728944557077 0.00972217321395874 0.014348904468675847
1 0.07932839393615722 0.4031922161484371 0.009266328811645515 0.012755259345559496
1 0.7231546401977539 0.3900017311538914 0.005996322631835995 0.007969839887512913
1 0.8451235771179199 0.3858938574980476 0.005906486511230411 0.00834399224843812
1 0.9022391319274903 0.3859039018567302 0.0060182571411132426 0.00983342715022293
1 0.14229831695556638 0.40381012357096224 0.009263300895690909 0.012420925692268745
1 0.19685823917388914 0.3875475894097114 0.003741788864135747 0.006467490810279067
1 0.2761070728302002 0.4045374427577081 0.010152435302734384 0.01352042424091289
5 0.09052978803200584 0.3661143309069654 0.06726606279417154 0.044935033343831636
1 0.6909008979797363 0.40980050734381984 0.012514114379882812 0.0154901947239814
1 0.9297729492187498 0.3918379654755463 0.0064329147338867574 0.00949478877178244
1 0.9230155944824219 0.3855483136230129 0.006354904174804649 0.009678636408382853
1 0.9722587585449218 0.3909088622974098 0.006365585327148514 0.008737336508988964
1 0.7101607799530029 0.39040825863521306 0.005362701416015644 0.007100644134375941
1 0.7457240104675292 0.3839433685963787 0.006139183044433536 0.008521024070218172
1 0.159920334815979 0.38639464052379224 0.004205322265624986 0.006954642206383082
1 0.8960148811340332 0.3916481091600912 0.00615291595458992 0.008355112788408085
1 0.9657093048095703 0.38624433387064966 0.0065719604492186735 0.009748767555612818
1 0.7515140056610107 0.3911782663463598 0.0061171531677245905 0.008984320114451107
1 0.7678227424621582 0.3912209548707607 0.00574474334716795 0.0077779208912569205
1 0.8550197601318359 0.3915467687555261 0.005971145629882736 0.008403540946341841
1 0.17925832271575926 0.3870656395564966 0.004654288291931152 0.00696217547539499
1 0.7368289947509765 0.39085810241335334 0.006403350830078164 0.008581469585861451
1 0.03900163471698761 0.3844564380251546 0.004104942083358765 0.0059085939950139785
1 0.7640485763549805 0.38386453831707534 0.005625915527343769 0.007341529379209406
1 0.8245675086975097 0.3853417764976028 0.0056749343872069926 0.008029388585416589
1 0.16927862167358398 0.3865503280833718 0.004453039169311509 0.006976883286323011
1 0.8803463147102844 0.392066688504832 0.005264696681310933 0.006506164325206889
1 0.289089984185894 0.38863898762160975 0.004409922137657196 0.004674630739623073
1 0.801411247253418 0.3851471670481283 0.006130218505859375 0.009438827344836821
1 0.672747802734375 0.3896240812037821 0.005593109130859356 0.008093600735565844
1 0.9891609645399355 0.38742917098547824 0.007221269285354755 0.006620700460516082
1 0.6851507186889648 0.39037256528918046 0.0053380966186523824 0.007686086754730652
1 0.3165696620941162 0.3872748671351252 0.0046689987182617 0.007272115686171032
1 0.8125938415527343 0.391735100480824 0.005448341369628906 0.007745276725538575
1 0.3464130600201275 0.3865465060189185 0.005232866623563305 0.007842961355492574
1 0.3803000450134277 0.38909800791778315 0.005385208129882794 0.00658300093512845
1 0.8650491714477538 0.38583430880014385 0.006022262573242169 0.009206730913850575
1 0.730861473083496 0.3840980696564448 0.005165863037109356 0.008536987425981548
1 0.45832247734069814 0.3886332769651671 0.006064414978027344 0.007441255511843334
1 0.15157047510147093 0.3867976704159298 0.004495096206665058 0.00650874442629671
1 0.3367413759231567 0.38661678227786983 0.005120134353637705 0.008263278651881862
1 0.5490322589874267 0.3840695508523283 0.0045146942138671875 0.00766420440188652
1 0.13901926279067991 0.3859125113070295 0.004662299156188979 0.006160061689173646
1 0.5383599281311034 0.38475579578660435 0.0045220375061035345 0.007947957534668737
2 0.3024813652038574 0.3692604892015078 0.015590572357177772 0.014028919899217274
1 0.6282906532287598 0.38876116317482173 0.005690765380859394 0.007572908356004014
1 0.40734901428222653 0.38759305806910477 0.005010223388671885 0.006964865928613532
1 0.9122262954711914 0.39153564821555614 0.0063190460205078125 0.008787020211758029
1 0.23035764694213867 0.38779609760533074 0.004284572601318331 0.006357540955414643
1 0.6423510551452636 0.3889860850638918 0.0056640624999999235 0.007095621955034653
1 0.22562642097473146 0.38187360293535433 0.003566360473632822 0.005828239125553471
1 0.5267845153808594 0.3845403801655731 0.004957389831542988 0.008000690417752185
1 0.7824860572814941 0.3913712615239033 0.006299591064453183 0.009020551551127463
1 0.42793686592041974 0.3884338083636182 0.004865941495633078 0.0046007841647728994
1 0.8833349772594211 0.3868363775871529 0.005414440177839381 0.0054351136638652355
1 0.3072025299072265 0.38762812364271976 0.0045830726623535345 0.0068785920620722685
1 0.6673641681671142 0.3843660387970116 0.004954433441162167 0.007942935355327493
1 0.20563957691192625 0.38631213329175695 0.004409408569335947 0.00783208868272351
1 0.4171798229217529 0.38729092017266253 0.005093765258789081 0.007065847606082771
1 0.8270082473754882 0.39197589604388355 0.005953216552734414 0.008854102178673658
1 0.2981814082474601 0.38884754311444053 0.00470423698425293 0.006850431985051538
1 0.32616830626516424 0.38865014062332937 0.004001983813665632 0.004367854149209952
1 0.9454631575315767 0.3889186568798536 0.006488418579101524 0.01016417353255567
1 0.5995368003845214 0.3888515253808111 0.005535125732421875 0.007222970074045639
1 0.6974142213802572 0.3847161982591946 0.004866338452077953 0.006743137974412988
1 0.5847417371212592 0.38944853382251216 0.005495452880859414 0.007624385694252108
1 0.18736479282379148 0.3876693772587374 0.0038488864898681735 0.006571880395158485
1 0.4418617248535156 0.38795017089297923 0.005661392211914101 0.00770133265630239
1 0.8417966842651367 0.39221355274485475 0.005718231201171875 0.007548335549941295
1 0.2684621810913086 0.3869010735012958 0.005423498153686495 0.007969660523964993
1 0.20098607540130614 0.38037609667391387 0.0030748844146728516 0.004814117625711074
1 0.02383757731567258 0.38604815710445606 0.003620641504976159 0.004753648731383039
1 0.7807106971740722 0.3841504438124324 0.0057348251342773824 0.00838990931670121
1 0.27800784111022947 0.38771009278411134 0.005232524871826191 0.0074973963023369184
1 0.2054199695587158 0.3804364525077832 0.0042999267578125045 0.006358258409606236
1 0.6134648732113445 0.38945082288254385 0.005291826531976666 0.0072615407139298245
1 0.4717909812927245 0.38899989605708035 0.005407142639160137 0.007136158116860658
1 0.3576463296162149 0.3889308894166842 0.00452443642359201 0.0049293517359196674
1 0.6104373851737861 0.3852452156601504 0.005672832378468402 0.005240380637956428
1 0.4835368156433105 0.3893540493824144 0.004724311828613358 0.006203826394861955
1 0.2817164897918701 0.383545988656 0.004304313659667959 0.0069740134695565476
1 0.3983422304049606 0.3886506140521457 0.0050538112432708575 0.00544756885690194
1 0.2143851041793823 0.3874926144822792 0.005000638961791973 0.006447043365818121
1 0.798338222503662 0.3914083897783191 0.005987548828124942 0.007977731883620618
1 0.696706185568686 0.3911826816930392 0.004693910809901092 0.006785413921035171
1 0.2587095822203693 0.38755853278458774 0.0037980798534287476 0.004533172904592322
1 0.959158992767334 0.39148497801327364 0.006491661071777344 0.008316728989156905
1 0.24024888712374318 0.3879416936531734 0.0037437590319326247 0.005136169500305403
2 0.6107351303100585 0.37044626161669314 0.02287788391113283 0.014905828284914033
1 0.4983062744140625 0.3891240156322291 0.005317115783691349 0.007114275764016526
1 0.37444112910590643 0.36403422298210175 0.008378034412444614 0.04732453584800759
1 0.7151141643524169 0.38408398961793444 0.005680274963378925 0.008268838921866821
1 0.5691181379707775 0.390059674962344 0.004889678955078144 0.0070324859861728775
1 0.6575334548950195 0.3886800011693957 0.005700492858886661 0.007590127256602701
1 0.034783749098365124 0.38112480728700854 0.0025517521589177162 0.004988766925795038
1 0.0045669928900776546 0.38479707197514523 0.003401321314251073 0.0049658140421903006
1 0.016699616733708077 0.3858127981719015 0.0030521200571079514 0.005058455314682122
1 0.13085286617279052 0.38628200021570924 0.004072093963623037 0.006223556385131263
1 0.05307588730586288 0.3837066286693432 0.004109446343678916 0.005887025224219085
1 0.030623640754748896 0.38448418314900973 0.0038620931683570423 0.00511556083832738
1 0.0189740103101815 0.38157875466038876 0.003451480441426846 0.004733374999943139
1 0.3902947664260864 0.38822450743949655 0.004222440719604473 0.006519506239170878
1 0.6830725193023681 0.3850699510407561 0.0055026054382324606 0.008240320117750295
1 0.6538843487351729 0.38498906131142835 0.00497237144221811 0.006008468009696389
1 0.5434834480285644 0.3892135180426326 0.0051218032836913676 0.006859938253090396
1 0.369039639492152 0.38893689965928563 0.005565305651504061 0.005368170910850484
1 0.046463446695418735 0.38488460682811226 0.003695299468812175 0.005528645972328409
1 0.5563608169555664 0.3887694138980253 0.0053125381469726176 0.006800030828090835
1 0.012216303073233951 0.3815442136779096 0.0037718348159466444 0.00505205525918893
1 0.5050094604492187 0.3846386713898239 0.0043333053588867 0.007779355799640107
1 0.04370562383676976 0.3821984393936217 0.0030573831328022175 0.003646171121184207
1 0.5620471000671386 0.3844101622297957 0.004438209533691387 0.007511745386169143
1 0.4663824081420898 0.3846320349385514 0.004033565521240234 0.007004505272700023
1 0.2110300064086914 0.3792636839498207 0.0031296730041503857 0.006068586279743264
1 0.24933562097364026 0.38724195051269045 0.0046254158020019144 0.007260098328461509
2 0.44876775741577146 0.3696573310512427 0.011747646331787187 0.013414599747650195
1 0.005906851122610897 0.3795028888285703 0.003401851431870195 0.005622552250959704
1 0.02724573737706939 0.3808600566132847 0.0023709873616064984 0.007173601147776166
1 0.12497886728655959 0.37933227344992054 0.0036348267117497983 0.005405405405405414
1 0.13385460693153 0.3798887122416534 0.0029585798816568047 0.005564387917329093
1 0.14234995773457312 0.3796502384737679 0.0032121724429416834 0.005405405405405414
1 0.15092983939137786 0.37909379968203494 0.003465765004226538 0.005564387917329093
1 0.16005917159763314 0.3786168521462639 0.004480135249366028 0.005882352941176452
1 0.17024513947590872 0.3794912559618442 0.0032121724429416834 0.005723370429252773
1 0.21584953508030433 0.38147853736089027 0.0038038884192730586 0.005882352941176497
1 0.2216821639898563 0.3875198728139905 0.00448013524936598 0.00651828298887126
1 0.23715131022823327 0.3822734499205087 0.003972950126796271 0.00524642289348169
1 0.2467455621301775 0.3822734499205087 0.003550295857988156 0.00524642289348169
1 0.29177327576914563 0.38379872173792423 0.0037443196968235744 0.0057617823113282835
1 0.30119080712782315 0.38369202206549224 0.0037443196968235744 0.005975181656192293
1 0.3119699092853455 0.38326522337576424 0.004425105096246033 0.0064019803459203556
1 0.32337306472567184 0.38369202206549224 0.0031769985306381917 0.005121584276736257
1 0.3610431901603817 0.38337192304819623 0.003857783930060651 0.004908184931872249
1 0.39581997764754606 0.3839054214103562 0.004425105096246033 0.005975181656192293
1 0.5134256553977772 0.38422552042765223 0.0036308554635865456 0.0057617823113282835
1 0.5203469736252391 0.38860020699736453 0.004992426262431464 0.006828779035648328
1 0.5723703245644391 0.3857193158417004 0.003971248163297776 0.006615379690784365
1 0.990372559809834 0.39116099913573266 0.006921318227461862 0.0064019803459203556
1 0.25773115877625813 0.3822712121005735 0.003931667616819645 0.006421570249059598
