2 0.4812328815460205 0.46539764692370195 0.3235817909240723 0.25531288989966167
3 0.9342382431030273 0.47756531128633195 0.027644348144531174 0.027491947804801135
1 0.046875661611557005 0.49361368537138667 0.019995033740997314 0.02429102592892789
1 0.11873741149902341 0.49834816558182904 0.018874931335449225 0.02499359294606318
1 0.2581964254379272 0.5064482234051193 0.020192670822143537 0.026154433828090122
1 0.6857999324798584 0.5412433167898787 0.025872325897216757 0.029078597749549295
1 0.18457207679748533 0.5029183487823923 0.02011275291442871 0.024748941066723696
1 0.7824987411499023 0.549555651372112 0.028863048553466757 0.030099893791307897
1 0.9694625854492187 0.563286200009393 0.03002395629882797 0.0324020249286403
1 0.8748296737670896 0.5573200303155021 0.02975616455078121 0.02906550421055252
1 0.6034451484680176 0.5358954132456089 0.020401763916015607 0.02403256305639994
