1 0.8310035705566405 0.5255777045160485 0.026403427124023438 0.033380991173093726
1 0.7340984344482422 0.5202045107115244 0.024604511260986346 0.03236722840034717
1 0.2910334825515747 0.49633570657435966 0.023939657211303693 0.02966242609797299
1 0.11125648021697998 0.485355787625942 0.019982886314392084 0.02727043382314127
1 0.6272425651550293 0.5152269928936737 0.025959587097168026 0.02963301047611686
1 0.3989290952682495 0.5036097952595575 0.027811384201049765 0.030127695141232827
1 0.26255130767822266 0.4454421966746805 0.00817699432373044 0.010880910269975265
3 0.5665250770304064 0.42795281436106697 0.01957969665527342 0.023036019184252073
1 0.030341523885726928 0.4843142235032704 0.022037661075592043 0.02830572022163625
1 0.1996582508087158 0.4925581308919788 0.02137446403503418 0.025894356683630975
1 0.5205995559692382 0.5107290932029154 0.025271797180175724 0.02990277325216265
1 0.7858890056610107 0.47200692461859817 0.009429264068603496 0.01158419474130215
1 0.49332599639892577 0.45561749074720614 0.00908622741699215 0.012438144592867385
2 0.40961886644363393 0.42452508876357803 0.026070570945739755 0.019866127202165886
1 0.5153614997863769 0.4579145997051972 0.009401893615722618 0.011948302743544829
1 0.733082103729248 0.46849202685212094 0.009871673583984395 0.012536435817118082
1 0.4675577163696288 0.4551112371332505 0.009809684753417989 0.01298143677946494
1 0.7584466934204102 0.4700205630073486 0.009461212158203105 0.01230613302161091
1 0.9506124496459959 0.5322857218440651 0.024971961975097656 0.031380011432690195
1 0.5365181922912597 0.45925552158931854 0.009462165832519511 0.010937230424016725
1 0.24727759361267085 0.4448429430611372 0.007714462280273409 0.009937099280910801
1 0.6017328262329101 0.46286593044505403 0.00862302780151371 0.010920728977609722
1 0.6805378913879394 0.4663466594556556 0.00989532470703125 0.012032603611059144
1 0.816460132598877 0.472747247662567 0.008940887451171895 0.01073562579617409
1 0.4243423461914062 0.4520758678120914 0.009275627136230489 0.012460923763450987
1 0.7070293903350829 0.467032366299288 0.009809017181396484 0.012706293096982067
1 0.5585620880126952 0.46020417539417646 0.009287548065185567 0.012009824440475452
1 0.9834905624389648 0.47979264782418884 0.01117820739746086 0.013774044297647382
1 0.581325340270996 0.46189126892575016 0.009638595581054668 0.012321558286730478
1 0.29098715782165524 0.4461227019754236 0.007935190200805655 0.010118973918484219
5 0.14112964687128723 0.41148086006548357 0.13878410407876235 0.06254536592992913
1 0.3223358154296875 0.4462622468156921 0.00819091796874998 0.011142781049913349
1 0.27633237838745117 0.44575402020270943 0.007269001007080088 0.010556082884723372
1 0.6565633773803711 0.4653605186692861 0.009092521667480489 0.011980767545715252
1 0.3617603540420532 0.44813569907353673 0.008587837219238281 0.011613789726706111
1 0.8529824256896972 0.4740231502605735 0.009912490844726562 0.011933056841973091
1 0.8899024963378904 0.4753666729161394 0.010235404968261681 0.012593114698255385
1 0.34164967536926266 0.44818161614179985 0.008944225311279268 0.010828536113987703
1 0.9222846984863279 0.47645424378884804 0.010088539123535118 0.012467739578271258
1 0.4442907333374023 0.4529373509326686 0.0100860595703125 0.012272771401700971
1 0.955925178527832 0.47751751090081573 0.011668777465820466 0.013576026940762712
1 0.6264411926269531 0.46392596901315947 0.008851242065429707 0.011439448358144557
1 0.4009784698486328 0.45109430079619345 0.008865833282470703 0.011454873623264215
1 0.38080325126647946 0.44981391410948923 0.008822154998779268 0.011350663401932764
1 0.30687179565429684 0.44624520727864136 0.007824516296386728 0.010382279606805489
