2 0.9564369201660156 0.46576614933286814 0.028788375854492263 0.019965135880608265
1 0.7276841640472411 0.534511264746443 0.021528244018554688 0.02799039910442308
3 0.5404834747314452 0.44804547920894167 0.027322769165039062 0.02962422166226964
5 0.7552884101867675 0.4526280384943102 0.1416917800903321 0.06919558696413265
1 0.2074158191680908 0.5044210565867219 0.020917510986328134 0.026990267961317066
1 0.6320882797241211 0.5294422715191621 0.025861358642578085 0.033733261181174895
1 0.3692880630493164 0.5112551664889143 0.022458553314208984 0.029908512885695664
1 0.9024889945983887 0.48941908944013196 0.008485221862793007 0.012011259348858728
1 0.29027299880981444 0.5084612205032324 0.02461714744567873 0.02889726120261964
1 0.9469266891479492 0.547044292656151 0.02651214599609375 0.03331929011261518
1 0.8798021316528318 0.4892569447928277 0.009101295471191444 0.012511683647507533
1 0.9457884788513181 0.49347683098433687 0.008981323242187462 0.011603745368023537
1 0.9945556640625 0.4968190913359577 0.008457756042480622 0.012031348066223878
1 0.5450545310974121 0.5263214354674274 0.02676067352294918 0.02786896998249294
1 0.8271341323852538 0.5383616620292724 0.026317596435546875 0.03385199984988649
1 0.13360939025878904 0.4998536535211511 0.021811819076538095 0.023663791601911864
1 0.8236822128295898 0.4853029650610846 0.007503509521484375 0.01118349657528723
1 0.4594602584838867 0.5172132648231493 0.02633028030395506 0.03169748491247815
1 0.92305908203125 0.49161449926646217 0.008544158935546798 0.012048208239726722
1 0.9720836639404297 0.49624817716298303 0.008640289306640625 0.01115892376922469
1 0.8584522247314451 0.4870575889684437 0.007980537414550801 0.01148751778898247
1 0.8071510314941406 0.4843658802050665 0.00684032440185543 0.009480439687950261
1 0.8411928176879883 0.48591504316830286 0.008190155029296875 0.011067089632698422
1 0.7767496585845947 0.4825578956422063 0.006159877777099667 0.00830309735951623
1 0.7915490627288818 0.4824542235115184 0.006619358062744083 0.011296495610465992
2 0.06572273879966192 0.43342607313195547 0.13102282333051563 0.21462639109697929
