2 0.956875991821289 0.46544051481165066 0.028681945800781174 0.020487263168553236
5 0.7126675605773926 0.45222303560314575 0.14931316375732423 0.06651446065008168
1 0.9487594604492186 0.5521829686217922 0.02690963745117176 0.03067044923718671
1 0.20630838871002197 0.5030945734682067 0.022317218780517584 0.03241458037699349
1 0.36741976737976073 0.5128502465204139 0.023574256896972647 0.028211554358987284
1 0.13115921020507812 0.49842869981483734 0.02183966636657713 0.029714262163316883
1 0.8280027389526367 0.5436498375120906 0.026635360717773456 0.028502661397233488
1 0.6303014278411865 0.5297701480847283 0.026200485229492206 0.02551733450593935
1 0.8796941757202148 0.4909438589608536 0.008817672729492188 0.011991888085685262
1 0.7270598888397216 0.5387388635705119 0.02306232452392584 0.02681807895533047
1 0.9024715423583984 0.4918947548100603 0.008403778076171875 0.011736653757019528
1 0.8247838973999023 0.48730959475324714 0.008499336242675801 0.011976104093469763
1 0.2887454032897949 0.5069179765370767 0.025667381286621063 0.02942781857731617
1 0.7933938980102538 0.48563864394098466 0.007795143127441387 0.011081438716530556
1 0.4575246810913086 0.5193875097508271 0.026193809509277362 0.03067672696136331
1 0.9946514129638669 0.4972449003986788 0.008023834228515587 0.011814318173261493
3 0.5249574661254882 0.4454057858744562 0.02596778869628908 0.02941885039992094
1 0.841588020324707 0.48823116466237165 0.008230972290039043 0.010987810944525351
1 0.8080924987792967 0.48663097276975686 0.007502746582031269 0.011435502360090749
1 0.9230203628540039 0.4937566381190652 0.008585166931152459 0.010740827339063163
1 0.8585622787475585 0.4891542591616535 0.008179855346679707 0.012307029839350423
1 0.9718875885009766 0.49650179721971754 0.008710098266601678 0.010951220780753198
1 0.5433853149414062 0.5253382541795981 0.02821846008300783 0.02931087354408342
1 0.9460025787353515 0.4954176342544191 0.008585929870605469 0.009555054923877752
2 0.0354603886604309 0.48191415986878305 0.062322902679443355 0.13343930509776494
1 0.7772889137268065 0.4846352842540164 0.006942176818847695 0.010097450292735793
