1 0.40556635856628415 0.4494900732237508 0.017325592041015594 0.026825432860794505
1 0.18456809520721434 0.44609328635356765 0.01934337615966797 0.02829639331714527
2 0.4150139808654784 0.36999587974790926 0.02725563049316407 0.019816622862944742
1 0.09503812789916992 0.4479744512439721 0.01954352855682373 0.03195935569241623
1 0.8282918930053711 0.4555998234377377 0.020255279541015643 0.028106626683464146
1 0.9327363014221189 0.45784473760328914 0.020028305053711053 0.028956630536975485
1 0.2732837200164795 0.446116603614795 0.0189133167266846 0.026605353787517647
1 0.11087908744812011 0.402672061859519 0.009261322021484383 0.011589755011287155
2 0.6036952018737792 0.3708190687510091 0.022971153259277344 0.015256842748159843
1 0.6040923118591308 0.45025183021169396 0.019028663635253906 0.027851571718346332
1 0.5043965339660644 0.45035317061625907 0.019207000732421875 0.028328678755767774
1 0.7166298866271972 0.38506430108899714 0.005235862731933517 0.008172520696643074
1 0.3806073427200317 0.40417145143821237 0.010286617279052715 0.01465364313656268
1 0.7178248405456542 0.4534810018463619 0.021586990356445273 0.029366117516837535
1 0.1737757921218872 0.4031866558784521 0.009970617294311519 0.012371780080143306
1 0.917926025390625 0.4118570001022993 0.01063423156738289 0.01129039724983736
1 0.24386823177337646 0.4039687706290822 0.010029935836791983 0.013168333596379646
1 0.04446980357170105 0.4027491881851172 0.008468878269195557 0.010934719334346104
1 0.995175552368164 0.4119055179420071 0.009244537353515778 0.010209014419531414
1 0.346279764175415 0.4048392219270545 0.010368537902832002 0.014907980647488902
1 0.016115587949752805 0.4014333771977023 0.007217198610305786 0.008575729952328526
1 0.7377420425415039 0.40969369635104375 0.010713386535644511 0.012695890011203696
1 0.27803392410278316 0.40378590949199533 0.010249233245849572 0.014170796465608405
1 0.6138686180114745 0.38931342353881443 0.005560684204101639 0.007047552524196694
1 0.6918566226959229 0.40860944370397134 0.010963344573974552 0.012365502355966753
3 0.27806201190852425 0.3610442737599931 0.03469476699829103 0.03532708566783912
1 0.5283238887786865 0.4062205006094539 0.010476493835449161 0.014109633495773488
1 0.8786149978637693 0.41136984870619536 0.009939765930175743 0.012017537073035326
1 0.7819922924041748 0.409934850641199 0.010818099975585995 0.011906869763979309
1 0.08035457134246825 0.40237360091580865 0.007836580276489258 0.00980078298450463
1 0.7367613792419433 0.3906922808133172 0.005818557739257831 0.008017191864159234
1 0.9565978050231934 0.4127603646113118 0.010914802551269531 0.012175735722285584
1 0.31235675811767577 0.4047268506642934 0.010216903686523457 0.013725974866809468
1 0.5446833610534667 0.3898656839028072 0.0053527832031250765 0.007335969109224402
1 0.6513794422149658 0.40680172818643295 0.01191129684448246 0.016155992213796527
1 0.20429301261901853 0.4027782450798774 0.009964561462402353 0.013057307560227787
1 0.6094514846801757 0.40724027206105523 0.011789131164550761 0.014782067436861102
1 0.8314859390258789 0.41046863655975774 0.010471343994140625 0.012317612288676715
1 0.9659536361694335 0.3857763743741713 0.005883407592773361 0.00844587074364692
1 0.49193487167358396 0.4071029692651357 0.010495185852050781 0.014075733785219924
1 0.5385904312133788 0.3846603743791201 0.004487037658691406 0.0067666692081809416
1 0.46000804901123044 0.40643762018419033 0.010354423522949257 0.013551274771152163
1 0.41778297424316396 0.3856701911538128 0.004866218566894541 0.007182433912219589
1 0.42857360839843744 0.3866163338690001 0.005074501037597656 0.009087454154495215
1 0.751667308807373 0.3913538632597567 0.005706787109375 0.00818399996370879
1 0.1429112911224365 0.4030550927160654 0.00924224853515627 0.011859517787332944
1 0.399067544775904 0.38664306464748655 0.0044008360610407575 0.004774284059557928
1 0.9026252746582031 0.3861129500718109 0.005792236328125154 0.00882755637358408
1 0.4076148986816406 0.38597277745912484 0.005201530456542988 0.007974862066854155
1 0.8126790046691894 0.391275660752871 0.0057468414306640625 0.00798921115068638
1 0.4219581604003905 0.40611458643441734 0.010536766052246103 0.01430352549105643
1 0.7323146820068359 0.3850569471835331 0.005452537536621036 0.008479949817748451
1 0.5629697322845458 0.40673258353871644 0.010993003845214844 0.013882021153484901
1 0.5573925018310546 0.3892402432112701 0.005286979675293045 0.006753755032731949
1 0.6295042991638183 0.3893222123526617 0.005845069885253906 0.007188890999944107
1 0.06666581034660339 0.3852199886485768 0.004262566566467285 0.007224046255333074
1 0.8554929733276366 0.3918013753117741 0.005619430541992226 0.008195837957870393
1 0.09797249436378479 0.3811581217427701 0.00436292886734008 0.006581566026745264
1 0.49862308502197256 0.3870167629896931 0.005568122863769589 0.00854972223788262
1 0.6426562309265136 0.38977160772193215 0.00584049224853508 0.007392827353909579
1 0.07983035445213317 0.38500277939206656 0.004855954647064211 0.008157454158619211
1 0.04732572734355926 0.38478054795621497 0.0041734993457794144 0.006542823500398242
1 0.7234038829803466 0.39036682565564756 0.005721092224121094 0.007756755992604381
1 0.930158996582031 0.39160802140713497 0.00588150024414074 0.009061805167145106
1 0.26914741992950436 0.3857335064862225 0.004465484619140615 0.00834166052231542
1 0.8963265419006348 0.391556275023565 0.0057184219360352714 0.007900246830926574
1 0.004719140380620956 0.4463648427650925 0.008687900006771087 0.032478792527142655
1 0.5222728729248046 0.38924069162013986 0.004976844787597714 0.007053830248373292
1 0.76847505569458 0.3911812258449002 0.005834197998046836 0.007924819636989247
1 0.27850203915092775 0.38801484519757257 0.0033605655760254793 0.004365681264805307
1 0.7650240898132323 0.38507685653735035 0.005480289459228516 0.007253820604284911
1 0.6576949119567871 0.38950946789667223 0.005384063720703086 0.007184945001890255
1 0.29864134607129644 0.3883154058304803 0.004238863225116221 0.005565628831071897
1 0.7104516506195068 0.3905556954715892 0.005426311492919864 0.007531834103534292
1 0.9236957550048828 0.38573547948524944 0.0061790466308592985 0.009494071317590847
1 0.7471117019653319 0.3850005373477178 0.005797290802001992 0.008088578556224512
1 0.07301681041717528 0.38517245730838257 0.0042856693267822365 0.007761778171945624
1 0.2590224742889404 0.38593546984116106 0.0044002532958984375 0.00782060941565775
1 0.9898458480834961 0.3899367118677766 0.0063850402832030485 0.010445056848571513
1 0.5854475639074007 0.38942416768005805 0.004759986301851106 0.004935448423667674
1 0.017411613464355467 0.38359208508781106 0.004542803764343262 0.006888636420754798
1 0.20485854148864743 0.3863713232625649 0.005064868927001943 0.006963610383778221
1 0.8664626121520994 0.38680771477461234 0.0054372787475586324 0.0077976508815262285
1 0.044963222742080686 0.3796650995700272 0.004345798492431643 0.006330457059681303
1 0.30742468833923337 0.3874503743667481 0.004586887359619112 0.006892582418808696
1 0.845425796508789 0.38662781313606587 0.005872344970703086 0.008275475373139262
1 0.8838926315307617 0.3869700387854644 0.006256103515625 0.008468829277778442
1 0.6233978271484375 0.3838232847010577 0.004995155334472637 0.007103693314690279
1 0.6548806190490722 0.3843323184500058 0.005998802185058613 0.008405334581820868
1 0.4421844482421875 0.38631365788191413 0.005625534057617169 0.0086813750820433
1 0.21335346427304885 0.38722915818264936 0.0038023417541055453 0.006081981041357206
1 0.3466023728087708 0.3872233238811523 0.00417479791584803 0.005203590711463246
1 0.8020865440368652 0.3862793994442647 0.005741500854492226 0.00842614075337761
1 0.06088217496871947 0.3851132673375746 0.004392123222351072 0.007777203437065282
1 0.10753564834594724 0.38154841682300655 0.004741525650024412 0.007060646063193608
1 0.2897227099056679 0.38758825778203093 0.0034793477288163604 0.004429297758020507
1 0.08662382960319519 0.38505344959434906 0.004424118995666506 0.0067437106740493745
1 0.9121737480163574 0.3916267648978907 0.006026077270507697 0.008278345189905724
1 0.9728605270385742 0.39132023259452486 0.006118965148925705 0.008228302760040817
1 0.6729129791259765 0.39038296837495884 0.005366897583007774 0.007772360621271916
1 0.31703481674194334 0.3877859635648742 0.004708290100097656 0.006852763711174284
1 0.03975888490676879 0.3848574052364913 0.00439110994338989 0.006413323018812431
1 0.9450200824140997 0.39230040692752416 0.005648761629957597 0.00526854040512784
1 0.054410064220428454 0.3849353386980551 0.004667091369628905 0.007781328798667011
1 0.24010610580444336 0.38636477649306644 0.0045570850372314165 0.007497934392980636
1 0.025229510664939878 0.38411367428511234 0.004766154289245604 0.00729399803901512
1 0.8809247016906738 0.39144740134998796 0.006139945983886834 0.008506136895742276
1 0.5102781295776366 0.3883410937456334 0.005013465881347656 0.007591741528533808
1 0.637172508239746 0.384110625104798 0.004752540588378849 0.007730568914610555
1 0.12983868122100828 0.382344790975695 0.003939294815063467 0.006684520703241451
1 0.7825690359154296 0.3919019757848476 0.005952376182665788 0.0063794682628588685
1 0.6687486171722412 0.38458163378159077 0.0051877975463867 0.008506136895742231
1 0.5332146644592285 0.3891180069533744 0.005452060699462929 0.006835186083479801
1 0.2305484771728515 0.38710536858235706 0.004313850402832021 0.006593404020906821
1 0.006133627891540527 0.3766343040193397 0.011035767197608947 0.021078266058892996
1 0.9601860046386719 0.3907956838986832 0.005397033691406365 0.00750205975458241
1 0.9890316963195799 0.386036989609274 0.006211280822753906 0.010327573724695137
1 0.5962922096252441 0.384442806395514 0.004673385620117226 0.006817787819333194
1 0.5711634742740039 0.3896899467431873 0.005263922119785602 0.006088955489554325
1 0.3573293882411915 0.38801878677453067 0.004022542198935746 0.005608320766867385
1 0.8259906768798828 0.38587861159647585 0.005765151977539081 0.00866899899723798
1 0.12229681302120404 0.3827266891369723 0.003368955632251853 0.0050613936226845775
1 0.1959740161895752 0.38677435315470243 0.004425954818725581 0.005987513956091164
1 0.6002444267272948 0.3895270455243667 0.004994297027587929 0.006760570847552264
1 0.6840375423431396 0.3845785846012764 0.005902576446533184 0.008876343258613632
1 0.2491113022468596 0.3873184385068404 0.005033144255059994 0.005321206316482663
1 0.031794071197509766 0.38473481025149975 0.003858184814453129 0.0062788003578853335
1 0.09086394309997559 0.3808921256012302 0.004276132583618162 0.006946391483179535
1 0.32609968157209585 0.38768089192849836 0.0039291237535259696 0.005878279736007936
1 0.6112048149108886 0.38460172249895586 0.004941082000732383 0.007639093505180128
1 0.4588616371154785 0.3875737764877052 0.005695724487304726 0.006606318196355859
1 0.7818135625915011 0.3856825220944961 0.005096458925197211 0.006977126859898381
1 0.5733321082259474 0.3843370448993385 0.003969764951317484 0.006193962612667536
1 0.13860015869140624 0.3832428642600443 0.004704713821411133 0.006831957539617541
1 0.6988774299621582 0.38470835412818405 0.005687713623046875 0.009182337471335776
1 0.14751137180099483 0.38239865033274545 0.003133934397888108 0.006753654447372582
1 0.7985599517822265 0.3907360455190054 0.005650901794433536 0.007318570845077839
1 0.3905493974685669 0.3874859780310068 0.0043545722961425394 0.0069962545494965216
1 0.17768582105636596 0.3866233290473683 0.004460525512695308 0.005935677890747273
1 0.22169961929321289 0.38680116800511394 0.0042653560638427545 0.006920025041637833
1 0.8417802810668945 0.3907490493762284 0.005909729003906231 0.008308478265953358
1 0.05251452922821045 0.37994194720621516 0.00416409969329834 0.006283105083034982
1 0.9456537848091287 0.3867283642576306 0.005564788792562798 0.005889160947693532
1 0.8273906707763671 0.39120642642338055 0.005981826782226601 0.008649627734064469
1 0.1159442663192749 0.3813023300352839 0.004292201995849605 0.00779908578990946
1 0.18947632312774657 0.37933901663993985 0.003993701934814449 0.006071456096509682
1 0.18657004833221433 0.386808432228804 0.004143142700195303 0.005466283485885662
1 0.08164783716201782 0.38068128375067045 0.004288578033447268 0.006642370269484249
1 0.19956920146942134 0.37952932136426476 0.004651975631713863 0.005672551565973879
1 0.15687063128882028 0.3838777418171959 0.004143443331153617 0.0050151605499902255
1 0.47198957171565065 0.3884670262116885 0.004457035774108557 0.006504799641183047
1 0.168832238672826 0.3860930182746788 0.004047293484177629 0.006158039658557713
1 0.37589719077841466 0.3665413839828418 0.009490487420347382 0.04468849133611291
1 0.3368494987487793 0.38764659808815377 0.004919624328613291 0.007448968144403163
1 0.684692907333374 0.390587353137794 0.005419921875000019 0.008996516835708505
1 0.4852026921858349 0.3889766511174188 0.0045734829148899765 0.005934224333406758
1 0.3693747538585131 0.3873286727881014 0.004845523834228506 0.007688597844401318
1 0.5490537643432617 0.3846739163269867 0.004538726806640644 0.006801286372926145
1 0.4761038274152341 0.3844847970243857 0.004005362921011091 0.005535571791219769
1 0.6981597423553466 0.3903506829363363 0.005613899230957089 0.007918721276360572
1 0.5621299743652343 0.38350150649612014 0.0053005218505859375 0.007255972966859781
1 0.361236943033723 0.38431181422477684 0.004322394574988509 0.005189606192002037
1 0.3241157618298534 0.38386466772264444 0.0034301711660467455 0.005249208259279248
1 0.16965494155883787 0.38008768008888616 0.0039327144622802734 0.006447581456461838
1 0.21022202968597412 0.37839538501442327 0.004434299468994136 0.006699407877717393
1 0.06316957473754882 0.38018220467863095 0.003660869598388667 0.0057552381615570865
1 0.45893115997314443 0.36916551620289323 0.011964416503906308 0.015170748245166454
1 0.02857131958007812 0.3808710503843516 0.00397319793701172 0.005875591102199837
1 0.5053492069244384 0.3839563724536016 0.004197216033935508 0.007432825425091912
1 0.45511465072631835 0.38412622973346555 0.005070114135742226 0.006828728995755282
1 0.38044576003001285 0.3875671959074957 0.005634261850371576 0.006612929175881742
1 0.15065494047594455 0.38016754080571524 0.0033395657268724854 0.004170106139825603
1 0.03553037941455841 0.3806055026516815 0.00394173860549927 0.005451934402053439
1 0.2391209125518799 0.381289236496287 0.00468602180480956 0.007800700061840566
1 0.057492842346836256 0.378786989265745 0.003121523403309567 0.0051663445529115505
1 0.12510503926252142 0.37913924003071625 0.0032463843394419647 0.005870846082854059
1 0.13347072198339105 0.37972632463900163 0.0029966624671771687 0.006575347612796568
1 0.14221098751265784 0.37960890771734457 0.003995549956236233 0.005401178396225765
1 0.16506053882488383 0.38242691383711447 0.003995549956236257 0.005401178396225765
1 0.17405052622641537 0.38230949691545746 0.003745828083971485 0.00563601223953989
1 0.1795444074162402 0.3794914907956875 0.003745828083971461 0.005166344552911596
1 0.18347752690441027 0.38230949691545746 0.003371245275574327 0.00563601223953989
1 0.21612866170302827 0.38219207999380034 0.003496106211706665 0.007749516829367371
1 0.21999935072313212 0.3792566569523733 0.003496106211706713 0.005636012239539935
1 0.22636725846588365 0.3820746630721433 0.003745828083971437 0.007514682986053247
1 0.2476560480764549 0.38254433075877164 0.003870689020103871 0.004696676866283256
1 0.2814933617683305 0.3837184999753424 0.003620967147839099 0.006575347612796568
1 0.2922654268808115 0.3843402225755167 0.0038038884192730348 0.005246422893481735
1 0.3010143702451395 0.3844992050874404 0.003888419273034629 0.005564387917329093
1 0.3114116652578191 0.383147853736089 0.004057480980557913 0.006995230524642253
1 0.33355874894336435 0.3832273449920509 0.0033812341504649195 0.006836248012718574
1 0.3853761622992392 0.3837837837837838 0.00422654268808115 0.006041335453100177
1 0.3958579881656804 0.38338632750397456 0.003550295857988156 0.006836248012718619
1 0.4651732882502113 0.38394276629570745 0.005240912933220568 0.007313195548489702
1 0.48706677937447174 0.38378378378378375 0.0037193575655113924 0.006995230524642298
1 0.5136517328825021 0.38426073131955485 0.003972950126796319 0.008903020667726542
1 0.5265849535080305 0.38513513513513514 0.004649196956889264 0.008108108108108145
1 0.5842349957734574 0.3847376788553259 0.0043110735418427915 0.005723370429252818
