2 0.414545202255249 0.36988566084772295 0.028114891052246103 0.02032224870448271
1 0.18462873697280882 0.447249463783349 0.019497561454772955 0.029894881256054943
1 0.40555062294006344 0.45108309057444945 0.017245960235595673 0.025891128139768762
1 0.09497524499893188 0.4468284975364212 0.01915907859802246 0.02965112619445506
1 0.27316541671752925 0.4466853654251947 0.018691492080688495 0.02704784366019388
1 0.9329322814941404 0.4583126074179935 0.02005977630615246 0.028362219739225543
2 0.6038550295715698 0.3706993867376707 0.02407797143562005 0.013879237646491903
1 0.5042456626892089 0.45078023522381555 0.01882181167602535 0.027626291102180404
1 0.11115481853485107 0.4032253984047991 0.009698915481567375 0.012525674004243915
1 0.8282670974731444 0.45822651291500016 0.01948699951171871 0.02768655725427576
1 0.6041797637939452 0.4523799787075607 0.01847295761108406 0.027885292065352115
1 0.04494742751121521 0.402808557519473 0.008782833814620972 0.01131389387461269
1 0.7166526794433593 0.38508923262215566 0.005252552032470722 0.008149562162511507
1 0.015876035392284393 0.4023643636930917 0.008125808835029603 0.011089868803282069
1 0.38072495460510253 0.40416741575838455 0.00998067855834961 0.013995378915759416
1 0.8792829513549805 0.40994462595455977 0.011555099487304725 0.014305319126535458
1 0.17419399023056029 0.40361515539439186 0.009617090225219727 0.011801762724908207
1 0.918360710144043 0.41101784774343614 0.0117950439453125 0.014330071296146054
1 0.9952885627746582 0.4130537136939068 0.009422874450683747 0.01205412723680748
1 0.5281784057617187 0.40691078122355784 0.010621833801269511 0.014387467631474993
1 0.7175856590270996 0.45373758140163684 0.021167755126953125 0.02863610787687315
1 0.8314529418945312 0.40918206183065103 0.011507034301757812 0.013645799360896882
1 0.3982741340814155 0.38832057424816 0.004456523096934607 0.0033682328085436687
1 0.34586269855499263 0.4041588063080852 0.010747861862182637 0.015343475341796857
1 0.9567562103271484 0.4133126249753044 0.011041831970214766 0.011417207278204628
1 0.6915860176086426 0.4082934948143405 0.010979270935058651 0.012760640251996578
1 0.14266929626464842 0.4032146365919249 0.009959721565246573 0.012513118555890719
1 0.6510638236999511 0.40658057293186883 0.011464500427246132 0.014872107937908342
1 0.6139833450317382 0.3893148584471977 0.005458831787109375 0.006936526488044882
1 0.31222877502441404 0.40460183427140517 0.010009574890136699 0.012467918941819268
1 0.7516156196594238 0.3914534100288427 0.005608367919921856 0.007835496590133691
1 0.7365385055541992 0.408357168873846 0.011747360229492188 0.013753955580282279
1 0.20497887134552 0.40314414671759913 0.009493541717529317 0.012121388567271027
1 0.27790241241455077 0.40446542829322507 0.01038980484008789 0.014049726070774017
1 0.7822632789611816 0.4096833829470393 0.012056541442871114 0.01312905297938895
3 0.28299279850718667 0.36362057533525044 0.03632171560390482 0.0330550997885802
1 0.7366650104522705 0.39051444185557155 0.006086158752441387 0.00794759880757294
1 0.5624584674835205 0.40708870986307744 0.01120939254760746 0.014622254515679736
1 0.5390724182128905 0.38445455470790163 0.004516792297363205 0.0073887019923078055
1 0.06672796010971069 0.3847482625175925 0.004470372200012209 0.007381168723295898
1 0.6292701721191406 0.38944113038492123 0.005628108978271484 0.00712736930301344
1 0.24373178482055663 0.40397666262518994 0.010163688659668007 0.014035915077585465
1 0.004917509108781814 0.4451559324522276 0.009267781674861907 0.030712420307395946
1 0.8552852630615234 0.3918583232382333 0.005692291259765606 0.008415917031147161
1 0.017547473311424255 0.383642037835902 0.004477024078369138 0.0066827270677624236
1 0.49222621917724607 0.4072151611643489 0.010587120056152382 0.013732073227438146
2 0.004323571175336837 0.37648067914056094 0.007748614251613617 0.02181311851465075
1 0.42197542190551757 0.4067585015713884 0.010117721557617159 0.013796823468231028
1 0.0804966926574707 0.4027241669701847 0.008715987205505371 0.011272819622142922
1 0.9660566329956054 0.38578426637027896 0.0056312561035157015 0.008577523587807554
1 0.4074974060058594 0.38562839944715144 0.005217170715332041 0.008165704881822713
1 0.09792832136154174 0.3807779607029901 0.004437160491943367 0.006178356771059722
1 0.46015024185180664 0.4066979663739712 0.010210037231445312 0.012982154233656578
1 0.41760106086730947 0.3856125257731621 0.004921531677246104 0.007185483092533973
1 0.8454853057861328 0.38581314390149135 0.005813980102539005 0.008390626770892848
1 0.27888903617858884 0.38612469838419855 0.004709815979003916 0.00769003275278455
1 0.07988860011100768 0.38512914101156404 0.004971480369567881 0.008058804207272674
1 0.8126592636108397 0.3917484630651428 0.005463027954101601 0.0077054580179041635
1 0.31708648204803463 0.38731047079938397 0.004485130310058594 0.006604524560876786
1 0.6090737342834472 0.4069402865271879 0.010910797119140605 0.014052237160444639
1 0.8837097167968749 0.38704025961446836 0.006371688842773361 0.00851241461991883
1 0.8659435272216797 0.38630729047596357 0.005315589904785233 0.007927151363111994
1 0.2902844429016113 0.3864848603883873 0.003911161422729482 0.006350545777046407
1 0.2692897796630859 0.3856869616455417 0.004585409164428701 0.0077442005442511855
1 0.7322152614593506 0.3851182895169159 0.005413150787353573 0.008505060714454797
1 0.7684515953063964 0.39116104744576113 0.0059305191040038676 0.007940065538560985
1 0.5444499492645263 0.38919118728091867 0.005517101287841758 0.007486993216558593
1 0.7650080680847168 0.3851290513297901 0.005368995666503887 0.007050781068058954
1 0.6426424980163574 0.38989823838675153 0.005842971801757794 0.007464572773070698
1 0.6575031280517578 0.389515386893753 0.005296325683593808 0.007362156187218228
1 0.8964900970458984 0.39205212555174224 0.005894470214843635 0.007928944998591066
1 0.5572571754455566 0.38916239943148034 0.005149459838867245 0.006809178369033895
1 0.8020768165588378 0.3858697331008547 0.0060018539428711324 0.008959567944840511
1 0.532965612411499 0.3885279905625481 0.005341339111328106 0.007491836032351914
1 0.05420228242874144 0.3850431361903447 0.004622888565063484 0.007591382801438011
1 0.07293157577514647 0.3846889828650106 0.004325747489929199 0.007520175472920565
1 0.7234239101409912 0.39051731167233805 0.005644035339355392 0.007738281547170384
1 0.4283033370021925 0.39017854763441734 0.00478668193895536 0.0048313909505607365
1 0.12984697818756102 0.3822456029337047 0.004172277450561519 0.006760570847552219
1 0.9030628204345703 0.38654745826660536 0.005678558349609414 0.008462730917149764
1 0.20435727871211704 0.3876166336197696 0.0033483750969635715 0.004750644441522216
1 0.44174733268397964 0.3885849306712055 0.004978563530801364 0.004056322271425225
1 0.34632282658702224 0.38768018983709196 0.004934112145779735 0.0059493873529749795
1 0.10746201276779174 0.38146501277323175 0.0048378705978393555 0.007146919929734871
1 0.29909103406049176 0.3864621836641477 0.004070480549414753 0.0048541256204761764
1 0.0610542893409729 0.3845938305028482 0.004496002197265627 0.00787764702389085
1 0.7105296611785888 0.3905594621060952 0.005390071868896523 0.007419014431903405
1 0.827718518345462 0.3929552040698557 0.005793432059076061 0.004945266270382402
1 0.5857054810079565 0.3894864406242385 0.005226548500484381 0.004664322914384155
1 0.9235868453979492 0.38591089703509834 0.006226730346679803 0.00945210024738161
1 0.23022086620330812 0.38755512267872333 0.00443420410156251 0.006203826394861955
1 0.12279374599456787 0.38140187680437 0.004522418975830088 0.007386370266185106
1 0.7470919132232664 0.38503901082874287 0.005623149871826153 0.0077442005442511855
1 0.0471952736377716 0.38477229723301143 0.004101467132568361 0.006604883287972627
1 0.6975768786657358 0.3910549689345272 0.004957720038991297 0.006004523438440862
1 0.7825493741560074 0.39176428954635273 0.006658349142093055 0.006728917885132487
1 0.039654207229614255 0.38480530012582553 0.0045632123947143555 0.006287768535280474
1 0.2587969303131103 0.38587036087327237 0.0045931339263916016 0.00777433362029882
1 0.6110558032989502 0.3849118420732798 0.004799938201904258 0.007438923785720634
1 0.04469755291938782 0.37990230786212864 0.004331278800964354 0.006658692352343422
1 0.4588175773620605 0.38745432036480193 0.005532264709472656 0.0067551899411151355
1 0.9121964454650878 0.3917633502396188 0.005962371826171875 0.008441924745593066
1 0.9890381813049316 0.3863242403312404 0.006225395202636795 0.010256007669081938
1 0.0904607057571411 0.3805488237705442 0.0044776916503906205 0.006369558313124121
1 0.3074435234069824 0.38724751419407005 0.0043998241424560835 0.0065745708483770276
1 0.4986300468444824 0.3888707543025904 0.005567169189453183 0.00696648020054464
1 0.6370722293853759 0.3844275604939422 0.004792499542236405 0.007829936320148731
1 0.6549507617950439 0.3842300812277013 0.005983734130859414 0.008346862065204583
1 0.5098212242126464 0.3884273676121746 0.005174827575683613 0.007687162936018087
1 0.011637593805789947 0.3830685228914828 0.004149401187896729 0.00790132301221401
1 0.9719820976257324 0.3914691940210582 0.006545829772949295 0.008610167753525853
1 0.24008074468652985 0.3879125582701713 0.004550539130358269 0.0049666485604729785
1 0.21384029388427733 0.38666341680032457 0.0049345970153808405 0.007219382803087583
1 0.6007229328155517 0.38959645921740504 0.004958915710449295 0.006759494666264829
1 0.13820812507333397 0.3829756293399523 0.0039544066560673885 0.005240610610057602
1 0.6730227470397949 0.38980200984330166 0.005402946472167911 0.007280366409374534
1 0.14722255512094493 0.3831232848143744 0.0033113249940871056 0.004784231195196519
1 0.09480807781219482 0.3862073849797817 0.004391670227050781 0.006065357735881005
1 0.8811872482299804 0.391537710896357 0.006420135498046875 0.00876262676924323
1 0.7823919296264648 0.38533451227391274 0.0058721542358398824 0.009371566014373228
1 0.6234109878540038 0.38426819598163064 0.004776954650878906 0.007096339409226247
1 0.08709450364112853 0.3851288719662422 0.004720413684844961 0.007431390516708681
1 0.8258384322413592 0.3857208304827259 0.0060876081960975345 0.006444194966187602
1 0.5962951660156249 0.38474628951856554 0.004489803314208927 0.006564167762598656
1 0.025387677550315856 0.3834743329186129 0.004222339391708374 0.006913926681009111
1 0.35781211853027334 0.3872392634708665 0.004933500289916982 0.007114993218208119
1 0.221603775024414 0.3867987465972172 0.004180335998535146 0.006730796498600337
1 0.6687657356262207 0.384402180551914 0.005152130126953164 0.008398698130548474
1 0.6843705282887131 0.390878509961877 0.00516216482327589 0.007040099047059227
1 0.9600272178649902 0.3907061814882796 0.0051713943481444926 0.007665998037365548
1 0.5219700813293456 0.3886418864154664 0.004938507080078067 0.007188173545752514
1 0.9456630706787107 0.38548724033495196 0.005714035034179649 0.008779845669841918
1 0.15682739013962418 0.3826692819665231 0.0034857987271243868 0.005379606226904606
1 0.24973875600963397 0.38764041892711576 0.004082744938739824 0.00442236987436195
1 0.4722739219665527 0.38853516510446423 0.005136680603027267 0.007514256475839764
1 0.3904853343963623 0.38755010049938204 0.004383754730224581 0.006840925717012681
1 0.8409595489501952 0.39169393654658036 0.005775070190429649 0.0073517531014398564
1 0.16972090005874632 0.38001952194068306 0.003984308242797837 0.007101540952115455
1 0.4846046837415184 0.3890934639616422 0.0034087960413864073 0.004592185288294158
1 0.3699330806732177 0.387218098572214 0.004735565185546885 0.007775051074490458
1 0.3755746522606061 0.3671755014255244 0.008943918979049508 0.04121299701954448
1 0.6840109599890426 0.3850236589657123 0.0055121710568454985 0.007132592263038501
1 0.5710291862487793 0.38873874273133385 0.005699729919433651 0.007358927643355924
1 0.11554789543151855 0.3817806926175407 0.004503107070922837 0.007394800352936528
1 0.6987654936121465 0.3852595220312045 0.004057011609255138 0.006910071617063479
1 0.18636373281478877 0.38705604360668383 0.00409002304077148 0.005762771430568995
1 0.573665797713719 0.3844885076557428 0.004355145778954016 0.006062289643099469
1 0.5266633987426758 0.3844498015738822 0.004648685455322266 0.0075877955304799105
1 0.0818204402923584 0.3807328507706925 0.004314875602722166 0.006930966218059922
1 0.052046549320220944 0.37963846408316365 0.004333472251892094 0.006617976826969496
1 0.3258597373962402 0.38711460580507406 0.004639720916748008 0.0066719652548882106
1 0.7987452507019043 0.39131996354920306 0.005949211120605488 0.007243417518506585
1 0.4758480072021484 0.38394453445944005 0.0048433303833007426 0.007168443555483162
1 0.03152199983596801 0.3838183522034904 0.00395622253417969 0.006524887145607916
1 0.562299633026123 0.38363925770090945 0.0051059722900390625 0.007382782995227004
1 0.21699213981628418 0.38166589994688294 0.004010295867919932 0.005970653782588319
1 0.5054213523864746 0.3839683898113111 0.004302406311035099 0.007574701991482997
1 0.17847802639007568 0.38703658266173635 0.004109787940979008 0.0070916759569807555
1 0.9301870346069336 0.3917920484072832 0.005916976928710976 0.008983602660259514
1 0.5141576290130615 0.38456889896968965 0.004398155212402325 0.0071451262942558436
1 0.4593668937683105 0.36918677078331974 0.01222810745239254 0.014821527417399718
1 0.19633026123046873 0.3872729838178722 0.004229259490966792 0.0057991822307932265
1 0.3370974540710449 0.3876600503542465 0.004432392120361347 0.006921280586473144
1 0.16528644561767578 0.38258244767666616 0.004528236389160152 0.007281083863566127
1 0.4534405764211705 0.384221690415448 0.005106163024902363 0.007024593990065173
1 0.5501058101654053 0.3844523126635529 0.00420036315917963 0.00690244741394335
1 0.3014863874682485 0.383129882756027 0.00424647331237793 0.006048856289473956
1 0.3232471363047091 0.38451457527043004 0.0030586036641057687 0.004767389375074216
1 0.1738565444946289 0.38336671478987117 0.0041773319244384766 0.007125575667534411
1 0.4974954504682418 0.3844079116362702 0.005352390303683515 0.006595344381113711
1 0.4867368694836773 0.3841422990029801 0.003935647037484476 0.005953798523457993
1 0.4648341381446333 0.3843032124765871 0.004277877214657055 0.006275625470671908
1 0.4280443940985828 0.38438366921339057 0.004448992303243297 0.004827404208209178
1 0.39608865130509474 0.3842227557397836 0.004192319670363911 0.004505577260995217
1 0.38513728563557276 0.3834986451085522 0.0031656291388462193 0.004666490734602197
1 0.36173729727139875 0.3834986451085522 0.0032511866831393165 0.0065974524178858684
1 0.3121994791256703 0.3839813855293731 0.0027378414173804947 0.005953798523457948
1 0.17946178395171464 0.3790004344157336 0.0036279336378379112 0.00523118422638746
1 0.18339204539270568 0.3830944046798629 0.004474451486666744 0.006140955396194002
1 0.1888339458494625 0.37956904139686265 0.0035070025165766325 0.006823283773548886
1 0.192038620562886 0.383663011660992 0.0043535203654054885 0.004548855849032575
1 0.198931694474778 0.3800239269817659 0.0033860713953153777 0.005458627018839072
1 0.05705333037575263 0.37894590460297595 0.003996730674308411 0.005449755136864006
1 0.06344809945464609 0.3785700594211232 0.0027977114720158913 0.004698064773158649
1 0.06929331806582216 0.3781942142392705 0.004096648941166124 0.006953135864274765
1 0.07618767847900416 0.3794157110802918 0.005095831609743229 0.006765213273348482
1 0.15027707335399643 0.3788519433075127 0.003397221073162145 0.005261832545937678
1 0.14163414327080445 0.37979155626214445 0.0036969758737352963 0.006389368091495736
1 0.15981926783890776 0.37894590460297595 0.00329730280630442 0.005825600318716752
1 0.22596516049871204 0.3827043564215028 0.0032973028063044683 0.005825600318716707
1 0.23051144164073784 0.37979155626214445 0.003996730674308423 0.006389368091495736
1 0.2478972200739795 0.3831741628988187 0.003397221073162169 0.005261832545937678
1 0.2816695942718856 0.38289227901242917 0.003397221073162169 0.00507390995501135
1 0.38053871932759 0.38730845989919827 0.004496322008596976 0.005261832545937678
1 0.4417886169113665 0.3838318919670609 0.004096648941166076 0.00507390995501135
1 0.5843220245838903 0.38542923398993484 0.004596240275454725 0.006013522909643035
