1 0.6070719242095947 0.4311261157352708 0.020201873779296893 0.03591575683205609
0 0.4225845336914062 0.4091171322263102 0.008670616149902324 0.021372242913905663
1 0.1956935167312622 0.4340881253653376 0.01905908584594728 0.029318765540191215
1 0.9016707420349122 0.43074819673983966 0.020764732360839883 0.03242426600858023
1 0.2930782318115234 0.43406740887555484 0.018171262741088885 0.027721174419021055
1 0.8019950866699218 0.4328666596041195 0.020735740661621094 0.029114649822677866
1 0.9913811683654785 0.43162555353440607 0.01723766326904297 0.03310028722062594
1 0.09882855415344238 0.4346547348131626 0.018868207931518565 0.0299795408506651
1 0.5086719989776611 0.43506045515851866 0.019206237792968768 0.028481496498580994
1 0.41504001617431635 0.39059784590534635 0.010614585876464864 0.014911926645542709
1 0.3339414358139038 0.3907216067533993 0.010709762573242188 0.013935292127211979
1 0.6978748321533202 0.4330313153410943 0.021191406249999982 0.031783041324827725
1 0.5039783477783203 0.3908711959523502 0.010060310363769531 0.01229393630035351
1 0.5488348960876465 0.39038906673558754 0.011174583435058632 0.015237650848534252
1 0.5866991996765136 0.38929423163918886 0.011586761474609337 0.01585035672817018
2 0.5726634979248046 0.3507293648863824 0.023792457580566424 0.014453832144198984
1 0.21703505516052246 0.3886209905621357 0.010402107238769522 0.01463839723499099
1 0.6601435661315918 0.39023884976421896 0.011533355712890587 0.015140256442022978
1 0.15200982093811033 0.3884579490970921 0.010423040390014657 0.013818705821075207
1 0.07639583349227905 0.3878126887335117 0.010448431968688962 0.013671807075342789
2 0.33697345256805417 0.3523500939052321 0.02493290901184085 0.01823266337141512
1 0.18286387920379638 0.38890070801509014 0.010037565231323233 0.013356127231033865
1 0.7764168739318847 0.39291513326247657 0.012204170227050781 0.015146354802651701
1 0.43651838302612295 0.37181776498573194 0.005697631835937442 0.007602144614312179
1 0.11578822135925293 0.3887005382956306 0.009740734100341812 0.01381063446141958
1 0.372145938873291 0.3902629741614118 0.010599803924560518 0.014186221730728019
1 0.6226650238037109 0.38902653154394395 0.012139034271240254 0.016289259329888315
0 0.40201120376586913 0.4062205902912279 0.010681629180908203 0.03282568162878674
1 0.7331319332122802 0.3925650156169703 0.01203317642211916 0.0149165900977882
1 0.33587415218353267 0.37145284984752364 0.005816221237182617 0.006988003826292975
1 0.9062734603881833 0.39097576490077757 0.012676620483398475 0.014414730890756209
1 0.859674835205078 0.3911099288346089 0.011663436889648438 0.014227834073841459
1 0.011043079011142253 0.3878033618290208 0.010242709890007971 0.014496879395695654
1 0.6944753646850585 0.39133449199658316 0.01187896728515625 0.01569771834890488
1 0.8155506134033202 0.392440088905856 0.012504196166992245 0.015766055860655864
1 0.2948484420776367 0.390118765868898 0.010541057586669931 0.01401331527054974
1 0.25069293975830076 0.38977600212885577 0.010381793975830087 0.014325049116804812
1 0.45672039985656737 0.39062026634883423 0.01070222854614254 0.013928296948843788
1 0.04399739503860473 0.38899953732998455 0.010003364086151127 0.013485986439715518
1 0.9467830657958984 0.36872598582875743 0.006610488891601524 0.009178570836829845
1 0.9302188873291015 0.36975490482130186 0.006171226501464844 0.00804445512344045
1 0.9726494789123533 0.39132014291275097 0.012915039062500038 0.01578614457802097
3 0.4231335859773898 0.42010899303894156 0.10009094546766457 0.03672855875609029
1 0.26663274765014644 0.3714640600692676 0.0054471969604492 0.0069732960153649545
1 0.46049723625183103 0.36574774379760544 0.0048733711242675394 0.007083066506681457
1 0.9424993515014648 0.36335682770406114 0.005395507812500154 0.00713185339171101
1 0.27937712669372555 0.371461459297823 0.005601119995117159 0.006955897751218392
1 0.44994564056396474 0.3715773281497682 0.005520534515380878 0.0073409912885656885
4 0.3119725694391592 0.31370899470350705 0.17484761766091703 0.08553393468120284
1 0.5325516700744628 0.37007300607350746 0.005658340454101486 0.007637658596796897
1 0.8409164428710937 0.36864787300364577 0.007163619995117245 0.009001180287953952
1 0.9914216995239258 0.36328499260312613 0.0054759979248046875 0.008614472478675549
1 0.5056313514709472 0.3714924891916102 0.0062585830688476176 0.007276958501964399
1 0.27308766841888427 0.36611373511710116 0.005062437057495127 0.007146202475543233
1 0.8362768173217773 0.36433669076625413 0.00576019287109375 0.007745635452634372
1 0.896122932434082 0.36769706683621306 0.006995773315429649 0.00903705299753451
1 0.04804372489452362 0.3668355837156359 0.004621273279190061 0.00770581674499996
1 0.18367124795913695 0.3704203435840212 0.0050393581390381 0.007022082900394506
1 0.5979227066040038 0.371276894207031 0.005458831787109375 0.007005222726891662
1 0.8060796737670898 0.3690039096462328 0.006026840209960995 0.0082580771089927
1 0.22035317420959472 0.3703533512988795 0.005420207977294922 0.006863704887596327
1 0.3884924173355102 0.3709464168700201 0.0057351112365722845 0.007477666312067611
1 0.34936845302581787 0.3714168874561692 0.005409574508667002 0.006762543846579168
1 0.9150279045104981 0.36907224715798376 0.006149673461914101 0.008259691380923806
1 0.19576833248138426 0.37040151041149144 0.005060100555419912 0.007012935359451446
1 0.4926446914672852 0.37131429150676876 0.005793380737304669 0.00726924586940457
1 0.15434186458587645 0.3698831497580523 0.005440807342529307 0.007552640275090944
1 0.37293009757995604 0.42724271555962734 0.013435554504394502 0.02082321109377523
1 0.32101988792419434 0.3714258556335643 0.0056344985961913775 0.007381168723295898
1 0.8246967315673828 0.3687485856357932 0.006198883056640625 0.00875688713571035
1 0.7604063510894775 0.3641151767845942 0.0054615974426268955 0.007924640273441372
1 0.30835213661193844 0.3715745480147757 0.005285930633544893 0.007334175473745374
1 0.5018835544586181 0.3659454024273944 0.00531787872314455 0.007736308548143435
1 0.428490400314331 0.36572326067331673 0.005005359649658203 0.007429238154133856
1 0.9850685119628906 0.36888068688882364 0.006559753417968596 0.00789486592448949
1 0.14128658173300968 0.3713507700359301 0.005072724862532866 0.0037828211309437173
2 0.24637134075164793 0.3523017554290722 0.01827816963195799 0.013630374095777269
1 0.37103848457336425 0.36614835228184633 0.0050965309143066505 0.008869348080245396
1 0.6187688827514648 0.36559438796414856 0.006077766418457031 0.007685010573443217
1 0.7984673500061035 0.3645499540247106 0.0055999755859375 0.007169699100318517
1 0.2089557647705078 0.3705489472478675 0.005215930938720708 0.007337045290511836
1 0.44507265090942383 0.3658330311646332 0.004937171936035156 0.007450582416334271
1 0.9221650123596191 0.3649061700308455 0.0057060241699217985 0.007818457053082926
1 0.8569654464721679 0.36705090965489323 0.006912803649902305 0.009650835058457919
1 0.9662197113037109 0.3685910147589606 0.006140518188476639 0.00803548694604531
1 0.29384217262268064 0.3711685586240977 0.005735015869140635 0.007514435839387684
1 0.7833598613739013 0.3695820880428975 0.005826473236083984 0.00792840690794735
1 0.37751104831695553 0.3711894544774284 0.00586094856262206 0.007642680776138185
1 0.8750898361206054 0.3688616743527459 0.006550216674804534 0.008745766595740386
1 0.5827703475952148 0.3703442934397104 0.005539321899414005 0.006949620027041749
1 0.7786108016967773 0.36428700706348505 0.005561065673828144 0.008137006714158311
1 0.006714951992034911 0.36759680261293537 0.004379963874816894 0.007808053967304554
1 0.3297981262207031 0.36611373511710116 0.005120468139648409 0.007866347120372963
1 0.46484928131103515 0.37195183923778924 0.005405044555664024 0.007047193797100898
1 0.4242053985595703 0.37150917000156514 0.005446910858154297 0.007308167759299468
1 0.4787150859832764 0.37071297521242463 0.005490589141845684 0.008255386655774112
1 0.2541074752807617 0.37089153162436184 0.005739688873290968 0.007851818672992865
1 0.9686861038208008 0.3634226541261415 0.0056726455688477714 0.007718013466257359
1 0.5453372001647949 0.37065342651452093 0.005582618713378887 0.006965942109900922
1 0.8154660224914551 0.36467676405307786 0.006184196472168026 0.008503625806071611
1 0.17089238166809081 0.37080310539524575 0.0052361965179443404 0.006972399197625441
1 0.05876582860946655 0.366073288637049 0.00459711551666259 0.0073270009318292615
1 0.3638000965118408 0.371112686878926 0.0057964324951171875 0.007495961393953732
1 0.3176650762557983 0.3662275412882454 0.005404281616210919 0.008441924745593021
1 0.12029229005545397 0.3718102840037922 0.004751602815986117 0.0037019590545692904
1 0.568140983581543 0.3704753185114534 0.005076694488525372 0.0067641581185102755
1 0.6390798568725585 0.3662711266303858 0.005643081665039081 0.007890202472244045
1 0.7101981163024902 0.3644566849798011 0.005552482604980488 0.007472823496274245
1 0.7443074226379393 0.36426081998549126 0.004681777954101581 0.007378298906529434
1 0.09270505905151366 0.3526761768353193 0.010282945632934566 0.04796073652792055
1 0.8981607437133788 0.36455425874986025 0.006970596313476486 0.009480439687950261
1 0.764859104156494 0.36983543905431016 0.006485366821289101 0.00836982059933615
1 0.5203848361968993 0.3685068932549942 0.006136131286621113 0.01004830468061049
1 0.7257393360137939 0.36500598584525346 0.005379009246826153 0.007993695239383949
1 0.47936210632324217 0.36780845159946063 0.005825424194335976 0.010390171602913239
1 0.2529128074645996 0.36776863289182626 0.005634403228759727 0.009586622908308709
1 0.23230652809143065 0.36955921919053986 0.0057653427124023824 0.008639224648286098
1 0.12999701635859368 0.3711129795546518 0.005354139470617772 0.004807075186535068
1 0.6283564567565918 0.37124828572114055 0.005322074890136776 0.0068258591789888195
1 0.052526146173477166 0.37112739468985406 0.0048802375793456955 0.006852046256982646
1 0.4120590209960937 0.3712073908322187 0.005580139160156269 0.0074866344894627505
1 0.3578468799591064 0.36648385179819853 0.004968166351318312 0.009159917027847927
1 0.6612050056457519 0.3651796097596233 0.005759239196777344 0.007708148471122706
1 0.24232211112976068 0.3709694650859256 0.005640411376953115 0.007500804209747099
1 0.8776264190673828 0.36474088652145303 0.006124114990234336 0.007629587237141271
1 0.10386576652526855 0.3706083165822233 0.004758548736572261 0.007756935356152257
1 0.399890661239624 0.37016591639132107 0.005517101287841807 0.00966679841422125
1 0.6138306617736816 0.3714011034639537 0.005125236511230488 0.006498341340518339
1 0.0619081974029541 0.37154674666485077 0.004420804977416997 0.006759494666264829
1 0.015269358456134795 0.3675437110027562 0.005351600050926208 0.008451969104275595
1 0.07234877915157562 0.37246657728411225 0.005511944424337087 0.003777271643403835
1 0.041558670997619625 0.370992782347153 0.005351495742797853 0.0073562371901374265
1 0.3060266971588135 0.36618126549288654 0.005056285858154287 0.007732362550089583
1 0.5587285995483398 0.3660926599002225 0.004906749725341758 0.0069250472209790755
1 0.026043034344911575 0.36763231659542017 0.004853628575801849 0.008044096396344654
1 0.4134799003601074 0.36728632431151564 0.005839252471923867 0.010276455113542839
1 0.08387549519538878 0.3706838286358904 0.004594242572784434 0.007772539984819837
1 0.733104610443115 0.369769343586908 0.005003643035888691 0.0075203548364684856
1 0.6845152854919433 0.37131204946241997 0.005053329467773419 0.00738529408489767
1 0.26430110931396483 0.3674735798555262 0.005260086059570322 0.008081045287212648
1 0.11252788681891088 0.37133855861516163 0.0033775969523882035 0.004258343295456177
1 0.6833930015563964 0.36464645161348225 0.005054950714111328 0.007448968144403163
1 0.03806862235069275 0.36741385179407454 0.004618954658508302 0.007539726099641997
1 0.5767848014831543 0.3661264699290022 0.004578018188476601 0.006951234298972902
2 0.4215491771697998 0.35459742947868017 0.013899421691894493 0.008910063605619366
1 0.03298174142837524 0.3716748122380534 0.004891788959503172 0.006480046258632263
1 0.7165015697479248 0.3713056820564694 0.006008052825927677 0.007500983573294975
1 0.641718864440918 0.3721198132004002 0.0052512168884277155 0.006956435841862065
1 0.02424357235431671 0.3714608315254054 0.004599457979202271 0.0070324859861728775
1 0.2830649852752685 0.3663660099472264 0.004968595504760713 0.007448788780855288
1 0.5208855628967285 0.3655683802497026 0.005180072784423847 0.008586491765202695
1 0.3861330986022949 0.3679637804319445 0.005625820159912119 0.0094409797074116
1 0.6844016551971435 0.36824708515585697 0.0054530143737793356 0.009472906418938352
1 0.7486787796020508 0.3699192018311808 0.005799102783203106 0.007952979714010024
1 0.6997268382434528 0.371941294094881 0.004640118464241815 0.006450364445591185
1 0.6678512418369219 0.37080299448683557 0.005447095588457849 0.006450364445591185
1 0.5973607745792155 0.36583362307608597 0.005644798247854637 0.005573677379628506
1 0.540970385945745 0.3659033439469291 0.004709239763878683 0.005535602782858258
1 0.07464864963481455 0.3678615136507646 0.004561017289296205 0.006576614701879216
1 0.11954470299898456 0.3672096069432362 0.004386034864989879 0.005499395066542643
1 0.10970935208961333 0.36695963444021157 0.0038543942752941192 0.004499505054444009
1 0.13064270030888317 0.36695963444021157 0.00505058560210955 0.004499505054444009
1 0.14120905702908607 0.36783453820079787 0.005449316044381349 0.005249422563517996
