1 0.18518429994583127 0.49733870753423204 0.01938011646270751 0.0270480230237418
1 0.12047195434570312 0.49384058025948374 0.018036890029907233 0.028058198525530303
1 0.0477204293012619 0.48965818104948633 0.019165486097335815 0.02526981280983349
1 0.2577258348464966 0.5008993430054244 0.020459508895874032 0.027203172492677723
1 0.8730835914611816 0.5508746012216151 0.02994613647460926 0.03191523225963212
1 0.6835211753845214 0.533793631191284 0.024103164672851562 0.03179954277123482
1 0.7804055213928222 0.5411593746494602 0.02720012664794926 0.03251681759929809
2 0.48923921585082997 0.4582269613238699 0.27218437194824213 0.25360660446846234
1 0.3369094371795654 0.5091516804808842 0.02122964859008788 0.024548591983716325
1 0.9671936988830564 0.5565099348513993 0.02928009033203129 0.03361398442181944
3 0.9463504791259764 0.47794466519014633 0.025423812866210822 0.028284914050079508
