2 0.05593542164397864 0.4950745555289409 0.11210433244705201 0.12844044301771398
1 0.9497164726257322 0.5527613263820047 0.025387954711914178 0.03633403262576545
2 0.9565338134765623 0.46538832001921104 0.02967224121093746 0.022501874538597488
3 0.5353619575500488 0.44780997487054525 0.025145530700683594 0.02935463824977177
1 0.7286304473876952 0.5394587391700199 0.022718048095703085 0.02792726313556126
1 0.36871924400329587 0.5154278800673249 0.023286914825439462 0.02737159486415843
1 0.994655418395996 0.49656547127922307 0.008456993103027421 0.012008748259188108
1 0.20737102031707763 0.5050726843562527 0.0205343723297119 0.02698955050712547
1 0.6324818611145019 0.5324111866458231 0.026512527465820255 0.02907303747956438
1 0.289048957824707 0.5110184066056827 0.02583036422729493 0.028531000837802183
1 0.829344367980957 0.5477023775134063 0.02591972351074217 0.02855521491676897
1 0.5459184646606445 0.5282383833856384 0.02851524353027338 0.030048057725964004
5 0.7427667140960693 0.45327482344804765 0.14386320114135742 0.06485409228714545
1 0.8591821670532226 0.48693400748393867 0.008339118957519551 0.011841581432542665
1 0.132564377784729 0.500187897492668 0.02314705848693847 0.02360244926852907
1 0.4598482608795166 0.5225703159083622 0.026086044311523362 0.028965419350822703
1 0.9038405418395996 0.49071660534566075 0.008911323547363396 0.0128017145044663
1 0.8811527252197263 0.4883518763301103 0.008861160278320275 0.012301828296461259
1 0.9724720001220702 0.4955460585547175 0.00834007263183586 0.011530385676931312
1 0.9237874984741209 0.49171279049071287 0.0090480804443359 0.01234918027310758
1 0.8236684799194336 0.48353793806794715 0.008376312255859395 0.012336624824754384
1 0.8412332534790039 0.4850221714268428 0.008571815490722676 0.012031348066223788
1 0.8069843292236327 0.4835211675762182 0.0076045989990234375 0.013065199556335583
1 0.9466230392456054 0.49331369983751927 0.008839607238769531 0.011525184134042148
1 0.7913588047027588 0.4839043777963126 0.007549571990966778 0.010297978739291174
1 0.7763420581817626 0.48243861888285094 0.006251907348632774 0.010631236211294536
