2 0.5123028067139781 0.46238373322782533 0.27336564608176483 0.24812601526136052
1 0.18531062602996826 0.499100954392377 0.01942391395568847 0.026980941056826083
1 0.048100376129150385 0.4913061733276173 0.018956339359283446 0.02588180123527778
1 0.6857244491577148 0.5348116090074062 0.025284194946289102 0.028474680683760634
1 0.33903994560241696 0.5097004432556929 0.0226362228393555 0.027823411641325558
3 0.9658294677734373 0.48038463721404195 0.027717971801757852 0.03115849745103015
1 0.8746988296508789 0.5533972598410941 0.028583526611328125 0.02609345022180308
1 0.9680046081542967 0.5581944276115283 0.028859710693359335 0.031706453089873195
1 0.25829386711120605 0.5061902986232351 0.01979990005493161 0.025608271824726015
1 0.12036752700805664 0.4952265223941287 0.018653488159179672 0.02642240296865688
1 0.782016372680664 0.544065871261451 0.02738046646118164 0.027500557255100522
