2 0.524317488545396 0.4571849808594381 0.2599026391391319 0.24659983160385837
3 0.9789070129394529 0.4811013739514616 0.028874206542968635 0.029607540852314717
1 0.12008507251739499 0.49735485025354326 0.01859364509582518 0.023837415516281733
1 0.18551812171936033 0.5000497875607828 0.019242262840271005 0.024776204326005045
1 0.2581541061401367 0.507491401799722 0.020201492309570294 0.025264073176300566
1 0.047010838985443115 0.49051428326362645 0.019465935230255128 0.0245728060626832
1 0.33792924880981445 0.513266908042192 0.021699810028076163 0.025768264109455347
1 0.7837036609649658 0.5450396359630154 0.028089904785156192 0.0292888118276915
1 0.9695184707641602 0.5569302733259094 0.030044174194335898 0.033916570727131494
1 0.6862150192260742 0.5399969194955022 0.024831199645996133 0.030709012399985813
1 0.8759365081787109 0.5529501961979464 0.03064155578613291 0.02921437595531175
