1 0.5747786521911621 0.5168103246127856 0.017988204956054688 0.02287566817242699
1 0.34749436378479 0.4953242755277357 0.016353607177734375 0.021520038477377598
1 0.45913057327270507 0.5046105541750812 0.015937423706054648 0.021290273772514186
1 0.40009036064147946 0.49889118872310473 0.01629295349121093 0.02155017155342532
1 0.7188058376312255 0.5313026302380099 0.017899703979492206 0.02465280220504787
1 0.6441546440124511 0.5235012127219777 0.01728038787841795 0.024768312329897253
1 0.8868190765380859 0.550478297462524 0.01993637084960945 0.024289052929900943
1 0.982937431335449 0.5621845490981741 0.02068939208984379 0.025743332576296876
1 0.15724108219146726 0.46594398829061384 0.011509323120117178 0.016140566948676868
1 0.5130542755126953 0.5111222580999182 0.016472625732421857 0.02180486779144729
1 0.18355677127838133 0.4695776247258027 0.012449264526367188 0.01732867108998507
1 0.792238712310791 0.5390437816019467 0.01883964538574217 0.02348980896044606
1 0.09757351279258727 0.4577415138814711 0.011817419528961173 0.01625948498093648
1 0.3196081161499023 0.4920551955036594 0.015662097930908194 0.020437758829332138
1 0.12642183303833007 0.46200606159640795 0.01175668239593505 0.016544493658554003
1 0.2051544725894928 0.4716572553819616 0.0128785014152527 0.01679093917337243
1 0.22875075340270995 0.4748010499678279 0.012348651885986328 0.017733135890505788
1 0.24799304008483886 0.4770168175568452 0.011138725280761699 0.017908374076806854
2 0.036615598201751705 0.4309711456298827 0.07065711021423339 0.1746983020218453
1 0.2608246326446533 0.4807545745315915 0.011546134948730469 0.018414358645440665
1 0.2904073476791382 0.48628202098731205 0.012367916107177754 0.022446809929391385
1 0.2734176635742187 0.48364259669814846 0.010859584808349572 0.018709052954645013
5 0.7845619201660156 0.457642056794159 0.12906112670898431 0.0974453457588232
1 0.2822675704956054 0.48512073169641534 0.008805513381958008 0.01971402691354435
1 0.07145285606384277 0.45282139239894936 0.009657359123229977 0.019409108882109595
