2 0.5639264581572274 0.4651416271403787 0.24196956889264581 0.2426102274362537
1 0.1879966378211975 0.5006928058800143 0.019332337379455573 0.026125735660425583
1 0.2605338335037231 0.5078886920583267 0.0200425148010254 0.026515313286470495
1 0.34074907302856444 0.5140849851841767 0.02104663848876953 0.02650993238003341
1 0.05153188705444336 0.4898124337006827 0.01976464986801148 0.025884850415592162
1 0.1233619213104248 0.4952212311694656 0.018516826629638654 0.026195149353464002
1 0.8794540405273436 0.5499828953432165 0.03018455505371092 0.03211845115940595
1 0.7881116867065429 0.5439353842803518 0.02738056182861324 0.03277205192796373
1 0.9724085807800293 0.5564994420838468 0.029756927490234415 0.03506306252532621
1 0.6907205581665038 0.5399911798619692 0.02413034439086914 0.03173228144077127
1 0.436432933807373 0.5219759051106123 0.018661880493164102 0.02704730556955021
