2 0.5644547759932376 0.47118137144322236 0.2451394759087067 0.25835267841721193
1 0.2579916000366211 0.5048520671923323 0.0196685791015625 0.02544989381192788
1 0.1204451322555542 0.493318004562669 0.01841206550598144 0.026564100171500092
1 0.18540565967559813 0.498901681490657 0.01959705352783203 0.02535985331088064
1 0.3381289720535278 0.5107687325470018 0.021313190460205078 0.024744636341574047
1 0.0477867305278778 0.4871244915718115 0.018737661838531493 0.025666923704890175
1 0.7847430229187011 0.5472767478142331 0.027658843994140665 0.02978188222087618
1 0.9721115112304687 0.5607313456330655 0.03034286499023445 0.028214603539301577
1 0.6869091987609863 0.5384812975157236 0.0234071731567383 0.026731984452337036
1 0.8770490646362304 0.555425413159005 0.030657577514648513 0.02924092176040142
1 0.4335151672363281 0.5191017836190179 0.01892395019531247 0.025081839811631305
