2 0.5739644970414202 0.4682857033558225 0.24091293322062554 0.2561948889958271
1 0.2585873126983642 0.504824983296599 0.019627285003662127 0.024082246759169052
1 0.1872875690460205 0.5003321057851818 0.019169378280639655 0.02481781666911844
1 0.12204620838165282 0.4976036274944844 0.018412971496582022 0.02462625639995829
1 0.3379458904266357 0.5112787527954634 0.020075654983520468 0.023878489768751458
1 0.785292053222656 0.5497933977548571 0.026856613159179706 0.02656768744245815
1 0.43608527183532714 0.5188399128390798 0.024416065216064462 0.02616304327838933
1 0.972708797454834 0.5633098759977161 0.02895641326904297 0.02633451483018442
1 0.04930134117603302 0.49233249154871705 0.01767144799232483 0.02434268263072386
1 0.8779094696044922 0.5554196735254721 0.027602577209472696 0.02184540395327325
1 0.6880321502685546 0.5398597063813565 0.021937847137451172 0.024098210114932385
