2 0.5486052409129332 0.4624362533915024 0.2557058326289095 0.2519955377320986
1 0.04683537483215332 0.48963629869664227 0.020015645027160644 0.02339080028200377
1 0.12020453214645385 0.49742211158400684 0.018639087677001953 0.024153095360590657
1 0.33716430664062497 0.5123102725594525 0.021078872680664093 0.023879924677134644
1 0.6878828048706054 0.5407033428289173 0.024005508422851523 0.026832248675614682
1 0.2583437919616699 0.5073958010286898 0.019941520690917938 0.024704100179748088
1 0.18511364459991453 0.5022660932404437 0.01974320411682129 0.02423936922713192
1 0.7846580505371094 0.547494405479613 0.027571868896484393 0.027556698045594154
1 0.9707653045654296 0.5625459666471981 0.030456924438476408 0.029582071228512575
1 0.8765769958496091 0.5558510428581782 0.029762840270996054 0.026287880307729695
