2 0.8647489547729491 0.48539802774147306 0.25511322021484373 0.2533813238522965
5 0.22414129174370337 0.4192341383386681 0.20725418743397966 0.10787512554841887
1 0.15426161289215087 0.4978294462012941 0.018677711486816406 0.0233886479194289
1 0.5788349151611327 0.5315639629273042 0.020888710021972696 0.02620322071311963
1 0.2943239212036133 0.5103116245451715 0.018316173553466788 0.024517203362833334
1 0.4356207847595215 0.5198235425357788 0.019078063964843732 0.024544825349210347
1 0.3595839500427246 0.515014447089409 0.020659542083740195 0.025119864883786733
1 0.08205515146255492 0.4913353199041514 0.018637251853942865 0.023006244835300192
1 0.22314887046813964 0.5032532205263268 0.018334770202636734 0.02360460163110394
1 0.6635540962219237 0.5373554325255376 0.02354145050048828 0.02733321106490725
1 0.5035273551940918 0.5243417103074502 0.02086620330810545 0.026098831128240164
1 0.005595755204558372 0.4823077731746558 0.010940311104059219 0.024538009534389987
