2 0.870988416671753 0.4782590894896199 0.25802316665649416 0.2656137384557193
1 0.08226497173309326 0.4899144915594395 0.01845858097076416 0.023830958428557217
1 0.36017527580261227 0.5165594846910437 0.020127201080322257 0.024821403940076498
1 0.5796394348144531 0.5331446938749717 0.020893001556396427 0.02755795359042951
1 0.15330724716186522 0.4959787731140331 0.01758069992065429 0.022326815715844432
1 0.2941355466842651 0.5101037421931522 0.018320703506469718 0.024333176362685047
1 0.4354696273803711 0.522594529987329 0.018599510192871142 0.024341427085888594
1 0.5039196968078613 0.5268988964099004 0.020357704162597617 0.027044794479879588
1 0.22260165214538574 0.5033913304582119 0.018627929687500006 0.024177847530201208
5 0.20214497157304046 0.4206774653236135 0.20898140089449402 0.09703934598234387
1 0.6641021728515625 0.5384344836297209 0.02350940704345707 0.02780386101460426
1 0.005205180495977401 0.4826658724980437 0.00955180674791336 0.026154792555185873
