1 0.8989397048950195 0.557530872166062 0.021327972412109375 0.0279434058548726
1 0.19313718080520628 0.47691242797196576 0.01598937511444091 0.02064546181780354
1 0.24648833274841309 0.4850149968849266 0.015920829772949188 0.021642185053499418
1 0.8159372329711914 0.5516616484698127 0.020541000366211013 0.025316447332288126
1 0.6321340560913086 0.5313736582029793 0.01799640655517574 0.022469589099974985
1 0.41901311874389646 0.5041286940036404 0.01647186279296875 0.02152075593156919
1 0.9784534454345702 0.5659830206338855 0.022657394409179688 0.02862767779012168
1 0.3577380657196045 0.49875433433605487 0.01615123748779295 0.019993475321176964
1 0.7228770256042479 0.5408101538216934 0.019107437133789023 0.0254319574571376
1 0.07620116472244262 0.464461996976067 0.011689758300781247 0.0172540558540574
1 0.4859474658966064 0.5153475251978644 0.01757669448852539 0.02158156017430822
1 0.1676847696304321 0.47433488410682856 0.015335965156555156 0.019850522573498397
1 0.3048365116119385 0.4916844510501443 0.01589078903198239 0.02031507416256664
1 0.13832125663757322 0.4699559921301036 0.012471914291381836 0.01956067108008746
1 0.054339587688446045 0.4597618648850481 0.01253737211227417 0.017500501368875914
1 0.5604167938232422 0.5257055010439291 0.018113040924072305 0.02210135573613049
1 0.03424679934978485 0.45922556787681873 0.012363964319229122 0.016500011498674055
1 0.008144871890544891 0.45621279836269546 0.012629285454750061 0.01708545411902886
1 0.09564278125762939 0.46636423708335006 0.012584996223449715 0.01671740011873228
5 0.8027841553482481 0.45616301269713194 0.2355136842316526 0.11350863279333556
1 0.11823303699493405 0.46877891884699147 0.01017827987670898 0.01641086781536642
1 0.10569301843643188 0.46754722936354304 0.010612845420837402 0.014796595884241247
1 0.1283953309059143 0.46931422935570744 0.009809803962707515 0.0172006055167824
