5 0.2688571912952127 0.43073901174936463 0.21291959881278694 0.1007636299193948
2 0.8630991220474241 0.48941729580465293 0.27377657890319823 0.2519573566454962
1 0.15226675271987913 0.4944454838247859 0.01858451366424562 0.022880869715316065
1 0.5024209022521973 0.5283357777921497 0.019644165039062442 0.021865851397734243
1 0.2210890769958496 0.49981733240270076 0.018327426910400384 0.02421013296882371
1 0.5780600547790526 0.5349286437224128 0.02142047882080078 0.0237506035590968
1 0.6628278732299804 0.5395086919181107 0.023528480529785196 0.027988964196039894
1 0.3576941013336181 0.5128788550063044 0.01916942596435543 0.022191037510081977
1 0.29250671863555905 0.5077776660221748 0.01857280731201172 0.02228843191659325
1 0.07992831468582152 0.4869105108591634 0.018735504150390624 0.023174129116137226
1 0.4334139347076415 0.5204331095533264 0.019541263580322217 0.025120402974430404
1 0.004483841359615326 0.4806453421309187 0.008577483892440795 0.023006244835300102
