2 0.8277994155883789 0.48359443758553644 0.21933670043945314 0.25600989664681195
1 0.08399749994277954 0.49206649540717723 0.01887691020965576 0.02328892178679502
1 0.5048515319824218 0.5206024287425467 0.019153022766113224 0.025177619946211472
1 0.5805893898010254 0.525571068064776 0.02150259017944332 0.026742746265211295
1 0.36097147464752194 0.513119291842268 0.018693923950195264 0.02600592081042655
1 0.4365281105041504 0.5183692628893829 0.01821632385253908 0.02583642225765841
5 0.46281528011380063 0.4331245802923303 0.20116572041483324 0.10791618122774013
1 0.1564079999923706 0.4973747596073605 0.01923205852508544 0.024107537019423364
1 0.2957954168319702 0.5072246882039905 0.018376159667968732 0.02453621589891105
1 0.6643768787384032 0.5347057845141436 0.022902488708496094 0.02603085234358502
1 0.2240598201751709 0.5013409360603611 0.017660617828369165 0.02358271927825976
1 0.005779084563255309 0.48393576641719555 0.010753235220909117 0.024323132004002473
1 0.9500299453735351 0.5611489936543571 0.027978134155273362 0.02810106641347914
