2 0.8215534210205078 0.48478343854458417 0.225128173828125 0.24520575397533903
1 0.43647336959838867 0.5209148800429934 0.019185447692871036 0.025108923707364644
1 0.5811174392700195 0.5350470236640287 0.02172718048095709 0.025305326792318207
1 0.5050288200378418 0.5275003023860185 0.019988441467285196 0.024627691308341478
1 0.29519312381744384 0.5070213796224426 0.018119144439697248 0.023423444447722114
1 0.3600661039352417 0.5127063969549958 0.019672632217407227 0.024089241937537243
1 0.08204835653305052 0.49133971431107504 0.01791704893112182 0.021420312344743623
1 0.15497288703918455 0.4980723044451545 0.017980098724365234 0.022775583312697176
1 0.22446892261505122 0.5031210295915225 0.01884384155273437 0.02385858041493432
1 0.6661350727081298 0.5420637256579861 0.024104595184326172 0.02602349843812099
1 0.9522706031799316 0.5654085191899528 0.029263687133788987 0.03240471538185884
1 0.005068927258253097 0.48297931029800384 0.009863571822643278 0.022048622853047175
5 0.5001355465448013 0.4413751987281399 0.20048968459425193 0.11128775834658183
