1 0.08207775354385376 0.4882446169284645 0.018452548980712892 0.022739172512472854
1 0.5789174079895019 0.5315162522235621 0.021559715270996094 0.026544728908326536
1 0.35936450958251953 0.5116508424755878 0.018263053894042938 0.02319457656059813
1 0.22266092300415039 0.5000915792674442 0.01799917221069336 0.024684190825930857
1 0.5031351566314697 0.5242382175403103 0.020241165161132755 0.02468257655399966
1 0.2931169033050537 0.5050660479049803 0.01725893020629881 0.02218709151202808
1 0.4344643115997314 0.5199907093624242 0.01814870834350589 0.023625766529756433
1 0.15411819219589232 0.4931756795874081 0.018085002899169922 0.022051313306265717
5 0.3363533819114769 0.4319583814739233 0.2131765835988552 0.110248578864554
1 0.6632250785827636 0.538380853928898 0.022932815551757888 0.02560773373408234
2 0.8600971304957179 0.4856253511765424 0.2552745653025094 0.2493375329410329
1 0.0053606748580932615 0.48126629873375815 0.009766653180122375 0.02488776845280053
