2 0.8265100717544555 0.4794027114710482 0.2529853343963623 0.26134488601563277
1 0.5821815967559814 0.5334456659083525 0.021623992919921915 0.025896867773301687
1 0.3610686302185058 0.5155198038856251 0.018442344665527313 0.02406789767533683
1 0.15732370615005492 0.498473720065361 0.01850745677947999 0.024559891887234255
5 0.4503527100773454 0.4399336815638458 0.20284487570329737 0.10224710428089333
1 0.225526762008667 0.5050406679629521 0.017705535888671884 0.02463091985220369
1 0.5063014984130859 0.5274075714317528 0.020160484313964826 0.025616701911477482
1 0.43645486831665037 0.5216328723252482 0.018982315063476602 0.025546391400699548
1 0.08444684743881224 0.4928221540344917 0.018473029136657715 0.022859166726019897
1 0.29581012725830075 0.5106979736273543 0.018045616149902313 0.024018752063211482
1 0.6660712718963623 0.5378972001219781 0.02352619171142578 0.028044746259437592
1 0.00571894645690918 0.48570859572466674 0.010516570508480072 0.023225068363741604
1 0.9494724273681641 0.5603287641497977 0.028435707092285156 0.029794796396325218
