5 0.2753115356522703 0.4289427191729766 0.2126905381629151 0.10038165227407873
2 0.862242317199707 0.4892764057377753 0.2631185531616212 0.248530974789909
1 0.15245006084442136 0.49542005566231584 0.018341684341430655 0.022322510990694693
1 0.5027522087097168 0.5273504441417457 0.020523834228515607 0.027079949735268463
1 0.3583210468292236 0.5136043805575711 0.01918625831604004 0.022379189871831993
1 0.07989693880081176 0.4873660942708365 0.01857550144195556 0.022127363450576396
1 0.4335591793060303 0.5215326081019706 0.019188404083252 0.024988212039626007
1 0.5788804054260254 0.5345460612747361 0.02164440155029295 0.023945033645023414
1 0.2209949493408203 0.5023991809929876 0.017904186248779288 0.023153143581032563
1 0.2931032180786133 0.5078852841509165 0.018417739868164053 0.022025843682463485
1 0.6627876281738281 0.537362338022132 0.023075771331787127 0.026261334502640208
1 0.004057449102401732 0.48127167964019524 0.00804953873157501 0.02313287550011949
