2 0.7878057956695557 0.48577926496254054 0.22699251174926752 0.24537614934584676
1 0.5836010932922363 0.5311463149060126 0.021869277954101523 0.026757633439687192
1 0.08417104482650756 0.4907964221244775 0.01801378726959228 0.023069739531257762
1 0.507695198059082 0.5244988327754131 0.019938850402831974 0.029378134874546966
1 0.43898563385009765 0.5186944490017307 0.01931324005126957 0.02837710691370153
1 0.22598655223846437 0.5034207460800679 0.018073177337646493 0.023656617059995753
1 0.29708194732666016 0.5086848868474673 0.018610906600952118 0.024537292080198395
1 0.36360962390899654 0.51534106811014 0.020404624938964826 0.025919108853241616
5 0.6174678755733589 0.4394542780513794 0.18153057098388667 0.10125395133499122
1 0.1572244882583618 0.4967562244124177 0.01844539642333986 0.0232580712565557
1 0.9506776809692382 0.5629140206474946 0.030733871459961013 0.03144171249316865
1 0.6658695220947265 0.537253284985007 0.02114744186401369 0.02762539428444089
