5 0.8528010368347168 0.4617256266892619 0.18642330169677734 0.11629394355373655
1 0.8575981140136718 0.5556255828784645 0.020582008361816388 0.0327742042905386
1 0.08421853780746459 0.4939286477615041 0.018221807479858406 0.021735454098408873
2 0.7302432060241699 0.4760032341476464 0.1791717529296875 0.23878866432202073
1 0.5851442337036132 0.5326376331250504 0.021800231933593768 0.026625442504882794
1 0.22748446464538574 0.5066155695953126 0.018894767761230478 0.0236365283426306
1 0.15773310661315917 0.5004279756015358 0.018759727478027344 0.02346487742728759
1 0.9536560058593749 0.5598354247112911 0.028871726989746018 0.03325866523342407
2 0.4154240176320983 0.4752090088703295 0.2936544596090824 0.19067896159161446
1 0.005376633256673812 0.4836165889837025 0.009777583181858061 0.024427162861786186
