2 0.746075677871704 0.4738838744656269 0.18842401504516595 0.24272551483493915
1 0.5854815483093261 0.533943041026687 0.021666526794433594 0.029202537961150236
1 0.8581110000610351 0.5568799618507227 0.021597290039062442 0.03307176841650932
1 0.15754992961883543 0.5003326438758254 0.01839666366577149 0.023134131044954848
5 0.8526175498962402 0.4611673576464145 0.18558807373046868 0.11601951732544527
1 0.2263253927230835 0.5051132205180787 0.017932987213134775 0.023309189867707997
1 0.08311526775360106 0.4921748309901105 0.01864447593688964 0.022768408770781064
2 0.4244383931159973 0.48039243952837574 0.25957410335540765 0.19653617270610668
1 0.9542304992675781 0.5637426802388056 0.028538894653320237 0.0338559458479403
1 0.005154074728488922 0.48262264588299914 0.01015070229768753 0.02500399603184151
