5 0.7330097198486326 0.43834298744868777 0.18216400146484374 0.10542236018825223
2 0.8186775440496604 0.48412831409557444 0.3241833734391407 0.2165605419201389
1 0.3468980073928833 0.5090511472122847 0.02437691688537596 0.02831684076160626
1 0.1871695280075073 0.5000476351982079 0.02181220054626465 0.02526694299306703
1 0.42749533653259275 0.5133671722654698 0.024815654754638632 0.02910604037237848
1 0.26265811920166016 0.5048152976650122 0.020521068572998038 0.026668489756379466
1 0.6080236434936523 0.5249213236124982 0.030115795135498065 0.028757178271707536
1 0.520374584197998 0.5196992435970822 0.0269317626953125 0.03138951770072901
1 0.8661858558654785 0.48770571914879046 0.008014678955078125 0.010710514899467607
1 0.9958019256591797 0.49550399780273435 0.007748794555664178 0.01116107613179947
1 0.9028707504272461 0.4886223565603477 0.00807304382324211 0.011529488859191797
1 0.8842924118041992 0.4889389332223961 0.0083465576171875 0.009915934382258216
1 0.8486486434936523 0.48712556775309884 0.006550598144531231 0.009405106997831087
2 0.060128674106333914 0.44144069030288674 0.11051188255656304 0.21449540794748576
1 0.9261179924011228 0.49124599685729586 0.007802581787109336 0.01126654189796628
1 0.8334593772888182 0.48713265261324107 0.006041908264160195 0.008489276722239387
