5 0.6648777975233954 0.43717052978248777 0.20701532633951542 0.10379884504551733
2 0.7151775531414093 0.4795879927272827 0.31774294950754495 0.22166662185863015
1 0.34458255767822266 0.5091829794199932 0.024405860900878897 0.023812304619575342
1 0.4260468482971191 0.5159302773650007 0.0234220504760742 0.022840871644133776
1 0.9949171066284179 0.49815517040428553 0.008371353149414062 0.011153184135691675
1 0.8960447311401367 0.5507831258121847 0.028293228149414023 0.025162553408187655
1 0.1831123113632202 0.4978821790843775 0.01925969123840332 0.02452724772151582
1 0.2603953599929809 0.5024559495558988 0.019615888595581055 0.022321076082311417
1 0.5185101509094238 0.5224076331704144 0.027225494384765625 0.026915652725389573
1 0.9265243530273437 0.494200024809481 0.006673431396484529 0.008474030820667649
1 0.9496326446533203 0.4951278724427821 0.006978225708007928 0.008945398224556164
1 0.8872323989868164 0.4917411299312815 0.007225227355956955 0.009431294075824824
1 0.9038362503051758 0.4928200016719168 0.007110595703125 0.009472906418938307
1 0.9707986831665039 0.4966791877685935 0.007159805297851716 0.010437523579559514
2 0.07380716800689696 0.4374115525444285 0.10387487411499023 0.20449525078074535
1 0.8170075416564941 0.4878647249340063 0.006513404846191387 0.00887060362508066
