2 0.5002814631288774 0.45429242646561513 0.3164277753483312 0.20469018681439766
5 0.5406164169311523 0.431703307632422 0.1833934783935547 0.10201086550714097
1 0.8956991195678708 0.5476794189792749 0.028167343139648398 0.03239090438867038
1 0.26104917526245114 0.5108129456615599 0.020827960968017548 0.027122638259669294
1 0.18473734855651855 0.5046597894689805 0.02115089893341064 0.026079101137970948
1 0.6958834648132324 0.5385472136195778 0.0292055130004883 0.03440695066709772
1 0.7933737754821777 0.543765168273392 0.02449722290039055 0.02981058038854072
1 0.8483208656311033 0.4870952553135033 0.007769775390625019 0.011822210169369199
1 0.9954374313354492 0.49696060917525287 0.008715438842773515 0.011841940159638416
1 0.9719532966613768 0.4952828425481701 0.008389472961425781 0.009517926669461928
1 0.9029129028320312 0.4895885879929001 0.00791053771972664 0.011558187026856246
1 0.9494262695312498 0.4933180942444429 0.0086673736572266 0.012372497534334944
1 0.9255493164062499 0.49186704314190927 0.008868026733398515 0.01162652453860723
1 0.34703359603881834 0.5174516389783121 0.02522687911987303 0.026651988309972462
1 0.014441713318228721 0.4950693102443919 0.020021093636751173 0.020068269920652283
1 0.8658798217773437 0.48748752339276674 0.008560943603515605 0.012523162914573293
1 0.8328020095825195 0.48684934788932854 0.007457351684570274 0.011336852408744212
1 0.884541130065918 0.4892741636934265 0.008166503906249923 0.009706796485403627
1 0.816912841796875 0.48652613477600765 0.006716156005859414 0.009951627728290946
2 0.08104395604395609 0.45248205385071677 0.10672020287404903 0.2043363692461023
3 0.9939706802368165 0.47093468932923527 0.0094448089599609 0.015342757887605264
