2 0.612515239481793 0.45657621548172017 0.31174044242272014 0.2120462971764642
5 0.6166964530944824 0.4316939807279311 0.16144161224365233 0.10285351545518838
1 0.2593502044677734 0.508030209897622 0.019870424270629874 0.023324794496375485
1 0.8964265823364256 0.5518772434543918 0.028303146362304688 0.03237063630775731
1 0.18349039554595947 0.5020347142636491 0.021990823745727545 0.023559043289936556
1 0.9960709571838379 0.4990925243056256 0.007858085632324296 0.010813469575963885
1 0.7962485313415527 0.5467782965146111 0.029981422424316388 0.028444188880617158
1 0.42573881149291987 0.5191602561356342 0.023473930358886737 0.023481916964338354
1 0.9728597640991209 0.497543720069485 0.00916290283203125 0.01202955443074485
1 0.8342024803161621 0.4866113324612615 0.008704185485839844 0.01272709926853872
1 0.9282577514648437 0.4949515580751937 0.008413314819335938 0.010113234284951294
1 0.9055859565734863 0.4923909640653334 0.007965087890625 0.010953193779780147
1 0.344496488571167 0.513848135619171 0.02409849166870118 0.02319098928964007
1 0.9516064643859863 0.4965935416744699 0.007800102233886719 0.011196590114284187
1 0.8877208709716796 0.49136312125407633 0.008009910583496094 0.010649172566084815
1 0.869190788269043 0.49017125047826227 0.007939529418945332 0.01147819088449158
2 0.0795217454433441 0.43395880424729966 0.09868890047073361 0.1990002691271953
1 0.012411703914403913 0.49051042694734653 0.020971007645130154 0.022038937221460442
1 0.8506546020507812 0.48833501615660735 0.008169937133789043 0.012705396279242553
1 0.817130184173584 0.4846684665103784 0.006613349914550839 0.010042923774173452
