3 0.585664701461792 0.4121582411810021 0.019651031494140585 0.028736551463698762
1 0.9664675712585449 0.5195596090750398 0.023021697998046875 0.034503806982965235
1 0.03069751784205436 0.4814598320019453 0.02346362024545669 0.03039566428179959
1 0.5429059028625488 0.5049203150223093 0.0198518753051758 0.028981920797229707
1 0.45206618309020996 0.49923395246314695 0.01864423751831049 0.024924358616572686
1 0.8534655570983886 0.517333976490888 0.02091083526611324 0.02954691597312361
1 0.3519210338592529 0.4947522851734737 0.020241355895996054 0.027100217816181445
1 0.6535869598388672 0.5080477875253164 0.019605445861816388 0.0278237703684214
1 0.7494642257690429 0.5121091163404794 0.01982946395874016 0.02903895840546285
1 0.6861409187316894 0.45584097772789295 0.009097290039062423 0.011445546718773235
1 0.7147885322570801 0.4568513325932294 0.00959434509277338 0.012348462818915986
1 0.6584452629089355 0.4555910346238905 0.008105278015136719 0.011417207278204628
1 0.47766833305358875 0.4491745727429898 0.007170391082763691 0.009114896777324306
1 0.7802465915679931 0.4574611686560989 0.010206794738769589 0.013586609390088959
1 0.24507668018341064 0.43880771840130384 0.007875633239746114 0.011510117596018242
1 0.8089424133300781 0.4585767202422804 0.01034088134765627 0.013425720287620114
1 0.5066947937011719 0.449412229443961 0.0077571868896484375 0.010833917020424787
1 0.380535888671875 0.4439626267680302 0.008346939086914053 0.011733783940253066
1 0.4522819519042969 0.4481394657080427 0.007536506652832089 0.010090275750819682
2 0.21434276103973388 0.43280720058798966 0.25030035972595216 0.1899669827641667
1 0.9827987670898437 0.4666121175065518 0.009647750854492034 0.010697241996922818
1 0.5395226478576659 0.45192959683877676 0.008127212524414062 0.01121703755874509
1 0.929875373840332 0.44454887652435054 0.00524978637695301 0.008484254542898145
1 0.9065927505493162 0.4642262235923487 0.009869003295898475 0.011737191847663291
1 0.2654807090759277 0.43912859978850205 0.008452796936035194 0.01180230081555197
1 0.7471168518066406 0.4580142361560573 0.009731483459472676 0.011589037557095472
1 0.6324742794036865 0.45478883115589525 0.008484554290771504 0.010511421361295504
1 0.873982048034668 0.4629677192584889 0.01032371520996086 0.013947488848469422
1 0.0028676688671112056 0.4294684378255531 0.005735337734222411 0.010344254534650151
1 0.3580448627471923 0.44276071163353364 0.0082244873046875 0.012298599752599046
1 0.40528302192687987 0.44542210795731535 0.007337474822998037 0.010589623868181141
1 0.8402217864990233 0.46070872505442706 0.01021614074707035 0.013441504279835615
1 0.22474331855773927 0.43716151975865203 0.007975006103515616 0.012237616146312004
1 0.5720844268798828 0.45263386780961706 0.00880851745605463 0.010914092526337373
1 0.8674495697021484 0.4427113866578604 0.004844284057617245 0.007774692347394661
1 0.9042085647583006 0.44374389292136285 0.004741668701171875 0.007316597846050935
1 0.4297649383544921 0.4463795505760204 0.007096672058105459 0.010043999955460885
1 0.6018921852111816 0.45329545025605655 0.008908367156982384 0.01065455347252199
1 0.2878883838653564 0.43967476179186604 0.00815744400024416 0.010871942092580125
1 0.9128901481628418 0.4440781368928797 0.0050994873046874235 0.007465828317906009
1 0.8615386962890624 0.4425515737366789 0.004671478271484317 0.0074676219533850365
1 0.018374383449554443 0.42994554486297465 0.006790661811828613 0.008999745379570765
1 0.8886646270751951 0.4433384416213285 0.0045469284057616036 0.007493450304283111
1 0.896721076965332 0.44312643390770745 0.004637527465820389 0.007540084826737748
1 0.9478319168090821 0.46571171249607973 0.009062194824218788 0.00973692956145117
1 0.7502123832702636 0.43798533653416954 0.004945945739746017 0.008328925710414305
1 0.8747042655944822 0.4427709353557642 0.00453624725341793 0.007695413659221589
1 0.034461665153503414 0.4302712690659661 0.005716896057128904 0.008207137861388323
1 0.848626708984375 0.44268035676407325 0.004205322265625058 0.006420497560728543
1 0.8549190521240234 0.4426570395028459 0.0041484832763671875 0.0063702757673157594
1 0.7601705551147461 0.4389562314189674 0.004999542236328067 0.008123733811613522
1 0.8818130493164062 0.4435231860756684 0.004447555541992149 0.007999972963560502
1 0.9509532928466796 0.4466191802760186 0.0048465728759765625 0.007731824459445911
1 0.9370771408081052 0.44595248596846393 0.004434967041015664 0.006897066507506311
1 0.6694490432739257 0.4369435930479501 0.004687500000000019 0.006450271909680425
1 0.9215421676635742 0.44429175887843186 0.004777526855468711 0.008242651843873041
1 0.7366699218749998 0.43465276181413554 0.004200172424316425 0.006588023114469738
1 0.8318922996520995 0.44224593825105263 0.004133033752441387 0.006802900644857343
1 0.7165713787078857 0.4321054407068201 0.004737854003906154 0.007897018287064314
1 0.9442547798156736 0.44625686590925495 0.004473876953125115 0.007870472481974736
1 0.8125484466552734 0.4416687463539014 0.00492439270019537 0.007276420411320637
1 0.7013253688812255 0.43640891031165197 0.0050678253173828125 0.0068321369031654625
1 0.7414229869842529 0.43872090644411893 0.004820346832275391 0.008078892924637824
1 0.6359895229339599 0.43631465476722886 0.005094909667968789 0.007028181261023184
1 0.5836169242858886 0.4320118129348148 0.004037094116210956 0.007807695240208757
1 0.7115208148956298 0.43694090259473156 0.004977798461914024 0.007159834105183819
1 0.6118355751037597 0.4349192960463191 0.00411205291748045 0.006588381841565579
1 0.9441940307617187 0.437801847624665 0.0044334411621094515 0.006875722245305896
1 0.6234899520874023 0.43609735582894477 0.004667663574218789 0.0069288138554850515
1 0.9364290237426758 0.4376775486859684 0.004780197143554726 0.007039481164541023
1 0.9009823799133301 0.44005877914792585 0.0050945281982421875 0.007460088684373083
1 0.8259277343749999 0.4417037222457425 0.004412078857421914 0.006890968146877544
1 0.6860623359680176 0.4367065641193965 0.004833030700683575 0.007185483092533973
1 0.9511017799377441 0.439230029874841 0.004307556152343635 0.00744807132666365
1 0.9929584503173826 0.44479074826869747 0.004731750488281211 0.007560173544102898
1 0.7219253540039062 0.43656639150671056 0.004919815063476544 0.008116200542601568
1 0.8384268760681152 0.4425490626470084 0.004176139831542969 0.00655932494680529
1 0.9592567443847654 0.4478158938676261 0.004502868652343711 0.007163780103237716
1 0.6297349452972412 0.43664800192100633 0.004218101501464844 0.006815456093210538
1 0.9772010803222656 0.4403034310272653 0.0043418884277344515 0.006347317233184238
1 0.8195070266723631 0.44191725454952074 0.004402923583984356 0.006934194761922136
1 0.6938735008239746 0.4362681099265482 0.0046749114990234375 0.0077786383454484685
1 0.9755115509033203 0.44825784564965854 0.004549789428710822 0.006638244907882521
1 0.7083610534667968 0.43178536645558757 0.00490245819091793 0.007938809993725721
1 0.7818012237548828 0.4400819170456054 0.005135726928710956 0.0071680848283873656
4 0.9567200660705566 0.4118323376144627 0.06540527343749984 0.04407464589905858
1 0.7675725936889648 0.43688619671262124 0.0048612594604492574 0.007830833137888292
1 0.6176173210144043 0.43607403856771737 0.003998374938964805 0.006996613276592363
1 0.6010210037231445 0.43309938380752344 0.004295921325683555 0.0073861909026371846
1 0.8422786712646484 0.44306437412013305 0.004433822631835861 0.00580761231754474
1 0.7927970886230469 0.4406869102926815 0.005402374267578106 0.007070511058328261
1 0.7313112258911132 0.4380021967076725 0.004756927490234375 0.008245162933543661
1 0.5788804054260254 0.4327445130279977 0.00426464080810545 0.007669944035419446
1 0.8060041427612304 0.4417760057555473 0.00524482727050787 0.007139745387818759
1 0.9597860336303708 0.4393045554289946 0.004410171508789101 0.0064811224399196525
1 0.7703865051269531 0.4398819266896938 0.004727935791015683 0.007761060717754031
5 0.13134382657264837 0.3878066450665111 0.18243684261211038 0.09961562455977939
