2 0.7827930404085883 0.4797020679437488 0.31564806964774317 0.20554022023332902
1 0.2631844043731689 0.5095826014047207 0.02113971710205079 0.02677754279350433
1 0.5207833290100098 0.5249913650779542 0.027158546447753888 0.031261990218170096
1 0.187465763092041 0.5043494905311086 0.021301317214965802 0.024948752059087483
1 0.4287051677703857 0.5192358578710753 0.024807643890380877 0.029578842684650268
1 0.34818208217620844 0.513619357413821 0.02501349449157713 0.025587645016717193
1 0.6072835445404052 0.5306630198261885 0.024523925781250018 0.0282714617839868
1 0.9967501640319825 0.4998032523641904 0.006499671936035195 0.01000220824879948
1 0.8167102813720702 0.4845856005512474 0.006793403625488224 0.009622495617889313
1 0.9740072250366208 0.49832314436689656 0.008200073242187538 0.011689660507468959
1 0.9524553298950195 0.4958003063838698 0.009078216552734298 0.011751182204399673
5 0.6951218128204345 0.4410235756720951 0.1690522193908692 0.09396461674822154
1 0.8328098297119139 0.4855462717138147 0.008223724365234395 0.01202273861592449
2 0.061111067235469815 0.43447510221993785 0.0989402800798416 0.20617534913395089
1 0.8495162963867187 0.4863296420092802 0.00801887512207035 0.012126410746612271
1 0.8675552368164062 0.4862236381524697 0.007052803039550724 0.011294343247891213
