1 0.6427835464477538 0.520295448030311 0.021605873107910196 0.030189754928807124
1 0.7498126983642578 0.5246304856195737 0.020715904235839862 0.031434537951252624
5 0.3293425559997558 0.40888306279629705 0.18300142288208002 0.09909656658081636
1 0.964108657836914 0.5329328655248984 0.021468734741211092 0.03377164498042607
1 0.845956230163574 0.5276683660304035 0.023390960693359393 0.03192312425573983
2 0.4208495616912841 0.45436060068527734 0.2697066307067871 0.19375980434811932
1 0.2182136058807373 0.49976361302010386 0.02282304763793947 0.028543376922607368
1 0.7776721000671386 0.47071039521258284 0.007837677001953067 0.009049967172983548
1 0.7263365745544433 0.467503016248985 0.009435272216796933 0.0128732805600795
1 0.7005623340606689 0.4662450500057687 0.00899810791015627 0.012593473425351226
1 0.6215816974639892 0.46202525349603357 0.009216499328613204 0.01222793051472527
1 0.04832964837551117 0.49359054747370734 0.026683050394058227 0.027941970946489324
1 0.12941805124282835 0.4958560884472675 0.026445174217224112 0.030397099190182776
1 0.6739194393157959 0.4648009940816033 0.009334278106689473 0.012515270918465498
1 0.807667350769043 0.4720592090928118 0.008146286010742188 0.010669978737641557
1 0.5962108612060546 0.4612565013297222 0.0088344573974609 0.011778445463680844
1 0.842637825012207 0.4737717722481878 0.007616424560546817 0.010308740552165343
1 0.43726863861083987 0.45201963733982387 0.008547019958496114 0.01217806744840833
1 0.7506470680236815 0.4689693132530904 0.008502960205078125 0.011575764654550773
1 0.650187063217163 0.46446154856719724 0.009178924560546855 0.011733963303800986
1 0.46060695648193356 0.4540442033867767 0.007841682434081993 0.011870638327302863
1 0.97109375 0.4779917481214708 0.007574272155761642 0.008720117608390232
3 0.879854106903076 0.4344967155274601 0.02409038543701168 0.03096998636218438
1 0.8782899856567382 0.4750735031970923 0.009012985229492265 0.010664239104108722
1 0.5763912200927734 0.4603315235131874 0.00889282226562498 0.012145243919142065
1 0.4874093532562256 0.45475430367292397 0.008155155181884746 0.011934850477452118
1 0.9426719665527343 0.4778108599834108 0.009038162231445235 0.010405596868032854
1 0.9103218078613279 0.4763499438857425 0.007656478881835976 0.008217361583618727
1 0.9929087638854981 0.4608323065389321 0.004638099670410195 0.006632864001445437
1 0.9827340126037597 0.4608003798274053 0.004650115966796875 0.006406148476896319
1 0.9197425842285156 0.4572786662461078 0.004148864746093789 0.007603041432051648
1 0.8953870773315428 0.45552404233874877 0.004250717163086053 0.00703427962165186
1 0.9546363830566406 0.45978580991869317 0.004405975341796875 0.00664488135915496
1 0.9010442733764646 0.4560323586335053 0.004413986206054726 0.007266376052638152
1 0.9331195831298829 0.45815718890373575 0.004949951171875039 0.008396904495069446
1 0.925935935974121 0.45787029690886527 0.0045757293701171875 0.007984547698440933
1 0.9621108055114745 0.45969747337135114 0.004384803771972733 0.006998048184975549
1 0.9395143508911132 0.4588576932400702 0.004727554321288986 0.007211490806979878
1 0.9470424652099609 0.45934287163714727 0.0042552947998046875 0.0067533963056360625
1 0.2637071371078491 0.445167949809937 0.005911064147949238 0.011026374107324452
1 0.9739631652832029 0.4601975389429041 0.004863357543945274 0.006425878467165627
1 0.913630199432373 0.4579027617110356 0.004510116577148361 0.007552999002186786
1 0.889561653137207 0.455477587179842 0.004054641723632774 0.006432694281985897
1 0.9974294662475586 0.47978762564484756 0.005141067504882889 0.009985527438844465
1 0.2336256504058838 0.4434306344849506 0.006752586364746104 0.010201839877615347
1 0.911640739440918 0.4520945216210733 0.005579757690429764 0.007968763706225524
5 0.42339391377852914 0.4224960254372019 0.022189349112425986 0.029809220985691574
