1 0.2519785642623901 0.47957974329282815 0.020131969451904288 0.02984430073554641
1 0.16379828453063963 0.4779411676009622 0.020141506195068375 0.02887448203203595
1 0.8585225105285644 0.49871424658309854 0.023184013366699237 0.0333587500931538
1 0.35793151855468747 0.48419790624245546 0.020054435729980478 0.029608078942958388
1 0.06683611273765563 0.4778374057885004 0.02097254991531372 0.029541535066686525
1 0.6559821605682372 0.4939191414934652 0.021599197387695352 0.03063708761727677
5 0.9639525413513184 0.4051729278079277 0.07209491729736328 0.06181836423889066
1 0.5496954441070556 0.48951442116584226 0.020553112030029297 0.030365351842204034
1 0.7572068214416502 0.4941489061983287 0.021516990661621112 0.028985866795283605
1 0.44999990463256834 0.4886862099834011 0.02134418487548828 0.03262802299899782
1 0.1849729061126709 0.4274617184516167 0.00836801528930664 0.011709211134190437
1 0.1387430429458618 0.4267797782424902 0.008207559585571289 0.011979332637331976
1 0.4096776008605957 0.4330402835184894 0.009539604187011719 0.012475452210831132
1 0.2101349353790283 0.4290040656000328 0.008524513244628891 0.01191727284975768
1 0.3034623622894287 0.4310056731128541 0.009401512145996114 0.012570514891219613
1 0.8659740447998047 0.4471416662910595 0.010738372802734375 0.012575716434108868
1 0.11416780948638916 0.4262679643585495 0.009157085418701187 0.012155288277824638
1 0.5880173683166503 0.42089773005256587 0.004110527038574142 0.007137772388791811
1 0.6116753101348876 0.43820505688035044 0.010461139678955058 0.014433384699738082
1 0.2704568862915039 0.42982357765040075 0.009146499633789043 0.012057535144217615
1 0.9047449111938476 0.4482363220239102 0.010104179382324219 0.012503791651399827
1 0.1620579957962036 0.4272542845084671 0.007882738113403336 0.010790331678284353
1 0.23796000480651855 0.4290176075478994 0.008856582641601543 0.011523031771467279
1 0.7186821937561034 0.44339305782166494 0.010313415527343788 0.012348283455368066
1 0.7523778915405273 0.44454815907015893 0.0093994140625 0.011339184134867002
1 0.7855026245117187 0.44499898934781257 0.010989570617675819 0.012192416532240553
1 0.5815075397491455 0.4383549151246232 0.009778881072998085 0.012827901582460128
1 0.8283365249633788 0.44655694112489636 0.01028900146484373 0.011799251635237587
1 0.5219250202178954 0.4368933712545373 0.009059333801269474 0.011052023094674516
1 0.6235463142395019 0.42151985251846674 0.004820251464843789 0.007311396303161682
1 0.3615885257720947 0.43263797108054347 0.008803749084472647 0.01138366629474686
1 0.09223553538322447 0.42403192868861933 0.00848388671875 0.012376443532388842
1 0.4957684516906738 0.43568428157812467 0.009266853332519531 0.01236514362887091
1 0.33271265029907227 0.43176895469095444 0.009412097930908232 0.011854136880895861
1 0.5822290420532226 0.4199810926410087 0.004643535614013633 0.0077899382489663984
1 0.06484929919242859 0.4229297396867567 0.00865857601165772 0.012582352885381216
1 0.46551103591918935 0.43548841658381476 0.008957481384277401 0.01049491991488841
1 0.3387664079666137 0.41371188823293614 0.004298543930053672 0.007575240082126715
1 0.3857851028442382 0.43329937416343506 0.008462381362915059 0.012225060697958808
1 0.33300569057464596 0.41304770501505206 0.004664516448974619 0.007252923786545442
1 0.5505038261413574 0.43761208099098386 0.009757804870605449 0.01340886011411736
1 0.6006751537322997 0.420351478367428 0.004263877868652344 0.00683393053864449
1 0.9424795150756834 0.44880320051705697 0.0113216400146484 0.012858572749151524
1 0.041687756776809685 0.4225297589749335 0.008475816249847409 0.012410881333586124
1 0.6834061622619628 0.44151225165835617 0.010556221008300781 0.013167616142188008
1 0.6500432014465332 0.4413258929320852 0.010077571868896447 0.013036680752218966
1 0.43564629554748535 0.43514995756892216 0.009084033966064433 0.011375953662187075
1 0.3577589750289917 0.4143853983553112 0.004792070388793907 0.008497527445442934
1 0.6080937385559082 0.4208010531002462 0.004461669921874942 0.007012935359451446
1 0.7568503856658935 0.4249166393886499 0.005196189880371055 0.008236374119696443
1 0.5772118568420409 0.41990854008588196 0.004622936248779297 0.0085011147164009
1 0.5945776939392089 0.4208853539677606 0.004062652587890625 0.006862449342761017
1 0.4200262069702148 0.4155281235189998 0.004543685913085928 0.00795226225981843
1 0.814507484436035 0.42129466158407475 0.0054378509521484375 0.0075763162634141495
1 0.6461184501647949 0.42308955260793807 0.004551410675048828 0.007323413660871206
1 0.6522690296173095 0.4228492054537483 0.00471172332763668 0.008103286367152532
1 0.7476063728332519 0.4250125988867779 0.005259704589843769 0.007970557341704461
1 0.8507526397705077 0.42472346484755863 0.004647254943847656 0.006965404019257204
1 0.9808050155639646 0.4503430365758025 0.011326217651367225 0.01320869039465773
1 0.7335992813110351 0.42536657284856405 0.004952812194824161 0.0065065920637217955
1 0.002676454186439514 0.42023821028692726 0.005352908372879028 0.011455591077455899
1 0.6886247634887694 0.4216569759508384 0.005263328552246094 0.00930681577358039
1 0.304989218711853 0.4128363250738486 0.004067087173461904 0.006272343270160814
1 0.6389768600463867 0.42296973775793906 0.005018424987792988 0.007583849532426012
1 0.34485929012298583 0.4133658959490316 0.004290676116943369 0.007583849532426012
1 0.5607380867004393 0.4199700617828126 0.004055976867675781 0.007290052040961267
1 0.6151437759399413 0.4208201553180979 0.004871368408203125 0.007140642205558183
1 0.023039406538009642 0.4211378978432077 0.008428364992141724 0.012818754041517067
1 0.7244150161743164 0.42538056320530043 0.004778671264648514 0.00654587268071258
1 0.5711448669433593 0.41961976477375845 0.004550170898437519 0.008388474408317978
1 0.43408727645874023 0.41517136942222116 0.0050992965698242665 0.009047456083312927
1 0.7784210205078125 0.4251282883751753 0.004975318908691406 0.008272067465729081
1 0.35094666481018066 0.41345557772298297 0.004393863677978544 0.007922487910866548
1 0.7984757423400879 0.42696981392149314 0.0050813674926758 0.006767566025920455
1 0.7676840782165527 0.42224528838795955 0.005644321441650391 0.009261257432413007
1 0.6949455261230468 0.4244683202006669 0.004937362670898456 0.006955718387670472
1 0.7052092552185059 0.4222435844342545 0.005071830749511738 0.008648551552777035
1 0.36388430595397947 0.41463561050463554 0.005316925048828144 0.008460219827479187
1 0.8079675674438476 0.4281079653147104 0.005076980590820274 0.007016701993957423
1 0.7389664649963379 0.4204484243650694 0.005262184143066387 0.008476003819694508
1 0.6589521408081054 0.42350729031100365 0.004949760437011642 0.007827963321121737
1 0.631671142578125 0.4217256721896852 0.0044542312622069926 0.007663845674790678
1 0.6660219192504883 0.4240195526038141 0.004647445678710956 0.006799313373899196
1 0.7137388229370116 0.42423909358644707 0.005345535278320236 0.007720165828832229
2 0.47709800640099514 0.40257578281888706 0.025035249405040698 0.019195767254469434
1 0.8266014099121093 0.4265839132481804 0.0051784515380859375 0.007827963321121827
1 0.42740545272827146 0.41630656131689797 0.004537200927734336 0.008792221754647193
1 0.803668212890625 0.4225903838541246 0.005349349975585861 0.007270680777787801
1 0.7872028350830077 0.4260849238579148 0.005569076538085899 0.007979166792003759
1 0.4882012843921673 0.4155870914848224 0.004431724515535954 0.009507788230106529
1 0.3708022356033325 0.4143735603611496 0.004606199264526386 0.008520306616026534
1 0.3102363109588623 0.4127689740616111 0.004322719573974628 0.006599502381535589
1 0.5043704509735107 0.4151750463749532 0.004868030548095703 0.007694516841482074
1 0.444533109664917 0.4168129046126276 0.004852962493896503 0.007883566020971604
1 0.39576284885406493 0.41461032024438127 0.004842424392700185 0.008979297935109865
1 0.4790888786315918 0.41697173103429547 0.004827117919921836 0.006157550599503024
1 0.3266068935394287 0.41299210231520217 0.004556179046630859 0.007249874606231058
1 0.9118037223815918 0.42707133368960626 0.005270767211913947 0.008810337472985394
1 0.41299343109130854 0.41511451117753606 0.004180908203125 0.008096829279428012
1 0.9012594223022461 0.42592331730125443 0.005410957336425666 0.008672944995291833
1 0.8397775650024414 0.42359177054206587 0.005017089843749981 0.007455783959223434
1 0.6810336112976073 0.4219066500095191 0.0048999786376953125 0.009073643161306663
1 0.8630308151245116 0.4254794822019689 0.004417037963867149 0.007194630633476943
1 0.5066937446594237 0.4189298428867504 0.004544258117675781 0.006724339410875863
1 0.321122932434082 0.4127734581503087 0.004086494445800781 0.00685419861955756
1 0.5164519309997558 0.4190904629438974 0.004526901245117169 0.006375297946657002
2 0.6675955295562743 0.4056211573141368 0.012786293029785194 0.012276717399754868
1 0.720447540283203 0.42087208106521584 0.004605293273925781 0.0070287193516668555
1 0.5339567184448242 0.4201235969798175 0.004586410522460956 0.007001276728837764
1 0.526487922668457 0.41546794704867845 0.004519271850585919 0.006861193797925661
1 0.49633970260620114 0.4158153742409662 0.004824066162109414 0.008253951747390971
1 0.45294551849365233 0.4160631649823938 0.004996299743652344 0.008441566018497224
1 0.42348370552062986 0.4103645160202002 0.0043354034423828125 0.006147147513724608
1 0.4041260719299316 0.41551314666275 0.0045223236083984375 0.007494526485570456
1 0.5515196800231933 0.41907270595265494 0.00565319061279295 0.007800520698292646
1 0.28949518203735347 0.41251741668567743 0.0034180641174316024 0.006223197658035376
1 0.6981653690338134 0.4195586914856976 0.004840755462646523 0.007546900641558109
1 0.37706851959228516 0.41378094319887876 0.005411481857299815 0.008056831208245725
1 0.5120125770568847 0.41457014280965104 0.0042280197143555074 0.006926840856458103
1 0.5194694519042968 0.41403151407529887 0.004208564758300781 0.006724877501519536
1 0.7122344493865966 0.42136981491064607 0.0054983139038086324 0.00900297392343298
1 0.7295399665832519 0.4200299692078122 0.004934501647949238 0.007363232368505572
1 0.3852612018585205 0.4148680656627175 0.004768705368042002 0.0076742487605690945
1 0.8574186325073242 0.4202816162655198 0.004265785217285156 0.006691157154513846
1 0.8170364379882812 0.4270258650302128 0.004773712158203183 0.006953207297999851
1 0.9214972496032713 0.43053385730009575 0.00534381866455082 0.008076740562062954
1 0.4970382690429687 0.41833103768207686 0.004947280883789024 0.007696489840509023
1 0.5661599159240722 0.4205325458690359 0.004062271118164024 0.007781866889310773
1 0.2770171165466308 0.41092906278722424 0.004217624664306641 0.006741917038570392
1 0.26943988800048824 0.409132288446108 0.004501247406005898 0.007993695239383904
1 0.5570244789123535 0.4204407117325096 0.004270744323730488 0.006925226584526996
1 0.4619908809661865 0.4169007927511 0.0054186820983887106 0.007820250688561953
1 0.7773736476898193 0.42310892387111154 0.005362987518310547 0.007932532269549122
1 0.2649304389953613 0.4094668911447206 0.003865957260131836 0.00837269041610257
1 0.9238408088684082 0.4269308023498244 0.0055974960327148824 0.008396366404425775
1 0.273086404800415 0.4103651437926178 0.00427403450012206 0.0076979247488923
1 0.6649909019470215 0.42226573583242055 0.004780960083007831 0.007131494664615213
1 0.6739422798156738 0.42359607526721554 0.004807567596435508 0.007684293119251669
1 0.7486650466918945 0.4171266114579096 0.00484142303466793 0.007991004786165452
1 0.5398368835449219 0.4212140376692925 0.004372882843017559 0.006633402092089109
1 0.8891059875488281 0.4259796374552958 0.005638504028320159 0.008907911243044497
1 0.8784427642822266 0.4302443645337806 0.005183029174804572 0.0074299556083255395
1 0.7913424491882324 0.41988522282465457 0.0046825408935546875 0.006598067473152221
1 0.29466381072998044 0.41086583713658853 0.004361534118652334 0.007356595917233223
1 0.8479364395141601 0.42129726235551934 0.004294586181640644 0.006009934399579059
1 0.8770429611206054 0.42697914082598415 0.005377197265624846 0.008702181253599953
1 0.5462543487548828 0.41594460567723013 0.004298019409179669 0.0074733615869178715
1 0.8245052337646482 0.42025874741316216 0.004957962036132794 0.007048808069032095
1 0.7579300633275298 0.41728356181536025 0.004034885621079885 0.005312064837545639
1 0.83449201798752 0.4195601610314512 0.004640118464241815 0.005312064837545639
1 0.8369129493601679 0.4288562744971562 0.005447095588457849 0.00872696366168214
1 0.8462940584291786 0.4296151409025198 0.006052328431619779 0.010244696472409505
1 0.8565830167629322 0.4301842907065426 0.005648839869511858 0.006829797648273003
1 0.866569358675105 0.4298048575038608 0.005043607026349928 0.006070931242909366
2 0.006621583544660468 0.39109697933227344 0.01267962806424345 0.019077901430842606
