1 0.6952846527099609 0.49226307785567863 0.02090167999267578 0.030808559169071863
1 0.39935822486877437 0.48760940092356664 0.0194398880004883 0.0311785861683953
3 0.35749351978301996 0.39388001946841966 0.023778247833251935 0.02970080989722417
1 0.5893661499023437 0.4883748348642418 0.01974668502807621 0.029913176337941064
1 0.8972204208374023 0.4985704866994545 0.021436691284179688 0.03274927275738004
1 0.2941902637481689 0.4834664616941079 0.019695472717285174 0.029514630534501103
1 0.490491771697998 0.488210268809041 0.020400428771972696 0.035100011416194114
1 0.7956966400146483 0.49493128999428077 0.02006206512451168 0.029238051943634866
1 0.3494073390960693 0.4326885516010521 0.008553409576416007 0.011623116631197004
1 0.8579381942749023 0.4497415409179105 0.011045074462890587 0.01413815229989006
1 0.8142658233642578 0.44850321498318957 0.010955238342285099 0.012368192809185295
1 0.430153751373291 0.436757413685227 0.009708213806152373 0.012339853368616689
1 0.28876342773437497 0.4309591282721733 0.00935192108154294 0.012315101199006048
1 0.3206809043884277 0.4315969450485156 0.009736633300781259 0.012996503317488757
1 0.8959316253662107 0.4514926672360855 0.011025619506836053 0.013750368309324267
1 0.6081743717193603 0.4411692188729922 0.00966787338256836 0.012123899656941649
1 0.45848426818847654 0.43767710027709866 0.009265136718749923 0.011443394356198455
1 0.7808779716491698 0.44752012337713437 0.010998630523681678 0.012635803222656304
1 0.4050909042358398 0.43609340983089084 0.009321784973144493 0.012501280561729116
1 0.972449207305908 0.4510663200827205 0.01144485473632801 0.014687542847116292
1 0.37889003753662104 0.43423968756331544 0.00907440185546877 0.012247301777898827
2 0.9541385650634765 0.41432925756481764 0.019532394409179612 0.01505147148581114
2 0.10057514905929564 0.4125003771486267 0.2008324861526489 0.19972059313557294
1 0.9636228561401367 0.4337051841905651 0.0049865722656250765 0.0064366402800397045
1 0.7465080261230467 0.4455342101747546 0.011094856262207011 0.014572929540006423
1 0.5475014686584472 0.4397659681559745 0.009078216552734298 0.012041392424906362
1 0.9756277084350585 0.43330358920681067 0.0056915283203125 0.007995309511315102
1 0.25666582584381104 0.4299292227801154 0.008554792404174814 0.011351022129028514
1 0.6868984222412109 0.42593694893089495 0.004497241973876972 0.0068620906156651755
1 0.651826810836792 0.4248712604110304 0.004898452758789101 0.006898501415889497
5 0.08173115253448486 0.37762053448748323 0.16346230506896972 0.10330156559784953
1 0.9338556289672851 0.45154037793982765 0.011040496826171952 0.013234877472651556
1 0.5961444854736327 0.4224998052624337 0.004297065734863262 0.007163062649046123
1 0.6791019439697266 0.42500138866503395 0.004967498779296856 0.006441303732285285
1 0.7115486145019531 0.4435831831824419 0.010533332824706936 0.01354356213859238
1 0.6944522857666016 0.42726477727601936 0.00426502227783205 0.006763081937222886
1 0.6388928413391113 0.44211912822268534 0.009661388397216817 0.013633064548995766
1 0.7239684581756591 0.42743427582878746 0.004535007476806717 0.006807205370006901
1 0.6773787498474121 0.44183976949682674 0.010364437103271522 0.013464283450419307
1 0.48984575271606445 0.4392214204245417 0.007825183868408183 0.010092428113394641
1 0.520597743988037 0.4397475833923145 0.009308242797851505 0.012351691362778201
1 0.933397102355957 0.4320904638505702 0.005934524536132889 0.008142208257047475
1 0.7433179855346678 0.4265232883689892 0.005066680908203106 0.00913355058630627
1 0.5613714218139648 0.42155886409013554 0.004551124572753925 0.007746890997469728
1 0.7336560249328613 0.4270733963704071 0.004878044128417969 0.008039432944099208
1 0.5768540382385253 0.44036558049661356 0.00927429199218748 0.012387025981715089
1 0.5897550582885742 0.42285862204001323 0.003985595703125019 0.006974910287296107
1 0.35800209045410153 0.41439795380366434 0.004018402099609385 0.008070283474338434
1 0.5553387641906737 0.4209059807757694 0.004606723785400391 0.007835855317229534
1 0.6726020336151123 0.42541993350406515 0.0040343284606933405 0.006496547705039311
1 0.8167922973632812 0.4283877724494389 0.004993438720703125 0.006892223691712899
1 0.5678080081939697 0.4220442218507606 0.004899787902832012 0.007859710669100569
1 0.4646308422088623 0.41638601936861896 0.004673767089843731 0.0077589083551791605
1 0.4708554744720459 0.4161384976725131 0.004379844665527401 0.007995668238410853
1 0.8363239288330078 0.4284627464124622 0.0054557800292969515 0.00787603275195974
1 0.8661285400390623 0.4297979286630506 0.0052438735961913676 0.007455783959223434
1 0.6440390586853026 0.4244451823029874 0.0041070938110351176 0.0065955563834816005
1 0.6284780502319336 0.42402977632604455 0.004227066040039005 0.006906931502640965
1 0.6082108974456787 0.42386153331811166 0.0047163009643555074 0.007216154259225369
1 0.9432722091674804 0.4329411851582731 0.0049507141113280485 0.007453093506004982
1 0.9865285873413085 0.43327399422140683 0.005665779113769531 0.008948088677774706
1 0.6018607139587402 0.423012336600566 0.004712677001953086 0.007248439697847782
1 0.1353676080703735 0.4272658534573069 0.008236336708068828 0.01140859782790533
1 0.3417479515075683 0.4152491235202371 0.003961086273193359 0.008017550591255031
1 0.953489589691162 0.4328903355924427 0.0051429748535157015 0.006882717423674087
1 0.9094406127929685 0.43198239731295873 0.005883789062499961 0.007817739598891243
1 0.7857831478118896 0.42801146772593873 0.0042875289916992 0.0073270009318292615
1 0.719867706298828 0.4209039180949686 0.004470252990722695 0.0067939324674622025
1 0.5740802764892577 0.4222690540580567 0.004329204559326172 0.007785992250912501
1 0.8989513397216796 0.4283307348412057 0.0057838439941407015 0.008906655698209231
1 0.4582247257232665 0.41597617366166095 0.0043027877807617 0.007638376050988535
1 0.3226224899291992 0.41419312063195934 0.004380798339843711 0.007184227547698707
1 0.5301791667938232 0.4207160347785404 0.005045795440673867 0.007180999003836403
1 0.6146819114685058 0.42435065771324265 0.004385185241699238 0.006682188977118706
1 0.7965352058410644 0.42826096242107153 0.004073810577392502 0.006693488880636637
1 0.8767641067504882 0.4293495197932936 0.006108474731445236 0.00835260169873742
1 0.9229471206665039 0.43185182065008554 0.005121040344238358 0.007348165830481846
1 0.31320939064025877 0.4139536702955091 0.004036378860473652 0.006829087722851169
1 0.8268915176391601 0.42771139251029733 0.005391120910644531 0.007787068432199936
1 0.37411632537841794 0.4145371399168369 0.004086875915527334 0.008291080001806795
1 0.7021489143371582 0.42729544844271083 0.004578018188476505 0.007008809997849717
1 0.4776280403137207 0.41707576189207923 0.0048051834106444926 0.007650034681602217
1 0.5427499771118164 0.4213524166464995 0.004719924926757831 0.0072742680487457665
1 0.887861633300781 0.43036023338572577 0.005731201171874961 0.007968943069773355
1 0.8449981689453124 0.429234458077314 0.004532623291015606 0.007402512985496357
1 0.6667006969451904 0.4255366094919759 0.004477882385253945 0.007116786853687237
1 0.7085518836975098 0.42169589784073336 0.004439735412597599 0.0072186653488959
1 0.7522287368774413 0.42675125943837366 0.005676651000976601 0.009460709697680864
1 0.7660779476165771 0.4277634079391891 0.004098224639892655 0.007807336513113007
1 0.6357239246368408 0.42441747063483637 0.004597949981689434 0.006933477307730543
1 0.4515913963317871 0.416234457170641 0.0044225692749023824 0.0075235833803307456
1 0.5487749099731445 0.4207594407571329 0.004872131347656231 0.008245162933543661
1 0.7090860843658446 0.4265021234703366 0.00471820831298832 0.00845143101363188
1 0.3797595977783203 0.41402433953338286 0.004784774780273409 0.007971633522991897
1 0.5841800689697265 0.42262742242676643 0.004159545898437461 0.007168981646126879
1 0.6208293914794921 0.42416358153278 0.004523849487304745 0.006854557346653312
1 0.7150325775146483 0.4266439103549538 0.004776573181152305 0.007663666311242848
1 0.3366821765899658 0.41521997694370283 0.0035516738891601756 0.007807336513112916
1 0.3478954792022705 0.415522383885467 0.0041754722595214655 0.007891637380627231
1 0.854997444152832 0.42925230475033027 0.005055618286132831 0.007008092543658124
1 0.6329081535339355 0.4177278380704798 0.004439163208007794 0.006599143654439657
1 0.159997820854187 0.42723966637931293 0.0077677726745605325 0.011089689439734193
1 0.4894843101501465 0.4186013385487664 0.005498504638671933 0.008622005747687457
1 0.40257892608642576 0.41416415341897306 0.004383468627929726 0.008359776240653531
1 0.11395585536956787 0.4261087792097858 0.0081671714782715 0.011968570824457899
1 0.4089179039001465 0.41492438581675906 0.00450286865234376 0.008458784919095911
1 0.7008044242858886 0.42115242629058786 0.004316711425781289 0.006752320124348627
1 0.9728542327880857 0.42856112731848683 0.004551315307617226 0.006842719352491709
1 0.5082315921783447 0.42011642243790126 0.005355548858642597 0.008776258398883862
1 0.23020296096801757 0.4282787194123139 0.007813262939453105 0.01013942136294512
1 0.8015546798706055 0.42488498172244504 0.0038230895996093557 0.007210235262144613
1 0.8748239517211912 0.4275405487309199 0.006062698364257928 0.008948447404870547
1 0.761889362335205 0.42242223052796574 0.004712104797363281 0.007485558308175316
1 0.35221402645111083 0.4151243761726707 0.004179859161376943 0.007982395335866064
1 0.3852527141571045 0.4135208660544197 0.004190540313720713 0.007921591093127034
1 0.7752867698669433 0.4275042276124696 0.004493331909179745 0.008067772384667814
1 0.2449801445007324 0.4122834369374382 0.004458618164062519 0.006847024077641359
1 0.6397132873535156 0.4177420077907641 0.004052734375000058 0.006739047221803929
1 0.8507601737976074 0.42666857284279047 0.00466518402099617 0.007852536127184458
1 0.7525001525878906 0.42304273872193543 0.005292320251464786 0.010270715480010004
1 0.30497174263000487 0.4138261428129502 0.004397392272949219 0.007888408836765016
1 0.5194946765899657 0.42056877730571207 0.005079460144042892 0.006378885217615058
1 0.6451241016387939 0.41617446006386755 0.003767585754394493 0.00606428155459357
1 0.7718264579772949 0.42245290169465705 0.005009651184082031 0.007134005754285834
1 0.9126949310302734 0.42758637611740913 0.005008316040039024 0.0065338553230030565
1 0.9471333503723145 0.42838436454202866 0.004379844665527305 0.006171182229143564
1 0.781088352203369 0.4234671128762735 0.004910945892333984 0.007497934392980591
1 0.36352858543395994 0.4142266616154172 0.0036884307861327742 0.007589230438863097
1 0.7274465084075927 0.422525005840914 0.00414018630981453 0.006391261302420333
1 0.49837636947631836 0.41577313412543515 0.00508880615234375 0.009819436793486548
1 0.80568790435791 0.42794797302998117 0.004560089111328086 0.007205392446351111
1 0.6595691680908202 0.42471996725837446 0.0044486999511719515 0.007762674989685228
1 0.7911685943603514 0.425292854430376 0.004139614105224628 0.007003787818508385
1 0.5785307884216309 0.4222211639907667 0.004106330871582012 0.0073937241716491384
1 0.28888773918151855 0.4111891399316833 0.00432429313659669 0.007106742495004572
1 0.4982133388519286 0.41922552369546817 0.005358982086181622 0.009067186073582145
1 0.42661132812499997 0.41607930770170515 0.004618644714355469 0.007642680776138185
1 0.8123373985290527 0.42529249570328026 0.004053306579589863 0.007429596881229607
1 0.30174765586853025 0.41363251986298916 0.004082393646240253 0.008184896781448394
1 0.3236483573913574 0.405711197815184 0.004625034332275362 0.007252744422997477
1 0.2515838623046875 0.4124847725199591 0.0036026477813721086 0.006697076151594692
1 0.4215912818908691 0.4160718641144672 0.004502105712890606 0.008112254544547762
1 0.36919155120849606 0.41381672622668536 0.004024648666381826 0.007777382800613203
1 0.9351484298706054 0.4286586114067721 0.0058166503906249235 0.007659899676736871
1 0.7430847167968749 0.4229448062247805 0.00500907897949213 0.009856744411450293
1 0.3304903507232666 0.4154187117547791 0.004672145843505869 0.007075891964765346
1 0.6276731014251709 0.41611329709403266 0.0042323112487793356 0.006173334591718525
1 0.7737735748291015 0.42566718615484916 0.005458736419677773 0.008725677878375237
1 0.6598865509033203 0.41694706854645885 0.0039578437805175394 0.006946750210275332
1 0.9854362487792969 0.4294157049424697 0.004607772827148399 0.0076025033414078855
1 0.6908245086669922 0.42081414663924316 0.004193496704101581 0.005925274804968902
