1 0.06610215306282043 0.478048516684382 0.02120119333267212 0.034562638226677406
1 0.2521326065063476 0.47993282043687485 0.020998668670654315 0.03147148684212062
1 0.16401039361953734 0.4814635089546773 0.019388794898986816 0.027832200455172776
1 0.4503302574157715 0.4854234973652753 0.022008991241455136 0.032998049998321254
1 0.3577906608581542 0.4837856391276009 0.02053489685058593 0.03154628144159603
1 0.6562497615814209 0.48994803254289726 0.022791099548339862 0.031677396195113
1 0.7567584991455077 0.4932511916410752 0.022057723999023456 0.0303036507817254
1 0.549213981628418 0.48772302773116316 0.019562149047851602 0.028250476248882137
1 0.1853428244590759 0.4272597550966781 0.008434057235717773 0.012098609396687337
1 0.8672904968261719 0.4495081889420889 0.0100704193115234 0.01140142328598922
1 0.8581836700439452 0.4945788406226517 0.02379531860351555 0.032457986355585916
1 0.2098455190658569 0.4279601697512385 0.008707380294799814 0.011836379889653411
1 0.9046369552612304 0.4487344145964363 0.01085014343261711 0.013252096373250243
1 0.7183805465698242 0.44314203853637496 0.011077976226806603 0.013553427133726943
1 0.49631409645080554 0.43749316295872437 0.008290576934814433 0.010097091565640042
1 0.16279258728027343 0.42699519386352147 0.00850367546081543 0.01138599802086956
1 0.8291067123413085 0.44794485625856817 0.010654449462890625 0.012199770437704587
1 0.2701099395751953 0.42984779172936755 0.009030628204345683 0.011935747295191633
1 0.6503135204315185 0.4397122487733777 0.010335159301757735 0.013916279591134355
1 0.5884654998779296 0.42021830093311013 0.0039520263671875 0.007094187046651376
1 0.3034517765045166 0.430535112844931 0.00957174301147458 0.012651228487775872
1 0.113606584072113 0.4251068544312009 0.008878874778747563 0.012251965230144319
1 0.5508248329162597 0.4384207415467036 0.008426094055175819 0.011222239101634252
1 0.7520894527435302 0.444928051064617 0.010614013671874962 0.012609616144662387
1 0.5224519729614258 0.4381237155113766 0.00878601074218748 0.011089689439734193
1 0.786290168762207 0.44679522559828516 0.011200714111328105 0.01261714941367434
1 0.36175031661987295 0.43212436356112377 0.009390735626220694 0.012485137842417865
1 0.4358821392059326 0.43509489295971593 0.008889102935791053 0.011399270923414348
1 0.3325374126434326 0.41303819874701325 0.004843616485595693 0.0069123124090779585
1 0.022509866952896116 0.4204627734489016 0.008448225259780883 0.011932698114877249
1 0.9428070068359375 0.4498593827688826 0.00989494323730465 0.012164435818767699
1 0.3862696886062622 0.43351254774011744 0.009099864959716788 0.012658403029691984
1 0.5816571235656738 0.4391804358538458 0.009672355651855489 0.01257625452475254
1 0.4101033210754394 0.4351081658622608 0.008931350708007832 0.012192057805144712
1 0.041428896784782406 0.421548999095001 0.008384460210800167 0.011527336496616927
1 0.1382887840270996 0.4254635188462055 0.00858759880065918 0.012787544784181998
1 0.6234323501586914 0.4208897483746842 0.005136108398437461 0.007945805172093912
1 0.6123957633972168 0.43964794694145454 0.009600067138671817 0.012377340350128356
1 0.41983051300048824 0.41524454974976555 0.004444789886474628 0.0077614194448497814
1 0.3328673839569092 0.4316616056075347 0.008930015563964873 0.011601054914804995
1 0.23756160736083978 0.42914280330433563 0.008710765838623038 0.010889699083822485
1 0.6837058067321776 0.4419578803931206 0.011185646057128906 0.013490111801317291
1 0.6522347927093506 0.4218246808681275 0.004685688018798809 0.008027236222841762
1 0.4659615039825438 0.43636093056258796 0.008570384979248067 0.011581324924535688
1 0.09131984710693358 0.42430384382724 0.008522272109985352 0.01202058625334962
1 0.7982521533966064 0.4256209103594902 0.005371952056884708 0.007092214047624518
1 0.06392881274223328 0.4222669913772558 0.00867596864700317 0.012211070341222426
1 0.7329109191894531 0.42512407333179947 0.005108451843261776 0.006396104118213745
1 0.8139070510864257 0.4211028322695928 0.0046825408935546875 0.006283643173678655
1 0.72374267578125 0.4251977917499875 0.0049102783203125765 0.006408300839471099
1 0.37065100669860834 0.4139099055898207 0.004594326019287109 0.00862487556445392
1 0.9014181137084959 0.4253336596375239 0.005488967895507774 0.007881772385492578
1 0.8083911895751953 0.4269082025427886 0.005269622802734433 0.007146919929734781
1 0.42755804061889646 0.4157159171536541 0.004429244995117226 0.008139876530924774
1 0.5820322036743163 0.4200678149164196 0.004553794860839844 0.007542237189312618
1 0.8179834365844726 0.4273981340738851 0.004579925537109317 0.006599143654439747
1 0.5944293975830077 0.4207678708438843 0.004117584228515586 0.007789400158322636
1 0.9810383796691894 0.4503825862381151 0.009906578063964921 0.011452003806497753
1 0.6383752822875975 0.422143140847429 0.004454612731933594 0.007710300833697575
1 0.4959667205810547 0.4160314176344151 0.004824066162109414 0.00765308386191651
1 0.002626147679984569 0.4204060048859903 0.005252295359969138 0.010595184138166146
5 0.9707766532897949 0.4104270242166443 0.058446693420410235 0.058514846413616935
1 0.6006789207458496 0.4202339952435516 0.004508113861084042 0.007907780099938573
1 0.5451011180877685 0.41400613413327064 0.00480213165283207 0.007274626775841608
1 0.608137559890747 0.4198653134708374 0.004908752441406269 0.008014322047392816
1 0.3641581773757934 0.4141177879418402 0.0052505016326904585 0.00782814268466975
1 0.34463565349578856 0.41285417174686495 0.004327344894409161 0.007011321087520338
1 0.7665173530578613 0.42452212926503774 0.005185794830322189 0.007404665348071227
1 0.6589075088500976 0.42338056996441037 0.0050871849060058405 0.0072461079717251724
1 0.6740934371948242 0.4241807107516047 0.004888916015625039 0.007284133043880511
2 0.4782918930053711 0.4040710975331608 0.02381153106689455 0.017411537049116108
1 0.6152747631072998 0.42007929418348544 0.004895782470703086 0.008131625807721227
1 0.5332471847534179 0.41901405407249065 0.004754638671874961 0.007173824461920291
1 0.6457449913024902 0.42265827295700575 0.00463104248046875 0.007313548665736551
1 0.35719928741455076 0.4141237069389209 0.004332256317138691 0.008034590128305796
1 0.6320214271545409 0.4208586287991231 0.004628658294677734 0.007618646060719228
1 0.8262749671936035 0.42674498171419706 0.005021476745605411 0.007991363513261294
1 0.5398921012878417 0.41997678791585896 0.004333114624023399 0.007146023111995357
1 0.8890447616577148 0.42546289107378793 0.005485153198242149 0.007920156184743758
1 0.6885899066925049 0.4210598746998701 0.005097007751464805 0.008866657627026854
1 0.3383989572525024 0.4131993568948039 0.004142713546752901 0.007111226583702142
1 0.3773788452148437 0.41372641668031623 0.005021095275878906 0.008096829279428012
1 0.8367212295532226 0.42836938768577876 0.004729270935058594 0.007240009611096405
1 0.7874032974243164 0.42490596725754975 0.0058149337768555074 0.008348655700683612
1 0.7468437194824217 0.4242192739144038 0.005375194549560528 0.007746532270373886
1 0.4129452228546142 0.414889409924918 0.0043274879455566595 0.008145257437361768
1 0.35075588226318355 0.4135390714545317 0.003994178771972675 0.0076425014125902635
1 0.9421813964843749 0.4310373307790588 0.005321502685546875 0.007459012503085738
1 0.7137312889099121 0.4244313713097989 0.005154228210449276 0.007477128221423939
1 0.3209825992584228 0.41216236654260385 0.004331493377685537 0.007567348086019009
1 0.6945229053497314 0.4247918023593095 0.004736614227294941 0.006736177405037466
1 0.9117762565612793 0.42654651594844256 0.005699729919433748 0.009211035639000224
1 0.6659832954406738 0.4242249238661628 0.0048087120056152155 0.007104231405333951
1 0.5614485263824462 0.41441929806586475 0.0043808937072754095 0.006537801321056955
1 0.5048151016235352 0.4161965217802597 0.0056391716003418545 0.008295922817600117
1 0.7040511131286621 0.42460427776997717 0.0049425125122069926 0.0072678109610213384
1 0.7388510704040527 0.420491650980114 0.005281639099121113 0.008770877492446778
1 0.7293516635894773 0.4202172247518226 0.004781532287597637 0.006833571811548649
1 0.6820201396942138 0.42367320159281374 0.005364513397216758 0.007889843745148202
1 0.5699343681335449 0.4158906172493115 0.004430389404296933 0.006311085796507836
2 0.6669674873352051 0.4053869085205757 0.01341390609741211 0.013117932439418986
1 0.32623198032379147 0.412909415719619 0.004404640197753916 0.007395876534223918
1 0.9375307083129882 0.4266448968544673 0.004880142211913986 0.007712991286916026
1 0.576679515838623 0.42034457287083365 0.004690742492675839 0.008103645094248373
1 0.5923855781555175 0.41688160085147435 0.0044116973876953125 0.006236829287676097
1 0.39542920589447017 0.41440817752589476 0.005361509323120136 0.009405465724926837
1 0.8505874633789062 0.4243737956109221 0.00451240539550787 0.006906752139093044
1 0.571147584915161 0.42076625657195316 0.003986358642578125 0.007333816746649622
1 0.8029023170471191 0.4215524070024111 0.004683494567871094 0.006482736711850759
1 0.4033787727355957 0.4150990859124164 0.004852008819580049 0.007851101218801271
1 0.7775602340698242 0.42441827777080193 0.00527210235595705 0.007909932462513352
1 0.3049333333969116 0.41227931157583647 0.004735183715820284 0.006844512987970737
1 0.5113988876342773 0.4146232344198302 0.003805828094482345 0.00820875213331943
1 0.7054364204406738 0.42199148896767713 0.004638671875 0.008276910281522493
1 0.7200944423675536 0.42052106660197003 0.004772663116455078 0.007029257442310618
1 0.6650690078735351 0.42184620449387583 0.004925727844238281 0.007430852426064963
1 0.7562367916107178 0.42436339252514377 0.0055678367614745905 0.007753706812289997
1 0.9214826583862304 0.43032633367517226 0.0051975250244140625 0.00828300864215117
1 0.43388805389404295 0.41538786122453986 0.004897785186767549 0.009432190893564427
1 0.5265540122985839 0.415906221877979 0.00481414794921875 0.007741330727484723
1 0.8766441345214844 0.4260205323442177 0.00555744171142582 0.007933249723740717
1 0.5564394950866699 0.4205009778846049 0.0042116165161133 0.006025897755342389
1 0.5173661231994628 0.4168200791545437 0.0048585891723632426 0.007671378943802632
1 0.45275182723999013 0.4167795429927177 0.005003547668457089 0.008498065536086697
1 0.4437421321868896 0.4164542671985959 0.004958057403564492 0.008633305651205297
1 0.6806943893432617 0.421818313462177 0.0047054290771484375 0.008527481157942647
1 0.6981166839599608 0.41945618521807104 0.004493904113769455 0.006688466701295304
1 0.8626735687255859 0.4251421890501377 0.004617118835449161 0.0071049488595256345
1 0.29949193000793456 0.412396435972617 0.0038879394531249807 0.006860296980186238
1 0.5993367671966552 0.417531704030848 0.004351520538330117 0.007362156187218228
1 0.4613682746887206 0.41662053720750186 0.005593299865722656 0.008660927637582399
1 0.584691047668457 0.4164555227434313 0.004533958435058613 0.0066432670872237625
1 0.8248107910156249 0.42132156611626015 0.004801368713378964 0.006957153296053748
1 0.9246427536010742 0.4264391668650228 0.005040740966797029 0.007752809994550574
1 0.5531131744384765 0.41474986508464967 0.004566574096679726 0.007469774315959906
1 0.5778019905090331 0.41639238677456947 0.004580879211425724 0.007921053002483362
1 0.384459114074707 0.4137418419454359 0.004535007476806622 0.007630484054880831
1 0.5363110065460205 0.41525100683749 0.0045260429382324606 0.006698152332882037
1 0.8484262466430663 0.42814356897896916 0.005279541015625 0.007833164864010991
1 0.47012853622436523 0.41716104925910696 0.004903602600097637 0.006989797461772003
1 0.5454885482788085 0.42122955261618605 0.0042019844055175394 0.007139027933627166
1 0.5660873413085937 0.4207914571504335 0.00401744842529293 0.00645367981709047
1 0.31522464752197266 0.412396615336165 0.004050636291503896 0.007217768531156476
1 0.309952712059021 0.41090395189051787 0.0037796974182128713 0.007450044325690598
1 0.8788073539733886 0.4304876711865109 0.005203056335449295 0.007148354838118058
2 0.005846076276351509 0.39044556276474085 0.011176684498786926 0.01707325739777146
