1 0.6947821617126464 0.4960429852641822 0.02158832550048828 0.03334727082608804
3 0.3451733589172363 0.39463047655284494 0.020081520080566406 0.029372574604562007
1 0.5894612312316894 0.49518419259682367 0.020536613464355393 0.03140727469197137
1 0.3996628522872924 0.4896608715027049 0.01961617469787596 0.029685384632104513
1 0.20636899471282957 0.4829188647823607 0.018911266326904312 0.026980223602634492
1 0.294186782836914 0.48711157739636246 0.019839143753051718 0.027928698043944537
1 0.49101839065551756 0.4913690402511573 0.019910240173339883 0.02850337885142508
1 0.7956682682037353 0.49941627550959017 0.02254343032836914 0.0390314810226756
1 0.9705299377441404 0.4511316084141572 0.011640548706054688 0.014433205336190162
1 0.5190259933471679 0.4383912362430735 0.009276008605956993 0.011905076128500237
1 0.48770484924316404 0.43775422660269686 0.008354759216308556 0.009931897738021637
1 0.7793541431427001 0.4470589796954762 0.009800243377685527 0.011540968126257559
1 0.28943848609924316 0.4318474262431619 0.008867931365966768 0.012069731865475058
1 0.6069199562072753 0.44039078107509405 0.01003103256225584 0.014066406880728941
1 0.20580439567565917 0.4300858968392086 0.008839941024780282 0.011733783940253066
1 0.8128957748413086 0.44813031816709975 0.011008071899414043 0.012703602643763525
1 0.23009040355682367 0.4313885246058526 0.008274650573730478 0.010770781051562966
1 0.18265154361724853 0.42977622567375434 0.008030176162719727 0.011108701975811907
1 0.9324304580688476 0.4503793576942528 0.011257934570312577 0.013630194732229303
1 0.3210853099822998 0.4333172208364514 0.007394170761108408 0.010125072279112897
1 0.8560649871826171 0.44945527669545754 0.010848236083984298 0.012619839866892883
1 0.2572755813598633 0.43194580714918657 0.00828523635864255 0.01131425260170844
1 0.5460767269134521 0.4388412593847617 0.009772968292236348 0.012163180273932343
1 0.894373035430908 0.4499106807435828 0.010175323486328087 0.012294833118093068
1 0.6871974945068359 0.4251560000433261 0.004593849182128906 0.0066572574439602355
1 0.08832921981811523 0.4261148775704146 0.008006083965301518 0.012244970051776037
1 0.8970828056335449 0.4995794963381817 0.02493076324462879 0.041432262111354534
1 0.4566561222076416 0.437266806161271 0.007996845245361308 0.009548418472605404
1 0.7103908538818359 0.4435201368953541 0.011085891723632755 0.013908208231478729
1 0.5759151935577392 0.4399642545581811 0.009899425506591777 0.013848300806479122
1 0.34981164932250974 0.4346985892006247 0.007552146911621094 0.008424526481446459
1 0.6376039981842041 0.44120598840031217 0.009703540802001896 0.012585043338599758
1 0.6144625663757324 0.4230592401683425 0.004656982421875019 0.007127548666561315
1 0.6949561119079589 0.4263542382250909 0.004369163513183536 0.006451886181611533
1 0.4291991710662841 0.43712475023133196 0.007598876953124952 0.010429990310547652
1 0.7450154304504394 0.4450465206880068 0.010981559753417969 0.013709473420402376
1 0.6080073356628417 0.4228520752705147 0.00468120574951168 0.0073295120214998824
1 0.6793038368225097 0.4250237194267478 0.004975318908691406 0.006484709710877708
1 0.9638416290283203 0.4335991803337546 0.005051040649413909 0.006879309516263862
1 0.6729155540466308 0.4249172671610676 0.00421924591064455 0.006398973934980117
1 0.3582312583923339 0.41499998755219997 0.004363441467285146 0.00772052455592798
1 0.6768330574035644 0.4418182458710784 0.010647773742675781 0.014627097331473103
1 0.6018881797790527 0.42286498944596373 0.00430641174316412 0.007029257442310618
1 0.9765138626098633 0.4339230212194931 0.005551147460937385 0.007405741529358571
1 0.4037943363189697 0.43606040693807674 0.007178020477294893 0.008110460909068643
1 0.4705180168151855 0.415164374243853 0.00498638153076168 0.008990059747984032
1 0.724519920349121 0.4273567907760935 0.00459690093994133 0.00754044355383359
2 0.9423398017883299 0.41352122478151554 0.01935291290283203 0.01775627378818532
1 0.6442455291748046 0.4243456355339013 0.004144859313964767 0.006612057829888694
1 0.5963366508483886 0.42299018520239984 0.004061508178710919 0.006775637385576082
1 0.6521107673645019 0.42463225848345004 0.004686737060546914 0.007017060721053264
1 0.8670490264892577 0.430000071381537 0.0056983947753905485 0.007201446448297303
1 0.9536108016967771 0.43376867888652276 0.004747009277343711 0.00714656120263903
1 0.621122932434082 0.4232885564643363 0.00443592071533207 0.006976524559227214
1 0.9855827331542967 0.4295044898986816 0.005567932128906289 0.00815942715764607
1 0.5677582263946532 0.422036150491105 0.004584980010986252 0.007391571809074268
1 0.06530628204345702 0.42440518423180507 0.008080291748046867 0.012236181237928818
1 0.3786508798599243 0.4359348524545448 0.007069635391235333 0.008180771419846576
1 0.6664586067199707 0.42483467024725835 0.004527282714843769 0.006923253585500047
1 0.8884909629821778 0.43062156607502017 0.0055910110473632426 0.007462599774043794
1 0.5737643241882324 0.42269459407545606 0.004673576354980526 0.007499907392007539
1 0.36359577178955077 0.4147475333585268 0.0038974761962890913 0.008749174503150521
1 0.8612960815429686 0.42291072715067896 0.004584503173828144 0.006112709712527325
1 0.8490402221679687 0.4223030434503843 0.0047691345214844515 0.005974420417094341
1 0.836850070953369 0.428396740626834 0.005118942260742149 0.007672455125090067
1 0.701171588897705 0.421759392536691 0.004586029052734356 0.006775637385576082
1 0.5555191040039062 0.42033811578310915 0.004459476470947323 0.008095035643949075
1 0.561521816253662 0.4215642449965727 0.004405784606933575 0.007531834103534292
1 0.9605597496032713 0.42855368373124886 0.004853439331054803 0.0065625534906675045
1 0.5488342761993408 0.42058725175114614 0.005173873901367206 0.008149741526059427
1 0.4644141674041747 0.41612952949511794 0.004465770721435566 0.007859351942004726
1 0.543012523651123 0.4211572691063813 0.004824066162109414 0.007618107970075555
1 0.5901471614837646 0.4229040010176326 0.003862571716308517 0.006862449342761017
1 0.7437132034357251 0.4258666517586633 0.005695443068894468 0.008308049000086288
1 0.5302377700805664 0.41967429129232087 0.004912757873535195 0.006988003826292975
1 0.7352042198181151 0.42533392868284575 0.0048650741577148824 0.008278703917001522
1 0.7190439968576149 0.42366167201611943 0.004658031463623028 0.007055803247400196
1 0.6361040721417563 0.424851423969111 0.0048912048339844515 0.007039301800993193
1 0.11493136882781982 0.42660489878328495 0.008522796630859355 0.011667957518172793
1 0.87768497467041 0.43007836357019663 0.005047225952148476 0.0073714830917092095
1 0.9339611053466796 0.43265357570921104 0.0062133789062499235 0.00859581866969363
1 0.3696444511413574 0.4149694060672826 0.004052066802978506 0.009326545763849697
1 0.8266427993774413 0.4278969441006028 0.005343437194824219 0.008123913175161352
1 0.7155043601989746 0.4264371938659959 0.00517597198486332 0.007779355799640152
1 0.48941893577575674 0.4181087165644513 0.005240440368652344 0.008048759848590098
1 0.6291577816009521 0.42266768954327066 0.0046015739440918545 0.007408073255481272
1 0.8453145980834961 0.42887295084651594 0.005248451232910099 0.007390854354882675
1 0.45837626457214353 0.41501711677102476 0.0044842720031737894 0.008378071322539652
1 0.8555168151855467 0.42902666540706846 0.004681396484374981 0.006769359661399484
1 0.3264899253845215 0.41427688340882995 0.0043159008026123335 0.008073153291104897
1 0.9231626510620117 0.4326955467794203 0.005227279663085861 0.007056520701591879
1 0.6662380218505859 0.4166633154136767 0.004498672485351581 0.006623178369858704
1 0.6909188747406005 0.42092642822023035 0.003985309600830117 0.0059270684404479305
1 0.7021862030029297 0.4254801996561604 0.0045147895812987894 0.007341170652113565
1 0.7096254436166531 0.4267696713942596 0.0053672615704044415 0.0043053882194071785
1 0.3366512298583984 0.41541440702962956 0.003412532806396513 0.007491297941708242
1 0.8991744995117187 0.42831808971107854 0.005429267883300781 0.008083197649787472
1 0.9722931861877441 0.42866695181174946 0.004936408996581955 0.0076939787508384025
1 0.8168375015258789 0.42871242047114283 0.005250167846679611 0.007107818676292007
1 0.8715291976928711 0.42271862879087513 0.004224014282226486 0.005955945971660299
1 0.8055351257324218 0.42839548508199865 0.00441761016845705 0.007706175472095757
1 0.47792348861694334 0.41614325080653247 0.005144500732421914 0.008784509122087319
1 0.9103023529052734 0.43218938284723857 0.005540084838867111 0.007571294084072908
1 0.7527891418305198 0.41974622358118296 0.005084852569731185 0.004622213641761245
1 0.4850928306579589 0.41635767992805023 0.0044806480407714655 0.008859483085110741
1 0.7619901978373633 0.4198775055462649 0.004828898787519663 0.003790839293265848
1 0.5783943653106689 0.4222707580117618 0.004256248474121094 0.007643398230329868
1 0.6591412067413329 0.42433666735650616 0.004497814178466873 0.007638376050988535
1 0.3521388053894043 0.4149130859132412 0.0041029930114745905 0.007071587239615697
1 0.7433853472796641 0.4208700007357537 0.004838975528393416 0.0074939530976044135
1 0.7722412109375 0.42210287373092475 0.004614257812499942 0.008353498516476933
1 0.5842380046844482 0.42294319195284946 0.004147338867187481 0.006895810962670956
1 0.6737340927124023 0.41656170596378966 0.004008293151855469 0.007095801318582574
1 0.727732536269216 0.4235576763997849 0.005263137817382794 0.007849307583322243
1 0.491918874272166 0.41556995043917355 0.004857048495790934 0.0063647942974949835
1 0.4987955093383789 0.4157334947813485 0.005081272125244198 0.010000593976868373
1 0.8989377975463867 0.431206919013601 0.0055549621582032015 0.007750657631975705
1 0.38208823204040526 0.4182105053778861 0.004406642913818331 0.006641473451744825
1 0.2514569282531738 0.4126760637437975 0.004115295410156269 0.0066985110599778784
1 0.34136598110198973 0.41408317077709494 0.003726100921630869 0.00720288135668058
1 0.5178399085998535 0.4142485439682614 0.00494728088378912 0.00791603082314203
1 0.09142149686813354 0.4043412190363024 0.004140841960906975 0.0072652998713507175
1 0.7341011047363281 0.420771996205486 0.004683494567871094 0.007693261296646809
1 0.33087348937988276 0.41440261725590977 0.004538536071777344 0.00812767980966733
1 0.5079922676086426 0.4186675236979424 0.005837440490722656 0.00961280998630249
1 0.9128271102905273 0.4267473134403198 0.0050601959228515625 0.0071679054648395345
1 0.375333023071289 0.4160869306524909 0.004112720489501953 0.008211980677181645
1 0.7735385417938232 0.4262535255929434 0.005658340454101486 0.009216416545437398
1 0.9473039627075195 0.4287866769799746 0.004118156433105392 0.005681161016273177
1 0.39005064964294434 0.4168008872549181 0.004217052459716787 0.007178487914165782
1 0.8843205095441232 0.4223417356112295 0.006048719410491939 0.00853215627497434
1 0.9434467417816806 0.43457115960535936 0.0051414114989181674 0.007394535438311033
1 0.9352053615848855 0.4284564476082944 0.007107245307327942 0.007678940647476905
1 0.8378209790759675 0.42404816686622426 0.0061999373957540745 0.007394535438311124
1 0.8137017104266313 0.4223417356112294 0.006653591351541056 0.009669777111637554
1 0.7620607684595576 0.42589680072580216 0.0040828856020819725 0.004834888555818822
1 0.7528364713585576 0.42475917988913886 0.004385321572606627 0.005403698974150385
1 0.7960092061509428 0.4277454345853799 0.004536539557868858 0.006256914601647909
1 0.7927580194678034 0.42106191216998334 0.004385321572606627 0.005972509392482037
1 0.7858776011383691 0.42902525802662606 0.004536539557868858 0.005972509392482037
1 0.804779849296156 0.4224839382158124 0.004838975528393513 0.005403698974150385
1 0.7820215425141805 0.42020869654248594 0.004687757543131186 0.005972509392482037
1 0.7215343484092626 0.41949768351957134 0.004082885602081876 0.005119293764984603
1 0.712083224330369 0.4180756574737423 0.003931667616819741 0.005119293764984603
1 0.708983255632492 0.4221995330066466 0.004687757543131186 0.005403698974150475
1 0.7039174531262051 0.418644467892074 0.0036292316462950866 0.005688104183316256
1 0.6960541178925657 0.41850226528749096 0.0036292316462950866 0.00654131981081369
1 0.6869054297841969 0.4182178600783253 0.0037804496315573177 0.005403698974150385
1 0.6815371913073853 0.421630722588315 0.0036292316462950866 0.005403698974150385
1 0.6794957485063443 0.416938036637079 0.003780449631557414 0.005119293764984603
4 0.6629373791201231 0.3916259730213219 0.04929706319550823 0.03697267719155539
1 0.6599130194148771 0.4179334548691594 0.003931667616819645 0.0065413198108136
1 0.6320133011339838 0.42020869654248594 0.003478013661032759 0.005972509392482037
1 0.5405264200502952 0.41380957933625506 0.0037804496315573177 0.007394535438311124
1 0.5499775441291885 0.41409398454542096 0.0030243597052458733 0.006825725019979471
1 0.5722821969553771 0.41366737673167225 0.003478013661032759 0.0071101302291453426
1 0.5760626465869345 0.41523160538208415 0.0040828856020819725 0.005119293764984603
1 0.5682749203459263 0.41395178194083804 0.0036292316462950866 0.005972509392482037
1 0.5186754211798935 0.41921327831040556 0.0036292316462950866 0.0056881041833161654
1 0.5257070574945902 0.41366737673167225 0.003780449631557414 0.005403698974150475
1 0.5319069948903443 0.4139517819408381 0.0034780136610328555 0.005403698974150385
2 0.5244217046198607 0.404993017852115 0.009677951056786833 0.009669777111637554
2 0.09201535643843337 0.41264242183359834 0.17786700479008172 0.19955617382087976
5 0.039403705269089886 0.3849032856385798 0.07880741053817977 0.08280339162692105
1 0.4506735232822987 0.41424809619390557 0.004034885621079885 0.009865263269727732
1 0.44520957466548455 0.41614641901585947 0.0030925922107911553 0.006010314475163876
1 0.4392305630579551 0.4140137267827368 0.004741974723213009 0.00794912559618442
1 0.4299527864255819 0.41149327232541005 0.004535801909160265 0.006010314475163785
1 0.41000556666597937 0.41304432122222645 0.003814197059975662 0.006010314475163876
1 0.40088241964414567 0.411299391213308 0.0035049378388965465 0.005622552250959659
1 0.39696513617714363 0.4159525379037574 0.003298765024843803 0.007561363371980293
1 0.3923777910644702 0.41188103454961417 0.003401851431870175 0.006010314475163785
1 0.3852132857761375 0.4140137267827368 0.003298765024843851 0.006785838923572039
1 0.3464012535307094 0.41449842956299193 0.0034018514318702228 0.007755244484082356
1 0.32186668865843343 0.41372290511458365 0.0036080242459229184 0.007367482259878229
1 0.3168669979176545 0.414692310675094 0.0024740737686328763 0.004653146690449341
1 0.3149083561841535 0.4122687967738183 0.0030925922107911076 0.008336887820388546
1 0.3235676143743686 0.40674318507890955 0.0035049378388965946 0.005816433363061722
1 0.3107333566995855 0.41333514289037965 0.0036080242459229665 0.006979720035674193
1 0.30557903634826705 0.41294738066617553 0.0025771601756592 0.005816433363061813
1 0.3014555800672123 0.41188103454961417 0.003401851431870175 0.00794912559618442
1 0.29733212378615753 0.4123657373298693 0.0029895058037646876 0.006979720035674103
1 0.2934148403191555 0.41178409399356314 0.0036080242459229184 0.007367482259878229
1 0.28867286559594246 0.41188103454961417 0.0029895058037646876 0.0063980766993679125
1 0.2845494093148877 0.41100856954515486 0.003814197059975662 0.007367482259878229
1 0.28032286662680655 0.41100856954515486 0.003401851431870175 0.008143006708286483
1 0.2766632991773704 0.4115902128814611 0.0037111106529493384 0.007755244484082356
1 0.24645898191864415 0.4119779751056652 0.0030925922107910594 0.005428671138857685
1 0.2563037337896624 0.4124626778859203 0.0029895058037646876 0.006398076699368003
1 0.25965404201801945 0.4128504401101244 0.0030925922107911076 0.006785838923572129
1 0.24310867369028713 0.41188103454961417 0.002783332989711992 0.0063980766993679125
1 0.2398614518689565 0.4123657373298693 0.0035049378388965465 0.007367482259878229
1 0.2362018844195204 0.4122687967738182 0.0023709873616065045 0.006010314475163876
1 0.2336247242438611 0.41188103454961417 0.0021648145475537607 0.007561363371980293
1 0.2304805888295569 0.4120749156617162 0.00268024658268562 0.0063980766993679125
1 0.2675035443054825 0.41122641863725695 0.004659180915994965 0.007260618654782595
1 0.22709213863060015 0.4116852146263912 0.002282333051563811 0.007472178060413336
1 0.22400676246830092 0.4100953895071542 0.0020287404902789327 0.007790143084260695
1 0.22028740490278953 0.4100953895071542 0.003043110735418399 0.009379968203497579
1 0.21707523245984786 0.41017488076311603 0.0020287404902789566 0.008903020667726587
1 0.21255283178360102 0.41001589825119233 0.004987320371935762 0.007313195548489657
1 0.20722738799661874 0.41025437201907794 0.004142011834319531 0.009697933227345029
1 0.2033812341504649 0.4108108108108108 0.0018596787827556962 0.006359300476947536
1 0.2007185122569738 0.41089030206677263 0.002113271344040575 0.007154213036565978
1 0.1981403212172443 0.4113672496025437 0.0020287404902789566 0.009062003179650266
1 0.19556213017751478 0.410651828298887 0.0019442096365173385 0.008267090620031779
1 0.18469991546914624 0.41001589825119233 0.004395604395604386 0.009220985691573945
1 0.19049027895181742 0.41049284578696343 0.006508875739644961 0.00794912559618442
1 0.08297939760248307 0.40388543355892703 0.003479022902313739 0.006366374226087661
1 0.0808637755672923 0.40945601100675366 0.003949161132356125 0.005128468126570583
1 0.08768077990290706 0.4098981203280097 0.005547631114500284 0.004244249484058411
1 0.09919916653894578 0.40317805864491724 0.004325271716390045 0.008134811511112006
1 0.11067053935198026 0.4044159647444343 0.003573050548322204 0.008842186425121771
