5 0.35244789123535153 0.37723642744964936 0.1848672866821289 0.1117147921757781
1 0.2978945255279541 0.4852614423997451 0.01984424591064455 0.030877972862110192
1 0.6982467174530029 0.4913390865386575 0.0206609725952149 0.03191864016704217
1 0.4028326034545898 0.48812731316813596 0.018512058258056623 0.029985280484198025
1 0.7983502388000486 0.493578171388902 0.020902442932128888 0.035182877375325244
1 0.5924810886383056 0.4901456014909122 0.02077188491821293 0.03353327082526318
1 0.4945058822631836 0.488424339203463 0.020078182220458984 0.03179577613672884
1 0.21069135665893554 0.48290944819609577 0.018357467651367206 0.02612717056880886
1 0.8988590240478516 0.49517118873960075 0.021222686767578085 0.03457896030953649
1 0.6115018844604492 0.43976874829096707 0.010098743438720683 0.014331147477433488
1 0.8985973358154297 0.4515823490100369 0.01123809814453125 0.013800231375641209
1 0.673405122756958 0.42509555452768294 0.004945945739746113 0.0070719459667114475
1 0.6424072265624999 0.44109720440850914 0.009623146057128964 0.01428451295497876
1 0.11579709053039548 0.42595649955761633 0.007504796981811509 0.009780335540043684
1 0.680097484588623 0.4249260559749148 0.004860496520996055 0.006930248763868238
1 0.5219887733459472 0.4372958630560313 0.009422874450683556 0.013124748254239257
1 0.6951797485351562 0.42626249377033854 0.004834365844726581 0.007029257442310618
1 0.9758899688720704 0.4545525196815333 0.010973548889160118 0.012287299849081116
2 0.10104897022247314 0.4120041678933536 0.20209794044494628 0.20598217459285958
1 0.860653781890869 0.45034438180241176 0.010830116271972771 0.012706293096982067
1 0.8176637649536133 0.4489066932841969 0.0112152099609375 0.013189139767936344
1 0.6669709205627441 0.4250608476811637 0.004890060424804649 0.007002352910125199
1 0.7846717834472656 0.4476746450736525 0.010673713684082051 0.012138607467869714
1 0.9372928619384765 0.45273153126145016 0.011231231689453202 0.013577103122050148
1 0.9538057327270508 0.4324973500589876 0.005237197875976524 0.00804194403376983
1 0.6817967414855957 0.4441017231994289 0.010176086425781288 0.013888478241209421
1 0.08869392871856689 0.42562028258707263 0.007585096359252922 0.01089525935380749
1 0.2303011894226074 0.4300217743708333 0.007999229431152324 0.010622268033899486
1 0.257205605506897 0.4305822854580295 0.008085584640502939 0.012471147485681483
1 0.1378079652786255 0.4274882642567062 0.006466698646545406 0.009331926670286692
1 0.3782665729522705 0.43266451688563307 0.009216928482055655 0.012494823474004598
1 0.6445333957672119 0.42429702801241975 0.004637527465820294 0.006391620029516175
1 0.5482784271240234 0.41945286699243495 0.004673099517822227 0.006805591098075885
1 0.4584041595458984 0.435480524587707 0.009523773193359413 0.012372138807239192
1 0.5793693542480468 0.4384418167635821 0.009848022460937442 0.013208869758205741
1 0.490362548828125 0.435185292187859 0.009157943725585918 0.012185959444516035
1 0.5491627693176269 0.4376626615114925 0.010049819946289062 0.012922426172204939
1 0.7502694606781005 0.4451048138410753 0.011528873443603458 0.014801438700034659
1 0.43105554580688477 0.4351327386683235 0.009225940704345712 0.012563699076399343
1 0.7150543689727783 0.44437677720013785 0.010904407501220665 0.014120574672195622
1 0.4050302982330322 0.4343085631657101 0.009399223327636748 0.013045469566066274
1 0.9486829757690429 0.42787192288567033 0.004545974731445389 0.006057824466869051
1 0.288910174369812 0.43050587658662287 0.009624958038330078 0.013252455100346084
1 0.7035204410552978 0.42644723822467845 0.004426574707031211 0.007369330729134249
1 0.5615813255310058 0.4203745265833334 0.0044454574584961324 0.0074816123101214185
1 0.8514759063720703 0.42507134044871603 0.005492210388183594 0.0076462680470962404
1 0.5553869247436523 0.4196867570589002 0.004284858703613281 0.007232296978536621
1 0.3490951299667358 0.43223476182485804 0.008542585372924833 0.012588271882462063
1 0.9769041061401367 0.4335177492830067 0.005627059936523284 0.008338252614905195
1 0.7926312923431394 0.4222393693908788 0.0046898841857910345 0.007044323980334525
1 0.6291234016418457 0.42416905212099104 0.0046361923217773824 0.006856530345680261
1 0.7103973388671875 0.42640580524511285 0.0043855667114257426 0.00753147537643845
1 0.9612125396728514 0.427532925780134 0.005076217651367072 0.007179564095453217
1 0.3206186294555664 0.4320638283637067 0.008962345123290987 0.012389716434933631
1 0.7819386959075926 0.42207292001842506 0.004513549804687481 0.006976165832131372
1 0.6877413749694824 0.4257388418922363 0.004333877563476601 0.007094187046651376
1 0.9737649917602539 0.4274036046620962 0.0047130584716796875 0.006532061687524119
1 0.8987926483154295 0.4311481774516629 0.005946731567382774 0.0075088755694026794
1 0.7350380897521972 0.4265591610785698 0.005057048797607441 0.008489276722239387
1 0.5746899127960204 0.42253549860846634 0.004655456542968808 0.007300634490287514
1 0.7162035465240478 0.42677780524346326 0.004871463775634727 0.006650979719783638
1 0.9643376350402832 0.4331921147617892 0.0058111190795898824 0.008562277686235771
1 0.7536462783813475 0.4267335921289052 0.005587387084960919 0.008745766595740386
1 0.9333002090454101 0.4326263124499298 0.0057250976562499235 0.007879261295822046
1 0.6524750709533691 0.42445002511878077 0.0041501998901367 0.006871776247251999
1 0.7445707321166991 0.4270205738055498 0.005202865600585899 0.00907059398099237
1 0.8136418342590331 0.42297610516388956 0.005126190185546894 0.007769490804505498
1 0.6594682693481445 0.42431496436721 0.004489612579345722 0.007219024075991832
1 0.9879589080810547 0.43354178399842574 0.005819702148437539 0.008255386655774157
1 0.9228401184082031 0.4319342382003468 0.00518875122070301 0.007644833138713054
1 0.8389398574829101 0.4232567194345835 0.005558395385742226 0.007948674988860375
1 0.8878929138183593 0.4305257859404401 0.0056449890136717985 0.008134136897391848
1 0.7249155521392822 0.4275494272265411 0.004861259460449161 0.00709705686341784
1 0.8667622566223144 0.4312644947124778 0.005098533630371113 0.007119477306905689
1 0.9100697517395019 0.43229233752373475 0.005078506469726486 0.006938858214167626
1 0.5680006980895995 0.4211506326551088 0.004442596435546914 0.0073797338149127565
1 0.5424699783325195 0.41923018714771354 0.003885459899902363 0.006735459950845782
1 0.9437591552734375 0.4328813674150476 0.005265808105468904 0.0070312304413375675
1 0.5299368858337402 0.4191660646793383 0.004677200317382851 0.006565782034529809
1 0.8273738861083983 0.43034355257577084 0.005218505859375 0.007120732851741045
1 0.7670100212097167 0.42797451883507076 0.005023384094238224 0.0074199112496428745
1 0.6362198829650878 0.42422779368292923 0.004442977905273514 0.006856709709228091
1 0.8256505966186521 0.4210824745069058 0.00429553985595705 0.006788551561025029
1 0.6149619102478027 0.42400574161062554 0.004672431945800724 0.007069793604136668
1 0.6215710639953612 0.42412932309513063 0.004017353057861328 0.007028181261023184
1 0.7765942573547363 0.42864175123326914 0.004908561706542969 0.006823706816414085
1 0.85554780960083 0.4311250395539834 0.004796028137207031 0.006885766603988381
1 0.48958425521850585 0.4185284272665439 0.0051936149597168356 0.006860655707281989
1 0.882929801940918 0.4224737975479878 0.004360198974609375 0.006315031794561735
1 0.8034037590026855 0.42284490072859865 0.004792785644531211 0.007710838924341247
1 0.787197208404541 0.42871430378839587 0.004603195190429669 0.006431618100698553
1 0.7199848175048827 0.42032403574459876 0.004299736022949276 0.005872721285433419
1 0.7620977401733396 0.4212896394047335 0.005059432983398456 0.007535062647396506
1 0.8773486137390136 0.4306949257661125 0.005166816711425858 0.007920335548291768
1 0.8405352592468261 0.4249461446922799 0.005372238159179706 0.007880875567753062
1 0.9143445968627929 0.4272274696580556 0.0050384521484374235 0.006729182226669275
1 0.12891879081726074 0.4075319171899453 0.004147434234619131 0.006797161011324417
1 0.8457001686096189 0.430372968197627 0.005094718933105488 0.0070389430738973515
1 0.12044184207916257 0.40755066068070106 0.004274988174438491 0.006836262264767236
1 0.49805364608764646 0.41852161145172356 0.0048808097839355856 0.006701918967388014
1 0.5786293983459472 0.42165751404148216 0.004342842102050858 0.00811207518099984
1 0.742878246307373 0.4206104793305996 0.005364036560058651 0.008310809992076104
1 0.9262507438659667 0.4278692324324518 0.004914474487304611 0.006579054937074598
1 0.8646896362304687 0.42625460177423086 0.0048536300659180074 0.0073117550302575236
1 0.06608483791351318 0.42484408683352326 0.007443952560424797 0.012618584322057527
1 0.4789551258087158 0.4186569412486163 0.004494571685791054 0.006853481165365877
1 0.772572898864746 0.42303816495146396 0.005217933654785195 0.007327539022472933
1 0.8067726135253905 0.4301364773597171 0.005191421508789024 0.006936885215140678
1 0.7522960662841797 0.4214257763375917 0.005545234680175839 0.00894701249648736
1 0.5369790554046631 0.41855506275340754 0.003921222686767597 0.006789986469408305
1 0.9865894317626953 0.42878416589030405 0.0052721023559571464 0.008334306616851387
1 0.6089628219604492 0.42253218038283014 0.004379177093505802 0.0079409623563005
1 0.8289233207702636 0.42659835201378654 0.005359077453613224 0.009242962350526976
1 0.870553398132324 0.42280848992837433 0.004085540771484375 0.006350904504142294
1 0.8375078201293945 0.42192476572785725 0.004752731323242245 0.00747300285982212
1 0.7712811470031737 0.42004916110743773 0.005113124847412109 0.006784964290066972
1 0.21826384067535395 0.4109782083993496 0.004132890701293935 0.006890788783329623
1 0.8173710823059082 0.43051914948916775 0.005827140808105392 0.007043785889690763
1 0.9008848190307617 0.42739786502856325 0.0053348541259765625 0.007785812887364581
1 0.9360193252563475 0.42769623629049947 0.005182075500488166 0.007075174510573753
1 0.47081460952758786 0.41836700007343136 0.004351043701171914 0.007316059755407173
1 0.45919127464294424 0.4152789875509628 0.004635334014892578 0.00861805974963356
1 0.5847099304199218 0.4224601659183472 0.003924655914306622 0.007183151366411182
1 0.10350120067596434 0.4072600020513246 0.004407644271850586 0.0068531224382700805
1 0.8764769554138183 0.42792331054214455 0.0053642272949219515 0.008661465728226072
1 0.11245293617248532 0.4074020579812636 0.004592490196228023 0.007035355802939295
1 0.46479673385620107 0.4170314590957472 0.005006599426269512 0.007977911247168495
1 0.848931884765625 0.4228454388192424 0.004530715942382794 0.0070801966899149945
1 0.5076226234436034 0.41884616979165373 0.005112648010253906 0.006472333626072434
1 0.20713157653808592 0.4287978872017185 0.005972623825073242 0.008920646054945613
1 0.7975961685180664 0.429760262317991 0.005113410949707108 0.007190325908327294
1 0.09841783046722412 0.4046497243386952 0.004061961174011233 0.0068473828047372004
1 0.711410903930664 0.4201546268736046 0.004341411590576248 0.007401257440661001
1 0.2453616142272949 0.41119389306570275 0.004801750183105469 0.007320364480556822
1 0.7276472091674804 0.42183920931550767 0.0042019844055175394 0.0063939517556388745
1 0.7335900783538818 0.4204948795239762 0.004183864593505821 0.006786757925546
4 0.6162299239222316 0.3880823109457959 0.04505653997671413 0.04274529801721805
1 0.6030102723092156 0.4231705856521218 0.005119298381427683 0.006575347612796568
1 0.5967047950345302 0.4232880025737789 0.003745828083971485 0.006340513769482399
1 0.590087165419514 0.42305316873046467 0.005493881189824889 0.007279849142739077
1 0.5182296966753279 0.41812165802086737 0.004370132764633367 0.008219184515995756
2 0.5077413780402077 0.4048535458736171 0.01211151080484111 0.009863021419194807
1 0.484451833650365 0.4180925429983843 0.0037394324132033353 0.006292672183242621
1 0.4879944538312945 0.4124476458928284 0.004526681342298749 0.006107593589617777
1 0.24940882525730734 0.4086535347235204 0.0030505896002448363 0.007403143744991279
1 0.24143792985021606 0.4121700280023913 0.002853777367970959 0.005922514995993114
1 0.25314825767051075 0.40874607402033275 0.002853777367970959 0.006847907964117017
1 0.2567400809095087 0.40745052386495934 0.0029521834841078737 0.008328536713115273
1 0.24881838856048583 0.41300288167370275 0.002066528438875545 0.004997122027869074
1 0.23833813719190272 0.4116147922215169 0.0025585590195601666 0.007032986557741726
1 0.23563196899813713 0.41105955644064257 0.0026569651356971296 0.007773300932240832
1 0.23233536410755 0.4112446350342673 0.0029521834841078737 0.007773300932240922
1 0.22918636839116827 0.41152225292470446 0.002361746787286289 0.005737436402368179
1 0.2263817940812657 0.4116147922215168 0.002460152903423252 0.006292672183242621
1 0.22308518919067857 0.4113371743310797 0.002755371251834044 0.007588222338616077
1 0.09013852628968592 0.4029160983211521 0.0033458079486556164 0.007773300932240877
1 0.08767837338626266 0.4067102094904601 0.0035426201809294817 0.006477750776867419
1 0.08049472690826677 0.4041191091797132 0.0037394324132033474 0.008328536713115228
2 0.9915691595853537 0.41293615597021166 0.013124527294567841 0.01673500125512512
