1 0.342479944229126 0.48096505765505543 0.019977474212646475 0.03101249552303729
1 0.2550145864486694 0.48010509912463556 0.019102048873901385 0.03116334026682356
1 0.6417587757110595 0.4897315407405787 0.019717788696289023 0.026647683584822814
1 0.9923357009887693 0.456121322953265 0.011090850830078087 0.01323093147459775
1 0.44907236099243164 0.48470649158253376 0.019648170471191464 0.02903913776901077
1 0.7493496894836426 0.4960919515127597 0.02113208770751959 0.029591398133003464
1 0.8510217666625975 0.5009089389552372 0.022491455078125 0.02975623323352621
1 0.5419245719909668 0.48729345203393587 0.019994068145751935 0.029271413563544804
1 0.953223705291748 0.504981926401014 0.02125988006591793 0.027315633437212723
3 0.3921403884887695 0.39796986708769927 0.02308034896850586 0.031055363410986133
1 0.5102598190307617 0.4400693615972522 0.010143470764160176 0.014013494634097616
1 0.25540907382965083 0.4318444667446214 0.008606529235839806 0.012143988374306799
1 0.7664844512939453 0.4503803441937662 0.010690689086914062 0.012474914120187459
1 0.5737631797790527 0.44364335965276325 0.009677314758300724 0.012842430029840273
1 0.23323192596435546 0.43172106462366433 0.00802154541015627 0.012278869762329739
1 0.8011754035949706 0.45097538276393384 0.010583305358886661 0.012573025980890235
1 0.20986158847808836 0.4308996692560435 0.007999563217163101 0.01080539821630817
1 0.9535558700561523 0.4551651358793953 0.011461257934570312 0.01380525355498245
1 0.6008503437042236 0.44418611374871714 0.010140323638915958 0.012884042372953756
1 0.9140277862548826 0.4527091108179623 0.012302780151367225 0.013782653747946681
1 0.6622549057006836 0.44577545414668385 0.010025596618652306 0.013411012476692139
1 0.09566961526870726 0.4284803240401566 0.00796188116073608 0.011505812870868591
1 0.6308078765869141 0.4450946798006188 0.009637451171875058 0.012943411707309602
1 0.30711479187011714 0.43350196529079127 0.007987785339355449 0.010941535149166374
1 0.39923844337463377 0.4346727608497268 0.008534431457519531 0.011377388570570171
1 0.07372539043426513 0.4273405583750083 0.006646597385406484 0.01076055732933256
1 0.2798303127288818 0.4333324667380231 0.007923603057861328 0.0108819864512627
1 0.8355138778686523 0.45123653608968034 0.011266899108886739 0.013331375061423316
1 0.5420338630676269 0.4419421860826792 0.009547805786132775 0.013399353846078457
1 0.8698421478271482 0.45197676945187515 0.011556243896484337 0.014476970041878427
1 0.7322156906127929 0.4483941619460647 0.01022958755493164 0.01222972415020439
1 0.693226432800293 0.44763993822713344 0.010528373718261699 0.013106811899449067
1 0.42938838005065916 0.4349621639342679 0.008891105651855469 0.012769967156487561
1 0.37041215896606444 0.4348114985540295 0.00896315574645999 0.010975972950363748
1 0.11387333869934081 0.4284258872033682 0.00784125328063964 0.011818443534863221
1 0.8177301406860351 0.4264501080414449 0.005028152465820351 0.007443228510870238
1 0.33868129253387447 0.4350479893919394 0.008163785934448204 0.010050098316089563
1 0.8322823524475097 0.4323996866071546 0.004978179931640625 0.006423008650399164
1 0.5534085273742675 0.4248327869300053 0.004179954528808594 0.006241492739921497
1 0.45554141998291003 0.4351977579544382 0.009450149536132832 0.012817319133133881
1 0.5167252540588378 0.42283530477878584 0.004976463317871113 0.007222790710497809
1 0.4822384357452392 0.43680951879589275 0.009211921691894569 0.012898750183881823
1 0.49736738204956055 0.4213258708414099 0.00450477600097662 0.007413095434822604
1 0.8229682922363281 0.43180016394828946 0.005126953125 0.007033203440364516
1 0.7696866989135741 0.4304389739832552 0.00505390167236332 0.006944597847700462
1 0.8954639434814453 0.4283572806462953 0.0056362152099609375 0.008175390513409491
1 0.8430353164672851 0.4330339161125389 0.004929542541503906 0.006742455129213973
1 0.4738903045654297 0.4205013366117007 0.004571723937988262 0.007476948857875927
1 0.1360905647277832 0.4297059151629764 0.0070977687835693404 0.010979022130678131
1 0.7790682792663574 0.4303847165100146 0.004803466796874981 0.006578337482882914
1 0.4825477600097656 0.4212514349690302 0.0051174163818359375 0.007105307586621386
2 0.9922792434692382 0.41896132118940727 0.014645004272460784 0.015325180259910826
1 0.8376260757446289 0.42646140794496273 0.0047168731689453125 0.0077589083551791605
1 0.9574413299560547 0.4317599865135593 0.005309677124023399 0.007587795530480001
1 0.5062307357788086 0.4223155092169636 0.004566383361816425 0.007084501415064734
1 0.7639238357543945 0.42817289491905125 0.0052062988281249235 0.00853716678952947
1 0.4567712783813476 0.42028305117390297 0.004513168334960976 0.00610481771641962
1 0.7991827011108398 0.43015073676177534 0.005703735351562481 0.008978939208014023
1 0.5629036903381347 0.4246484012027613 0.00445137023925787 0.006462109903841938
1 0.5733163356781006 0.4254563443042894 0.004866886138915997 0.006304090618139555
1 0.6278660774230956 0.42614788046322866 0.004748725891113224 0.008288389548588253
1 0.8477083206176758 0.4280642006090221 0.004655456542968808 0.006787116652641843
1 0.46532411575317373 0.42046205599471 0.004626655578613224 0.006465697174799993
1 0.7553559303283691 0.42734674641741094 0.004984855651855469 0.007736667275239323
1 0.9825888633728025 0.4310179595158854 0.0051397323608398824 0.007359107006903844
1 0.8283422470092773 0.42612483224732317 0.00501670837402338 0.00787118993616642
1 0.7888550758361816 0.43004903763011454 0.0055939674377441595 0.007645909320000399
1 0.6878445148468018 0.42311520159528815 0.0043324470520018955 0.007403768530331713
1 0.8579360961914062 0.42859439925662285 0.004936599731445351 0.007224763709524667
1 0.9204002380371091 0.4312645843942517 0.005778884887695274 0.00873285242029144
1 0.6495708465576171 0.4226065265734359 0.0042629241943359375 0.006922894858404205
1 0.7152057647705078 0.4263528033167076 0.004615402221679649 0.007823299868876338
1 0.8084961891174316 0.430324898766789 0.0054710388183594515 0.008844416547086925
1 0.9797134399414062 0.4367161600692094 0.005282592773437615 0.006826217906084706
1 0.9705623626708982 0.4315987386839947 0.005028152465820351 0.0070687174228492335
1 0.5437557220458984 0.42449648027768766 0.00488605499267582 0.0064994175218057735
1 0.9182572364807129 0.4268694600164416 0.005660629272460899 0.008290721274710955
1 0.9418852806091308 0.4282754908684516 0.005476760864257889 0.007728416552035776
1 0.4900779724121094 0.4215320492397242 0.004504585266113224 0.007456860140510869
1 0.6213447093963622 0.4259685169153259 0.004729175567626992 0.008149920889607259
1 0.7056509017944336 0.4256311340817207 0.004682064056396484 0.007095263227938811
1 0.640914487838745 0.42193803863040213 0.004106330871582012 0.005841870755194102
1 0.5253958702087401 0.42337106369637156 0.004143238067626953 0.0067641581185102296
1 0.6620104312896729 0.427431675057343 0.0044553756713867 0.007852177400088615
1 0.44619126319885244 0.4208012324637942 0.004538154602050839 0.007104231405334041
1 0.6320273399353027 0.4226255391095135 0.0046212196350097845 0.008603351938705584
1 0.7366205215454101 0.42646373967108553 0.004859352111816349 0.007570755993429145
1 0.6685098171234131 0.42817217746485964 0.004182052612304706 0.0073976701697029456
1 0.6379011154174804 0.42648059984458836 0.003964424133300781 0.007655594951587222
1 0.6831233024597168 0.4283045477632119 0.0037605285644531443 0.006857785890515617
1 0.6232059478759765 0.42263361046916914 0.004308319091796933 0.007278572773895506
1 0.9071772575378418 0.4304786133273417 0.005858802795410195 0.008028312404129198
1 0.7459016323089599 0.4261182854778247 0.004328346252441464 0.007045041434526028
1 0.5897881507873535 0.4220426075788294 0.004485607147216797 0.006925405948074917
1 0.6027313232421875 0.4263205178780851 0.004994487762451133 0.007542237189312618
1 0.6948920249938965 0.4227710029468627 0.004487609863281211 0.007775051074490413
1 0.696222972869873 0.42504748509684503 0.004683685302734394 0.008057010571793645
1 0.534714126586914 0.4250133163409695 0.00413837432861332 0.005986437774803774
1 0.6702563285827636 0.42184710131161535 0.0041822433471680074 0.006907648956832468
1 0.7488168239593506 0.43030328545926666 0.0048075675964356045 0.007083245870229378
2 0.09728949460649677 0.41443935316887753 0.19512282091321978 0.1908022322072811
1 0.6748214244842529 0.4282996152656446 0.004680824279785175 0.007309961394778496
1 0.6156912803649902 0.4224448303350014 0.003999042510986309 0.007453272869552813
1 0.6074091911315918 0.42144496823721733 0.004789733886718789 0.007795677882499234
1 0.34857554435729976 0.4165515719233333 0.004294776916503945 0.007719986465284308
1 0.4398199081420898 0.42113413120870175 0.0038839340209960555 0.006376374127944437
1 0.7824652671813964 0.42789882741785573 0.004378318786621094 0.007094187046651376
1 0.6555165290832519 0.42673063263036487 0.0046569824218749235 0.008584160039080038
1 0.480557918548584 0.4198860299606202 0.004894828796386776 0.007647702955479517
1 0.9291925430297852 0.42825190456190243 0.00497512817382801 0.007805542877633888
1 0.8833200454711914 0.4277797300220483 0.0054454803466796875 0.008880647983763326
1 0.6314384460449218 0.4255785805621852 0.005139923095703086 0.008710073249707748
1 0.6433707237243652 0.42735930186576415 0.0039163589477538676 0.007096339409226337
1 0.6888905525207519 0.4257095159521543 0.005263614654540997 0.008650345188256152
1 0.4554619789123535 0.41862752562676014 0.0047607421875 0.007005940181083255
1 0.36623485088348384 0.4152967445422052 0.0039348602294921875 0.007980601700387035
1 0.6776012420654296 0.42134802223957585 0.004310226440429649 0.006697434878690444
1 0.5965045928955077 0.42563812926008887 0.004216766357421836 0.007856123398142513
1 0.38657097816467284 0.41688823730274677 0.003980112075805635 0.007237677884973705
1 0.9440985679626465 0.433186823537126 0.005854415893554764 0.009657112782634427
1 0.7275543212890624 0.4305176248990106 0.0046895980834961324 0.007037687529062086
5 0.04987320371935761 0.3847376788553259 0.09087066779374471 0.06160572337042921
