5 0.09113550186157225 0.3482386329784302 0.1822710037231445 0.12383689819724072
1 0.9505069732666016 0.4682408282032831 0.02078094482421879 0.028829999872156092
1 0.5166184425354003 0.46488278385944687 0.017446517944335938 0.027323166706224675
1 0.6169081687927246 0.4654239236834697 0.01876564025878908 0.028192183095813728
1 0.7198556900024413 0.4677636314840877 0.01906118392944332 0.02831217730936068
1 0.9939508438110352 0.42302982454648647 0.009760665893554572 0.012652304669063308
1 0.38154854774475094 0.46084889766711307 0.020125675201416046 0.026897357643503452
1 0.10052471160888671 0.4557430452307381 0.017730379104614273 0.020590935299241105
1 0.19834939241409297 0.45833359295309817 0.018316578865051263 0.02327170288619624
1 0.8359086990356445 0.46729217439842524 0.02269744873046875 0.029205766505012453
2 0.5747071743011474 0.37805558077292145 0.02757740020751953 0.01865954861542378
2 0.4605713844299316 0.3794213445084273 0.017741775512695273 0.01127551007536142
1 0.8018775939941406 0.4204677956282428 0.010438537597656308 0.011911891943320506
1 0.009956994652748108 0.4549296315409989 0.01753058135509491 0.02174621591128304
1 0.944485855102539 0.4238963298464048 0.01056556701660164 0.011568590112634662
1 0.2110976219177246 0.40991601746866924 0.008950805664062485 0.012054844690999118
1 0.8482757568359375 0.4215064899341481 0.011288833618164082 0.012934622893462292
1 0.5981551170349121 0.41656870114215794 0.010635185241699199 0.013976725106777542
1 0.8940150260925293 0.4225279653394544 0.010281372070312577 0.011517292137934444
1 0.6352244853973388 0.4174627387466794 0.010379600524902421 0.013342854328489076
1 0.7615962982177734 0.4197046037319164 0.011024093627929745 0.013515760788667355
1 0.03409429788589478 0.4092487850704708 0.007637012004852293 0.010017095423275377
1 0.469883632659912 0.39608565301698034 0.005243492126464863 0.0069180520426108845
1 0.7183957099914551 0.41981006949808325 0.010544586181640605 0.011668674972364386
1 0.6420466423034668 0.3939159818597742 0.004848480224609375 0.006784964290067017
1 0.27415347099304194 0.41012470695665415 0.009782791137695312 0.012078879406418028
1 0.004798375442624092 0.4076815063888962 0.006610780209302901 0.01145702598583904
1 0.34411029815673827 0.41016640898154155 0.009900808334350586 0.013204026942412284
1 0.24277997016906738 0.40942492007451137 0.00951833724975583 0.012020586253349666
1 0.05940354466438293 0.4085404784198027 0.007325649261474609 0.00951164894528533
1 0.6709545612335205 0.41830108396957705 0.011166572570800781 0.013742835040312314
1 0.5802015781402587 0.3931769143606407 0.004344844818115273 0.005196161982744032
1 0.30531375408172606 0.4101746597047451 0.0100402355194092 0.012379672076251055
1 0.37882189750671386 0.4101339441793711 0.01011667251586915 0.013009955583581511
1 0.7314174652099609 0.3982078825157663 0.005454254150390644 0.007838187043352233
1 0.49097709655761707 0.3778962162606098 0.01580543518066408 0.05007112803254484
1 0.48389101028442383 0.4142451360608511 0.010527992248535099 0.013948026939113185
1 0.4821157932281494 0.3963120098144337 0.00506916046142582 0.007083066506681457
1 0.11578855514526368 0.40929864813678785 0.008107852935791011 0.0106762564618182
1 0.41435680389404295 0.41222630964743123 0.010648727416992188 0.0132919150808847
1 0.5654542922973632 0.4142171553473783 0.011017227172851505 0.015006989325931192
1 0.525998592376709 0.41416863750767063 0.010399627685546855 0.015415400124505896
1 0.45895981788635254 0.3962171264975931 0.004609107971191406 0.0076462680470962404
1 0.14430941343307493 0.41001681978259064 0.008498930931091324 0.011338646044223194
1 0.2902342796325683 0.4620996893684132 0.018421602249145526 0.021888809931865764
1 0.44878664016723635 0.41332715342268467 0.010282707214355489 0.01414030466246493
1 0.6533875942230224 0.39326847945184507 0.005055904388427734 0.008178977784367547
1 0.7262384414672851 0.3929469702922293 0.00486354827880867 0.007358568916260172
1 0.7539846420288085 0.3931736858167785 0.005335807800292969 0.008208393406223634
1 0.08658046722412109 0.40876773203499556 0.006935930252075193 0.009398291183010771
1 0.6296267986297607 0.3935125035587668 0.005141353607177792 0.007196782996051813
1 0.9012437820434568 0.39563832032851076 0.005369567871093789 0.00802221404350052
1 0.7396157741546631 0.3932805864913285 0.0053656578063964655 0.007757114719700178
1 0.4190926074981689 0.39595023353831377 0.004357051849365253 0.006205261303245141
1 0.448530101776123 0.39653908406607863 0.005625152587890664 0.007402333621948436
1 0.6647798538208007 0.3934122393354892 0.005105018615722656 0.007429596881229653
1 0.23833851814270018 0.39175258842674454 0.0044689178466796875 0.007646626774192037
2 0.7818886280059814 0.3793565942676344 0.027468204498291016 0.014750499452430238
1 0.3890612125396728 0.3955624495477479 0.004954814910888672 0.005993612316719841
1 0.7121129989624023 0.39296598282830697 0.0051790237426757426 0.007452196688265423
1 0.17964899539947507 0.40967952663075935 0.00889410972595214 0.011429762726557824
1 0.7169405937194824 0.39812860382759324 0.005615615844726601 0.007617211152335996
1 0.44552268981933596 0.39136471475440476 0.004536819458007831 0.006397359663049055
1 0.6207653999328613 0.39287163760211014 0.004783153533935547 0.007277855319703913
1 0.937553596496582 0.4010230830818746 0.006109619140624846 0.006908366411024106
1 0.9817580223083494 0.4005539577223348 0.0056819915771484375 0.0070687174228492335
1 0.5910789012908935 0.3927570242950002 0.004861164093017655 0.00774635290682601
1 0.8013028144836425 0.39439407539670907 0.005896568298339844 0.009031672091097427
1 0.33594911098480223 0.3900638806232397 0.0043675899505615234 0.007143691385872612
1 0.5305791854858398 0.3970792373905879 0.005057334899902344 0.007247363516560437
1 0.6367708206176758 0.3985522605277396 0.005364322662353554 0.007198935358626682
1 0.6870484352111816 0.39724461058175425 0.005846595764160214 0.008663976817896693
1 0.7925371170043943 0.3985015006436831 0.005778121948242169 0.008858765630919148
1 0.6880970954895019 0.3934115218812975 0.005654144287109356 0.00850111471640099
1 0.7617636203765868 0.3979151612055889 0.006258678436279316 0.008526943067298974
1 0.8587445259094237 0.39940136756351147 0.005360031127929726 0.007605193794626518
1 0.9669193267822264 0.40013980729022725 0.0064945220947265625 0.00875437604603973
1 0.6595020294189453 0.39780700498620347 0.00563468933105463 0.008265431014456686
1 0.9060369491577148 0.40092434344875405 0.0067703247070311735 0.007838725133995951
1 0.9883609771728513 0.3955133039356225 0.006193542480468789 0.008904682699182282
1 0.8661268234252929 0.39560406189086134 0.004827117919921933 0.007889485018052407
1 0.4100602149963379 0.39556899631724635 0.004852676391601553 0.006846306623449765
1 0.6774092197418212 0.3930402393371388 0.005456352233886661 0.008140235258020526
1 0.9670527458190917 0.3952359182087909 0.006051826477050858 0.00925390352694902
1 0.9220336914062498 0.40031603197604176 0.005346679687500039 0.008716171610336425
1 0.7472757339477538 0.3975838767326124 0.005363845825195351 0.007954055895297412
1 0.7769945621490478 0.3983131689183852 0.006070137023925781 0.008902530336607413
1 0.602311897277832 0.3930212268010611 0.005072784423828144 0.007017419448149061
1 0.7711864948272704 0.39352218919035353 0.005360507965087929 0.008442283472688862
1 0.9463123321533201 0.39501323836406954 0.005386734008789101 0.007841415587214493
1 0.5417570114135741 0.39145242352932924 0.0053647994995117574 0.008421297937584244
1 0.8916826248168945 0.3997139085457321 0.005703353881835976 0.007959974892378215
1 0.4376053810119629 0.39620277741376086 0.0045901298522949795 0.006695282516115619
1 0.6473737716674804 0.39835845821423066 0.005447483062744102 0.007925716454728763
1 0.7866585731506347 0.3944952364377262 0.005038642883300724 0.007068358695753437
1 0.2956027030944824 0.39394082371115874 0.005208301544189482 0.007102617133402845
1 0.5097750663757323 0.3919576906437714 0.005450248718261719 0.007732900640733301
1 0.42818007469177244 0.3957789413500666 0.004532337188720703 0.0066350163640202615
1 0.3398133277893066 0.39507601560583555 0.004348373413085947 0.006313238159082662
1 0.5992197036743163 0.3981054659299138 0.005661392211914101 0.006988362553388771
1 0.8504889488220214 0.3947999751056131 0.005374717712402325 0.008106156183918994
1 0.5560670852661133 0.3921552595917863 0.005564689636230469 0.007639452232275925
1 0.4006178855895996 0.39584880345197465 0.004596424102783174 0.006964327837969814
1 0.23032598495483397 0.3917956356782412 0.004381942749023419 0.00794903371595617
1 0.585603904724121 0.39838868097205227 0.0056899070739745905 0.007644653775165088
1 0.42337312698364254 0.39112266364651 0.004890060424804697 0.007030512987145928
1 0.7000782966613769 0.3932157465687617 0.006074142456054706 0.008418607484365702
1 0.8743786811828613 0.4003886742129424 0.005846214294433709 0.008050732847617047
1 0.24697871208190916 0.39239148138437435 0.004605293273925781 0.00782599032209488
1 0.9526121139526367 0.40097788346780305 0.005965232849121094 0.007162703921950326
1 0.8176125526428222 0.39771265976000664 0.006019020080566445 0.009890464758456029
1 0.8044082641601562 0.3986492065253811 0.006731414794921914 0.008748098321863133
1 0.8311454772949218 0.39926792108387177 0.0060176849365234375 0.00825287556610349
1 0.36901044845581055 0.3954811978605479 0.005006217956542959 0.006838773354437857
1 0.8441854476928711 0.3994020850177031 0.005486106872558651 0.007745276725538575
1 0.35815668106079096 0.3917190474432868 0.005428314208984375 0.009096781058986151
1 0.5677428245544434 0.3920560715497961 0.005898666381835956 0.006527398235278628
1 0.31470384597778317 0.392434618317645 0.004895877838134737 0.00853931915210425
1 0.20629246234893797 0.3907651024137657 0.004644298553466811 0.006994640277565415
1 0.673088264465332 0.3979756067212321 0.0060364723205566595 0.007602503341407976
1 0.8843180656433105 0.39590853151342636 0.005158805847167815 0.008584877493271586
1 0.322820782661438 0.39419946594723454 0.004703569412231474 0.007838007679804313
1 0.5723782539367676 0.39798923835087274 0.00508861541748045 0.007871907390357967
1 0.3500930786132812 0.3945752325800909 0.004671859741210919 0.006970426198598537
1 0.9220949172973633 0.39668777644729003 0.005574417114257736 0.009996647978814475
1 0.27740983963012694 0.3930162943034938 0.004818439483642578 0.0066737588903672835
1 0.22367596626281738 0.3902077301886578 0.004527187347412119 0.007338121471799271
1 0.520410919189453 0.398140083094659 0.0049430847167967985 0.006701022149648499
1 0.7015874862670898 0.39588153729946696 0.006111526489257755 0.009055706806516428
1 0.26690218448638914 0.39246537916611035 0.004692029953002949 0.007431390516708681
1 0.3799826145172119 0.3927017803222462 0.005281639099121065 0.007420269976738716
1 0.5200625419616699 0.39077505709067434 0.005383682250976581 0.008211442586537972
1 0.3923391819000243 0.3913533251691129 0.0049840450286865135 0.006813303730635669
1 0.5416959285736084 0.39672077934010413 0.005411529541015664 0.008090013464607743
1 0.5314496994018554 0.3918761699112496 0.0052062988281249235 0.008696979710710834
1 0.34872813224792476 0.39200280057606895 0.005376005172729531 0.008213415585564876
1 0.4575369834899902 0.39263398090113893 0.005195236206054649 0.007724291190433957
1 0.3596746921539306 0.39450662602301806 0.005059528350830059 0.0075738051737435285
1 0.8326861381530761 0.3971725961172713 0.00617218017578125 0.009559718376123289
1 0.1889045476913452 0.38990783433656434 0.004332900047302246 0.007152300836171955
1 0.8337308883666992 0.3943508487816645 0.006419754028320274 0.00846667691520366
1 0.3683643817901611 0.39244188254133505 0.005488824844360323 0.008142746347691191
1 0.555379295349121 0.39710443796906825 0.005443191528320274 0.00677205011461798
1 0.6126471519470215 0.3979478053713072 0.005385971069335899 0.007936119540507179
1 0.4929356575012207 0.3974803839654725 0.004861450195312558 0.006488296981835764
1 0.1986769914627075 0.3895058806257141 0.0041655540466308495 0.006891864964617057
1 0.30540914535522456 0.3934906212059227 0.004709911346435566 0.0067227251389447564
1 0.2872579097747803 0.3929742335515105 0.004345512390136729 0.007216871713416917
1 0.22083837985992433 0.39258949874125904 0.004202938079833994 0.007712632559820275
1 0.37936744689941404 0.3953602171474875 0.006137084960937519 0.007563222724417236
1 0.325418758392334 0.3903879008725262 0.004448318481445303 0.007634250689386762
1 0.49776353836059567 0.39227139748905343 0.00457324981689457 0.006443635458407986
1 0.21615450382232665 0.38776677166524864 0.004295682907104478 0.00790275792059724
1 0.40321664810180663 0.3911493888151475 0.00489196777343751 0.007094187046651467
1 0.40230450630187986 0.39298140809342663 0.0048655509948730856 0.007356775280781098
1 0.3310249805450439 0.394794594199176 0.004717063903808613 0.007104769495977714
1 0.28150517940521236 0.38772506964036124 0.003774070739746132 0.006768642207207845
1 0.301756477355957 0.3899743782128362 0.004294967651367197 0.007659899676736826
