5 0.11497765779495236 0.3516466300703573 0.18517711162567135 0.11972947295026676
2 0.6115944862365722 0.3813123743939665 0.0297849655151367 0.01936050136062792
1 0.2333512306213379 0.45756618601339605 0.01875000000000003 0.025786200464245623
1 0.9900685310363767 0.47232915123240554 0.017815017700195352 0.024753963246065026
1 0.043732929229736324 0.453660096348943 0.01714441776275635 0.023759213009396096
1 0.008365258574485777 0.4090412614455473 0.007558883726596832 0.010938665332400002
1 0.7582113742828368 0.46864726600283085 0.018889904022216797 0.02458320914846153
1 0.5534018039703369 0.4657947578187587 0.018366241455078165 0.02504489092076331
1 0.4166531562805175 0.46336841742450363 0.01899223327636717 0.025617957456312748
1 0.9843044281005859 0.42580780717640493 0.010132980346679803 0.01017529407252568
1 0.5279155731201172 0.37745013911697556 0.015666580200195273 0.04424970472181164
1 0.7088738441467285 0.42096445329238574 0.010380172729492225 0.012385770436879733
1 0.6732454299926758 0.4208371051733748 0.011057472229003964 0.013431818648248882
1 0.6546157360076904 0.4676383460458776 0.018717670440673868 0.02474553315931356
1 0.32580239772796626 0.4585499053918689 0.019404888153076172 0.027272944912811892
1 0.13629952669143675 0.4542658967319846 0.018707275390625 0.02435344444359812
1 0.8759773254394531 0.4701742775679013 0.02197532653808592 0.02727079255023711
1 0.7992312431335449 0.4222510280214925 0.009807014465332069 0.01249302983852566
1 0.5644623756408691 0.4189159422117879 0.01036834716796875 0.012664860117416504
1 0.7569087028503417 0.42252706852171495 0.00969390869140623 0.011324835051034689
1 0.2458579301834106 0.41003717754527763 0.009992218017578134 0.012538588179692951
1 0.6365381240844726 0.41998351404890527 0.010700035095214824 0.012135917014651172
1 0.3415163516998291 0.39678974462427274 0.004863357543945322 0.006192705854891945
1 0.4513139247894286 0.415858062765367 0.010398769378662052 0.013504281521601593
1 0.6034017562866211 0.419795720414251 0.010497856140136699 0.013645261270253211
1 0.27884678840637206 0.41080853048303356 0.010330867767334004 0.013236312381034787
1 0.2154319047927856 0.41080153530466534 0.009936094284057593 0.013126721253266206
1 0.9330917358398437 0.42571758731180986 0.009131622314453048 0.009454252609956436
1 0.9938102722167966 0.4033351688961156 0.006034469604492149 0.008436902566251734
1 0.8324995994567871 0.40184232608692066 0.005723190307617206 0.0077104801972454505
1 0.9868993759155273 0.39844813998818207 0.005556488037109414 0.008464883279724588
1 0.5212932586669922 0.41696975803526853 0.01059265136718752 0.01464431623207179
1 0.17910969257354734 0.4098379943253315 0.00854945182800293 0.011822568896464995
1 0.4863866806030273 0.415417187164622 0.010549545288085938 0.014267832145023746
1 0.4166800498962402 0.41559951021106517 0.010502815246582031 0.014026588173094575
1 0.8007837295532226 0.40103572821200173 0.006357002258300762 0.00791172609799238
1 0.3412723064422607 0.41205869441191606 0.010137367248535136 0.01277194015551451
1 0.31017012596130367 0.4126278149494116 0.009571361541748027 0.01128698934242727
1 0.9778781890869138 0.403572466869991 0.005755996704101524 0.0075452863696269116
1 0.9416382789611816 0.3983114649646801 0.005288314819335861 0.007991363513261204
1 0.46460046768188473 0.39875368579203446 0.00489482879638668 0.006443635458407986
1 0.9314306259155274 0.40368743890419667 0.006133651733398399 0.007814331691481153
1 0.8405868530273437 0.42449522473285234 0.008928298950195312 0.007876570842603414
1 0.8868868827819824 0.4238215352469293 0.009656906127929688 0.009849569869534181
1 0.8711341857910154 0.403109350189306 0.005723571777343711 0.007226019254360023
2 0.821188735961914 0.3818295691843442 0.027022171020507794 0.015874391443589136
1 0.008645157516002654 0.3879057784148733 0.0051439225673675535 0.008116200542601568
1 0.15057929754257202 0.41007600975339853 0.008210635185241708 0.011975386639278125
1 0.7112484931945801 0.4009065864575117 0.0058135986328125 0.006749809034678051
1 0.9242023468017576 0.3981904842516197 0.005035972595214805 0.007268707778760853
1 0.9143011093139648 0.40394787477575156 0.005888175964355392 0.008209469587511023
1 0.905850028991699 0.3992073858864546 0.005340194702148399 0.007369151365586419
1 0.3815916538238525 0.4127400965303987 0.010473632812500038 0.013864443525790374
1 0.47395954132080076 0.3983904746075313 0.005060005187988358 0.007139745387818714
1 0.12073534727096558 0.410580738777197 0.0069902181625366355 0.00893768559199638
1 0.06768168807029723 0.40997915343753105 0.007435023784637451 0.010568458969528646
1 0.09266468286514282 0.4106783125472561 0.007166504859924316 0.010007409791688689
1 0.7702355384826659 0.4004052653411234 0.0062002182006836324 0.007437130150241606
1 0.3763339519500732 0.39706139071757157 0.004363346099853497 0.005672730929521755
1 0.4055930137634277 0.3978371380622512 0.004982566833496055 0.006607394377643248
1 0.3672301769256591 0.3971942991065675 0.004523468017578144 0.006425699103617706
1 0.3229617118835449 0.3957655787657478 0.004143619537353506 0.0054646692139545105
1 0.45548086166381835 0.3984615025725008 0.004834270477294883 0.0063817550343815204
1 0.9626056671142578 0.4015633260881578 0.005791282653808748 0.008968356758687776
1 0.6923950195312499 0.39586279380871114 0.004350090026855411 0.007511745386169143
1 0.6858086109161377 0.4003539673664232 0.005672073364257774 0.007477666312067611
1 0.4856863975524902 0.3983224958228761 0.0052154541015625765 0.006584435843511681
1 0.7513077735900878 0.3960478969901468 0.005078124999999981 0.008107949819398021
1 0.7933257579803467 0.39708721906846955 0.004855155944824219 0.008699490800381501
1 0.9463355064392089 0.40419647265314484 0.005770492553711014 0.0078116412382626555
1 0.6740501403808593 0.4004310936920214 0.005397033691406269 0.0075833114417823404
1 0.02742381691932678 0.3894542239239181 0.004469358921051028 0.00794185917404006
1 0.8257631301879881 0.3974154543611317 0.004635620117187481 0.007090958502789162
1 0.6974431514739989 0.4007358323599083 0.005416584014892502 0.006846306623449765
1 0.3961672782897949 0.3982114697867243 0.004300689697265635 0.006058541921060689
1 0.8450925827026367 0.40222777835136375 0.005852699279785156 0.007850742491705429
1 0.890760803222656 0.3985226655423357 0.005659866333007697 0.007692902569550968
1 0.7156887531280517 0.39494633576070176 0.005199623107910175 0.007446098327636746
1 0.810569953918457 0.39739321328119176 0.0052062988281249235 0.008744690414452997
1 0.6500154495239258 0.4004528863630916 0.005505275726318378 0.007954952713036973
1 0.44681386947631824 0.3978032383516975 0.0048850059509277155 0.007473361586917962
1 0.038720968365669246 0.41097282749291253 0.007321023941040035 0.00885015618061985
1 0.38655595779418944 0.3969096491560458 0.0047834396362304975 0.006525245872703758
1 0.8993535995483398 0.40404428268274933 0.0057418823242188265 0.007876929569699211
1 0.7784637451171873 0.39619667905313216 0.004883956909179706 0.008267583377031512
1 0.8415840148925781 0.39768736949975236 0.005614852905273495 0.009222873633161826
2 0.4979048252105713 0.38011628857477664 0.017746448516845703 0.012610871689497743
1 0.7863122940063476 0.4006088429679931 0.005971527099609336 0.007332381838266345
1 0.42578430175781246 0.39820142542804177 0.004700469970703106 0.006355209229291898
1 0.8850675582885742 0.40280775038350747 0.005274772644042969 0.0071221677601242765
1 0.6618377685546875 0.4000254630284392 0.005197334289550762 0.006950158117685512
1 0.4376033782958984 0.39824411395244264 0.005176544189453125 0.007033920894556109
1 0.7250730514526367 0.4012446867453085 0.005604934692382736 0.006831957539617541
1 0.3505909204483032 0.3964764861878605 0.004587411880493164 0.006934194761922136
1 0.5693453788757323 0.39437560095127505 0.005394077301025352 0.007780073253831745
1 0.3128781318664551 0.3957400194601716 0.0042189598083495995 0.0054372265911254184
1 0.41507310867309566 0.39741052186356435 0.005434226989746113 0.007535600738040178
1 0.6801101684570312 0.39571392206395184 0.004143905639648456 0.007400539986469408
1 0.7395357131958007 0.3972777031563423 0.005925750732421836 0.008955442583238738
1 0.3039023399353027 0.3960571342128638 0.004204273223876953 0.005426644141799126
1 0.24204459190368652 0.3925555990307054 0.004232883453369141 0.007720883283023822
1 0.74127197265625 0.4004675044922457 0.005418586730957012 0.007798547699265742
1 0.7266093254089355 0.39760396544997756 0.005848503112793026 0.008962079034511133
1 0.27353525161743164 0.3935297224593655 0.004952239990234404 0.007859710669100569
1 0.8556339263916015 0.39781695966311215 0.005867958068847656 0.00935075984281653
1 0.8576857566833496 0.4017888757496456 0.0059190750122069926 0.009562588192889706
1 0.5576399326324463 0.3954125913034751 0.005642604827880878 0.00858326322134048
1 0.3314942359924316 0.3965120001703453 0.004121685028076162 0.0054264647782512054
1 0.24718959331512452 0.39480096160512657 0.00502166748046876 0.006325614243887936
1 0.5106644630432129 0.3944321901506384 0.005284118652343731 0.0075538958199263
1 0.35882887840270994 0.39745132707071223 0.004715776443481407 0.006704250693510713
1 0.5478819847106933 0.39739635214328006 0.005833625793457031 0.01007843775665817
1 0.2820533275604248 0.39338479671266 0.004518842697143565 0.007265658598446514
1 0.8746389389038084 0.3980355141462317 0.005645751953125 0.007307988395751547
1 0.8166709899902344 0.4009398583956477 0.00586681365966795 0.007177411732878346
1 0.7655426025390625 0.3954445180150018 0.004696846008300781 0.007948495625312453
1 0.7561025619506835 0.40015388732873763 0.0059069633483887106 0.0076780153950750715
1 0.019590938091278074 0.38923423453241535 0.004468297958374024 0.007879261295821956
1 0.6358340263366699 0.40076892493449634 0.006220817565917969 0.007158578560348508
1 0.5389933586120605 0.3994510512662805 0.004919433593749942 0.006987645099197178
1 0.4955115795135498 0.39845881211928225 0.0049113273620605856 0.006590534204140359
1 0.7025718688964844 0.39565204163992534 0.004718589782714825 0.007556227546049045
1 0.5795082569122314 0.39592799245837385 0.005360889434814434 0.008123733811613477
1 0.6287055015563965 0.3954029953536623 0.005010986328124942 0.007974144612662517
1 0.6233147621154784 0.40036383236155787 0.00571041107177742 0.007505288298444624
1 0.32749707698822017 0.3920482692354623 0.004342842102050762 0.005504667285136843
1 0.6179313659667969 0.395195113001643 0.004820919036865292 0.0069345534890179325
1 0.21624181270599363 0.3923437706806322 0.004497671127319326 0.006995895822400725
1 0.5930712223052979 0.3975842354597082 0.005897903442382755 0.008912754058837864
1 0.2945349216461181 0.3954013810817312 0.004360675811767578 0.005998993223156925
1 0.23411915302276606 0.3926215151345597 0.004360771179199229 0.007180999003836403
1 0.3009429931640625 0.3923469992244945 0.004347896575927744 0.0064161928355788485
1 0.33716440200805664 0.392017508386997 0.003984165191650362 0.005828597852649313
1 0.2214606523513794 0.39533358166062393 0.003911399841308584 0.00581675985848771
1 0.2244257926940918 0.3930849008605666 0.004361486434936533 0.007135799389764907
1 0.7672322273254394 0.39705816217370926 0.005801010131835919 0.008987369294765445
1 0.26507720947265623 0.3946073386551655 0.004172992706298847 0.007030512987145928
1 0.43914480209350576 0.3937272017256065 0.005075073242187558 0.007187456091560876
1 0.29175424575805664 0.39257335602194776 0.00431976318359376 0.006346958506088351
1 0.5468542098999023 0.3949622991164651 0.005690574645996094 0.009627876524326352
1 0.5085063934326172 0.39827227402946336 0.00521526336669918 0.00740771452838552
1 0.47117300033569326 0.3942672653683418 0.004762268066406308 0.007201446448297303
1 0.4826024055480957 0.3935987774253081 0.004972076416015586 0.006896528416862549
1 0.567830753326416 0.40075592107727337 0.005441856384277363 0.006749091580486458
1 0.22889411449432373 0.39482042255007405 0.0037212371826171875 0.0065948389292900525
1 0.3178979873657226 0.39162497126241175 0.0039213180541992 0.006001504312827591
3 0.027256834506988525 0.3689370070428651 0.019364631175994875 0.026513160923895624
1 0.002030217011742037 0.3903981042434677 0.0030760863814273285 0.004628311846395585
1 0.014149997354565711 0.3881996561164298 0.0044295643892553515 0.00763671454655271
