1 0.08889162540435791 0.4511972554726896 0.019184875488281242 0.02810501241153304
1 0.4010479092597961 0.45192654765846246 0.018918585777282684 0.02862929206205288
1 0.49944162368774414 0.45270713781893535 0.018389892578125018 0.029076624750522438
1 0.5999834537506104 0.45390116095732425 0.01856393814086916 0.028477909227622847
1 0.9296865463256836 0.45512262671854226 0.02087001800537098 0.031170873535835513
1 0.17892498970031737 0.4528461445685599 0.019459629058837906 0.02927320719902392
1 0.824573802947998 0.45490846664234647 0.020099639892578125 0.028225365352175746
1 0.8696159362792967 0.4113432132193318 0.012199401855468655 0.015678526449279338
1 0.2684241533279419 0.451947533193567 0.01890997886657718 0.027773010484364945
1 0.5195977687835693 0.4079332431283778 0.01045026779174799 0.014150349021147415
1 0.6417267799377441 0.4071572267383763 0.011710357666015645 0.015720497519488574
1 0.5539826869964599 0.407301614394438 0.011391925811767558 0.015445712564101452
2 0.44812259674072263 0.36929268495835627 0.02715377807617195 0.022432640209107037
1 0.713373851776123 0.45433791119646755 0.020975971221923868 0.03162215222235888
2 0.6459875106811523 0.37021102632361863 0.023382377624511737 0.016080659523677352
1 0.9877038955688476 0.4129971244945435 0.012838363647460938 0.016390061643809677
1 0.4829554080963134 0.40710843985334677 0.009971904754638652 0.014564678816802967
1 0.45107340812683105 0.4069786703264391 0.010523605346679668 0.014245591065083817
1 0.7267617225646971 0.40931201072110657 0.011586952209472636 0.013677008618231951
1 0.9475992202758788 0.41314133278705734 0.012852859497070235 0.015545797423831267
1 0.9096794128417969 0.4113956770570934 0.012404441833496094 0.015665253546734502
1 0.37144370079040523 0.40656317466772224 0.01063842773437502 0.014183710641057399
1 0.01115279272198677 0.384913276981663 0.004338468611240387 0.007042889071951249
1 0.6818896770477294 0.40919165778046374 0.011691761016845626 0.014302449309768995
1 0.13627309799194334 0.40339193745902685 0.009843969345092789 0.013412447385075415
1 0.10485326051712035 0.40360215153716894 0.009299206733703618 0.011777907373037171
1 0.010305755026638507 0.40272282174357543 0.008796676620841028 0.012402630610382577
1 0.30415506362915035 0.40587701941522003 0.009798002243042012 0.013789828289862837
1 0.07387359142303467 0.40366645336909207 0.009458684921264652 0.012072601682241476
1 0.6006928443908691 0.40839860185341165 0.0109104156494141 0.014416524526235238
1 0.4128087043762207 0.4065172575994591 0.010328674316406241 0.014377064545696577
5 0.234527587890625 0.3412002279951765 0.1837843894958496 0.12322455104470063
1 0.782405662536621 0.3916620995168276 0.006116199493408184 0.008582187040053044
1 0.7675848960876465 0.39148964146551907 0.005531692504882755 0.008235297938409008
1 0.5982791900634765 0.38942175912174776 0.005661678314209003 0.006989797461772003
1 0.6119720458984375 0.38986505613038946 0.0055910110473632426 0.0072550761491202214
1 0.7132033348083495 0.3847265595282962 0.0055389404296875 0.008430624842075182
1 0.8215604782104492 0.4112480608571693 0.011473083496093692 0.013648310450567594
1 0.1978370666503906 0.4044301833560622 0.010188674926757797 0.013875384702212508
1 0.23673253059387206 0.40639170311592715 0.009709644317626933 0.01210955057310947
1 0.7711377143859863 0.40924735016208763 0.011873531341552715 0.015194962324133332
1 0.038451820611953735 0.40269026725963114 0.008891648054122929 0.011950634469667574
1 0.27026872634887694 0.4051605517231224 0.010165214538574219 0.014096181229680824
1 0.6416584014892578 0.3894153917157972 0.0057680130004883 0.007105666313717228
1 0.16733919382095336 0.4038595382284094 0.009206032752990732 0.012437965229319465
1 0.9859827041625977 0.38642208314662135 0.005765533447265586 0.008028671131224996
1 0.7289195060729979 0.3847433300200251 0.0054035186767578125 0.0083619286032284
1 0.6276262760162353 0.389880750440831 0.005733489990234375 0.0073180327544341214
1 0.03825021386146545 0.3862959905724457 0.004378688335418703 0.006493857251820769
1 0.005084167048335075 0.3845445055271749 0.004264990240335465 0.0071056663137171825
1 0.07076541185379027 0.3855225749538888 0.004613339900970459 0.007906345191555296
1 0.017064246535301208 0.3850047523910935 0.004227912425994871 0.006588381841565534
1 0.33774125576019287 0.40676280629653805 0.009508991241455069 0.011614327817349784
1 0.12052026987075805 0.38499327312402765 0.004921412467956553 0.008271888102181206
1 0.8125349044799804 0.39105620945201197 0.006003952026367245 0.008065261294997192
1 0.7363433837890625 0.39073254792982137 0.005837154388427753 0.007907780099938528
1 0.751082706451416 0.3914218420444118 0.005908298492431622 0.008741820597686535
1 0.37947118282318115 0.38916078515954916 0.0048333168029785255 0.00711517258175604
1 0.5471250534057617 0.3843644245250805 0.0051631927490234375 0.008211621950085847
1 0.7222003936767578 0.39092724706106985 0.005896759033203144 0.007922487910866548
1 0.708782434463501 0.39109818052222123 0.0059663772583008 0.007751375086167298
1 0.6832743644714355 0.3903176800435222 0.005901336669921875 0.007924281546345576
1 0.9902207374572753 0.39136193461941227 0.007190132141113127 0.009210676911904473
1 0.12888309955596922 0.38522025769389867 0.00458979606628418 0.008286237186013429
1 0.07726908922195434 0.38585726733427544 0.004712271690368657 0.007529681740959422
1 0.7440549373626708 0.3854400677218535 0.005232238769531289 0.008222742490055857
1 0.672144603729248 0.3904032364558718 0.005394554138183555 0.007904192828980427
1 0.559873104095459 0.3842369867242955 0.00533313751220705 0.008220052036837315
1 0.8277074813842773 0.3911621236270486 0.0063756942749023824 0.00864855155277708
1 0.3678421020507812 0.38871201756269635 0.004943561553955049 0.007026387625544201
1 0.6203217506408691 0.383961215269395 0.005101966857910137 0.0069727579247212375
1 0.6073168754577636 0.3843387755377303 0.004598236083984336 0.007259560237817837
1 0.7616019248962401 0.3854422200844284 0.0052705764770507426 0.007960154255926135
1 0.972456359863281 0.3913291110901461 0.0063152313232421875 0.00841717257598247
1 0.13690813779830932 0.38524034641126376 0.00505211353302001 0.008266148468648326
5 0.8947757610074667 0.3648091677628707 0.13020284342606622 0.06691163836801961
1 0.6804784297943115 0.38339012173287246 0.006030368804931622 0.00873285242029135
1 0.06484283208847046 0.385633062899397 0.004591250419616689 0.007585105077261368
1 0.6564469337463379 0.3899580561299771 0.005989170074462948 0.007762495626137262
1 0.7779698371887206 0.38487704554498664 0.005562400817871055 0.0078091301485919435
1 0.04573937654495239 0.3861885518072519 0.004646039009094236 0.007347807103386004
1 0.05869951248168944 0.38556472538764597 0.004438495635986326 0.007858275760717338
1 0.38884994983673093 0.3879608430240794 0.004804754257202187 0.007473720314013758
1 0.5365166664123535 0.38376642645637254 0.005174064636230411 0.00799495078421926
1 0.5707710266113281 0.3852650088991004 0.0053997039794921875 0.0086184184767294
1 0.11180899143218995 0.38588363377581714 0.004369544982910161 0.006852763711174284
1 0.8219985961914061 0.38437581411037225 0.005676651000976601 0.008345427156821352
1 0.09180980920791625 0.3858028304974869 0.004204440116882329 0.007609857246871963
1 0.9639322280883789 0.3871120947154034 0.006262207031249846 0.008411612305997466
1 0.48311896324157705 0.3885991978910655 0.005928134918212948 0.007520713563564282
1 0.0894882082939148 0.3813729992731576 0.004486894607543943 0.006984954645978637
1 0.7979047775268554 0.39083783433244035 0.005775070190429745 0.008569093501056132
1 0.45726842880249013 0.38897496452392183 0.005243682861328067 0.00674837412629482
1 0.44011240005493163 0.38816280637901796 0.005862140655517617 0.008008761777407766
1 0.6338751792907714 0.3837104650294269 0.00502433776855463 0.007560532271198695
1 0.41491905391454864 0.3879190534160548 0.004400738590626812 0.004138373412330255
1 0.47035789489746094 0.38905406384854696 0.005599021911621094 0.007506723206827855
1 0.08427267670631408 0.3851315624194607 0.004532313346862791 0.007425292156080003
1 0.10672051906585693 0.38182571286806427 0.004466915130615237 0.007203240083776332
1 0.651353359222412 0.38406408026411726 0.004996776580810547 0.007457936321798303
1 0.6654932022094726 0.3838019404388573 0.005354881286621094 0.00881715328780571
1 0.05254742503166199 0.3845726656041956 0.004228603839874269 0.007771822530628198
1 0.3965559934389961 0.3884011830005147 0.0050808956598494956 0.005792361483305126
1 0.42693886433737877 0.38917808258685055 0.005336481835496342 0.00458724504775652
1 0.798309326171875 0.385160619314221 0.0056303024291992 0.008702001890052076
1 0.6958910942077636 0.389777437037239 0.005982017517089805 0.009040819632040488
1 0.04462880492210388 0.3802001410334212 0.004259550571441647 0.006850970075695256
1 0.02395304441452026 0.38469866849659734 0.0041400730609893795 0.006838055900246219
1 0.3733890121999549 0.3655544113743924 0.010447896683845374 0.0405909106709947
1 0.14546284675598142 0.38358975336168827 0.0048032283782958795 0.00762815232875804
2 0.4024012565612793 0.3693637129233258 0.01476154327392579 0.015090214012158116
1 0.10422755479812622 0.3850689645412427 0.0047449827194213845 0.007719448374640545
1 0.5250103950500488 0.38433088354162265 0.004704856872558536 0.007923564092153983
1 0.5044946193695068 0.38459176782204724 0.0043623924255370905 0.007952979714010024
1 0.05727456212043762 0.37974886234689775 0.004310059547424321 0.006961637384751273
1 0.03074063062667846 0.384647639567219 0.004205179214477541 0.007056879428687676
1 0.4054079055786133 0.3886262817867988 0.005260086059570322 0.007732003822993786
1 0.4963998794555664 0.3886410792795008 0.005758476257324238 0.008143822528978582
1 0.027351939678192137 0.3804494563650061 0.004152524471282961 0.006190194765221369
1 0.09766838550567626 0.38449051709925613 0.004531717300415037 0.00832587653009992
1 0.695698356628418 0.3856726125617095 0.0060898780822754095 0.010424968131206363
1 0.35618724822998044 0.3880125894076494 0.005206298828124971 0.008246597841926892
1 0.11432108879089356 0.3822511632036897 0.004347038269042964 0.006807205370006991
1 0.05193976759910583 0.3812719279139144 0.004259908199310305 0.006711066508331074
1 0.5084954261779785 0.38918410242077656 0.0055305480957030485 0.007791552520897506
1 0.5835433006286621 0.3896011226696505 0.005502319335937558 0.00818184760113401
1 0.07010391950607299 0.37971137536538613 0.004738640785217293 0.007598019252710406
1 0.5934622764587402 0.38398372539465675 0.004986381530761776 0.007411481162891497
1 0.9607566833496092 0.39091218052304605 0.0061571121215821464 0.008778769488554484
1 0.3606120109558105 0.3838156617502719 0.004207992553710976 0.007248260334299952
1 0.5813719836944085 0.3827579849851305 0.005527782440185623 0.008705589161010179
1 0.3949323661487853 0.3839531122292383 0.0036672821588556444 0.004483237863357795
1 0.4169360591019192 0.3836082477782108 0.004400738590626812 0.00586269566746791
1 0.4272044491467151 0.38412554445475205 0.004400738590626812 0.005517831216440416
1 0.5119186670162809 0.3848152733568071 0.004767466806512395 0.006207560118495405
1 0.5197116416038493 0.3877466211905411 0.005317559130340674 0.00586269566746791
1 0.5416236525030118 0.3892985112201649 0.005500923238283466 0.00482810231438529
