1 0.09119942188262939 0.4470602352403115 0.018233871459960936 0.02775005195023333
1 0.2701202869415283 0.4482857366813574 0.01909933090209962 0.03055350420395405
1 0.40313264131546017 0.44904247148995935 0.017345213890075675 0.02739132485442774
1 0.18080935478210447 0.44809570100235435 0.019368314743041983 0.030032811824392266
3 0.059871035814285274 0.36184963581103397 0.02971874475479126 0.031882229366817984
1 0.6021418094635009 0.4518445785170708 0.018129444122314414 0.02450034318933049
1 0.9898509979248047 0.4124992112855653 0.012773323059081916 0.016144512946730766
1 0.5016244411468506 0.44945769810335434 0.01850385665893547 0.02641451097254918
1 0.8264892578124999 0.4538828658754381 0.018379592895507755 0.025101211074804862
1 0.011244061589241027 0.3847523878791942 0.004399982094764709 0.007156964288417446
1 0.9502891540527342 0.4124620830311494 0.01282539367675785 0.016184511017913055
1 0.0418286919593811 0.40371470216347793 0.008730918169021606 0.01241195751487356
1 0.8725714683532715 0.4114298458129688 0.011994743347168007 0.015571087684085489
1 0.10757787227630615 0.4035916587696166 0.009361600875854501 0.012114214025354916
1 0.20077817440032958 0.40592876579879006 0.010285663604736308 0.01175728056502835
1 0.3762665033340454 0.40735685836719215 0.009406042098998995 0.01269535192055998
1 0.34184870719909666 0.4063143974267811 0.01044464111328125 0.014188732820398686
1 0.9312108993530271 0.45538270386300134 0.020721435546875 0.027519031700534567
1 0.017376425862312316 0.3848365093831606 0.004467815160751343 0.006639859179813673
1 0.5574848175048828 0.40876468285468115 0.01044921874999998 0.013694765609474401
1 0.7150320053100585 0.45235154958521806 0.020398521423339883 0.025734543762449654
1 0.9122212409973145 0.41129783424171235 0.012281990051269493 0.015418808031916031
1 0.6450302124023437 0.4112344292275288 0.00999908447265623 0.013745346129982934
1 0.8547561645507812 0.3901850406998481 0.005694198608398419 0.0071883529093003905
1 0.5229152679443358 0.4087268371460738 0.010132026672363204 0.013153805148999546
1 0.30778760910034175 0.4064790531637558 0.009847545623779335 0.012223984516671374
1 0.4556275844573974 0.4082714330979485 0.010222053527831993 0.012894086731636242
5 0.6574809805579036 0.3323066799174431 0.23854606931530004 0.13570460518896107
1 0.9010559082031248 0.3865775016608791 0.005261993408203086 0.007604117613339083
1 0.2738971710205078 0.4056694061085226 0.010361623764038057 0.013897805145700312
1 0.7302485942840574 0.4108878091712066 0.012314605712890605 0.01485273667473483
1 0.8243072509765624 0.41106493067476063 0.011523246765136719 0.014748705816951209
1 0.41763677597045895 0.40816937523919183 0.010269927978515654 0.012745573713972762
1 0.9124212265014648 0.39084751996402706 0.006420516967773476 0.008565685593645997
1 0.17031680345535277 0.40564931739115745 0.00962841510772705 0.012144526464950471
1 0.9644316673278807 0.38654458844983897 0.005623435974121055 0.007175618097399319
1 0.0393749713897705 0.38582417475968733 0.004364955425262456 0.006921280586473144
1 0.1395630359649658 0.40506495095209016 0.010012316703796391 0.012292142664874483
1 0.48689780235290525 0.40789746010057115 0.010068798065185585 0.012115290206642306
1 0.12916958332061768 0.3844025392790098 0.004804992675781264 0.007319647026365229
1 0.01266055665910244 0.4023935102696259 0.009222776442766189 0.013073450279539038
1 0.990297508239746 0.3922808140753183 0.006873130798339844 0.008119429086463828
1 0.23958077430725097 0.40542941768142865 0.009970664978027344 0.013330657607231722
1 0.7737787246704101 0.41139773973789423 0.011753082275390625 0.012912740540618205
1 0.8962438583374023 0.3908129027992818 0.0059478759765625765 0.008049477302781737
1 0.07653087377548218 0.4027634475871754 0.009646439552307132 0.01285624102302878
1 0.6040716171264647 0.40956294032462254 0.011126518249511719 0.014232856253182746
1 0.6850924491882323 0.4111077088809354 0.010364532470703125 0.013073091552443288
1 0.21312735600999153 0.38672255889122 0.00350032893282493 0.0041988170526814925
1 0.0045912649482488625 0.3839176299272546 0.004046747833490371 0.0065582487655179
1 0.20485072135925292 0.38499847466691683 0.005151081085205059 0.007333458019553781
1 0.9300041198730469 0.39100204166054536 0.00653152465820301 0.009331388579643019
1 0.8640663146972656 0.38601241680321136 0.005765151977538986 0.00846954673197008
1 0.9863344192504883 0.38584220079625164 0.0048667907714842985 0.006492242979889617
1 0.18535553341333455 0.3847700719273117 0.003471929390642904 0.005474999356891208
1 0.22974283695220948 0.38718455758875614 0.0046616554260254005 0.006442021186476878
1 0.9219745635986326 0.3858890146822542 0.0061174392700194926 0.008660389546938638
1 0.9728952407836914 0.3926365816725835 0.006543159484863281 0.008598509122912218
5 0.43806180201646344 0.3661529575996502 0.09790403895148038 0.057130814183334204
1 0.945467185974121 0.39034978611859683 0.006305313110351716 0.010124534188469179
1 0.22119598388671874 0.3868183869057126 0.003973388671875039 0.006952489843808212
1 0.19543752670288084 0.385193711888809 0.005234861373901357 0.006749091580486458
1 0.5254613876342773 0.3834341554838826 0.0050866127014160345 0.00761021597396776
1 0.17713687419891355 0.3849439481483544 0.004532790184021006 0.007668867854132011
1 0.15760632753372192 0.3840200465131071 0.005133795738220219 0.007191043362518933
1 0.0033472288399934765 0.44797902501444364 0.006694457679986953 0.019810524502316018
1 0.031425964832305905 0.384979820857935 0.0038443684577941883 0.006305346162974911
1 0.1669968359033068 0.384761609156908 0.003923152359287027 0.0054919248976987
1 0.9436797142028807 0.3860864939484952 0.006225204467773399 0.008674021176579267
1 0.8406457901000977 0.3911573704930292 0.005803298950195331 0.00763604432486579
1 0.8436995506286621 0.3862837938511883 0.005573463439941425 0.007597481162066689
1 0.3468164753136173 0.38886180271835113 0.0035069800978629155 0.0037321635184495348
1 0.13743019104003906 0.3846980407241797 0.00449910163879396 0.007735232366856045
1 0.2582293272018432 0.3866703222969188 0.005288314819335956 0.008150638343798897
1 0.2990270137786865 0.3870647427387571 0.00497589111328126 0.007945805172093912
1 0.8236036568300661 0.38673218225257766 0.004941886779320738 0.0058967969375876925
1 0.5046859741210937 0.38410883146931896 0.005010414123535233 0.007412377980631011
1 0.06003313660621642 0.38478162413750233 0.003984832763671877 0.007791911247993302
1 0.827126059366905 0.3925470650101314 0.005426664021895981 0.005443891546495001
1 0.1205526026714406 0.3844392876341489 0.003984290883652734 0.005921909241920679
1 0.8813078880310059 0.38762525382595336 0.0068040847778319926 0.009198121463551232
1 0.27747354891136444 0.3889918783517145 0.004579790159765128 0.004809705591981852
1 0.0789031445980072 0.3849443068754502 0.003931403160095215 0.006634657636924465
2 0.3204379320144653 0.36999596942968316 0.01702551841735843 0.013116497531035755
1 0.23967365810974622 0.3882811347336434 0.004568584964589551 0.005022999969450875
1 0.9596727371215821 0.3922466453194428 0.00585613250732418 0.007555510091857407
1 0.32568540573120114 0.38814235893455706 0.004710388183593721 0.006931683672251515
1 0.14869524240493773 0.3844837012844358 0.005597257614135757 0.007478383766259204
1 0.3573797067231971 0.3886305025727375 0.004267851556745786 0.005721735647639167
1 0.4981494903564453 0.3906776626841631 0.005337238311767578 0.007160372195827581
1 0.333787727355957 0.384068115943945 0.004809379577636719 0.007496678848145325
1 0.09033719301223754 0.3799954872252641 0.004018616676330574 0.007586719349192521
1 0.38105175495147703 0.38866394813185845 0.004991340637207012 0.007466007681453929
1 0.025400160998106 0.3848529211477937 0.00396379381418228 0.006874646064018416
1 0.28892434857538296 0.3885684195456829 0.0038430933604827753 0.004371483383321505
1 0.25179917812347413 0.3796417823087998 0.004667377471923838 0.006185531312975879
1 0.7999496936798095 0.38583341198240434 0.0051100730895995905 0.007851639309444942
1 0.5318002223968505 0.38955717860041433 0.004726409912109375 0.007437488877337402
1 0.08478809595108032 0.38668996260541416 0.004129505157470701 0.00620149466873921
1 0.21059978008270264 0.37916001181913295 0.004228162765502934 0.006549280588122761
1 0.2680881261825561 0.3874363840100116 0.0051572799682617475 0.007585643167905086
1 0.3370359897613525 0.3885248517004598 0.005369853973388691 0.007471029860795172
1 0.3161389589309692 0.387612967422922 0.0046689987182617 0.007134902572025393
1 0.513683557510376 0.38399565307059236 0.0048768043518066595 0.00711858048916622
1 0.5208050727844238 0.3898497205470438 0.005498695373535137 0.00716019283227966
1 0.3695987713361631 0.38828987870660364 0.004167654519250139 0.005040487915371397
1 0.09718150667639273 0.3782682851977789 0.004006345190589268 0.0042059848576534165
1 0.07182676792144775 0.38559378228240626 0.003908789157867429 0.006553944040368206
1 0.053579831123352045 0.38554876203188265 0.0036196231842041088 0.00711750430787883
1 0.10639126300811767 0.38029233389704326 0.004790401458740244 0.007780611344475463
1 0.8123058319091796 0.39211445438463843 0.005635833740234336 0.007208082899569698
1 0.24900245666503906 0.3874857986674589 0.004769659042358408 0.006616362555038388
1 0.0661669909954071 0.3859105383080026 0.0034341096878051807 0.00736610218527208
1 0.11146780877913821 0.38625401869825426 0.003683126560961997 0.005055721932700534
1 0.10477135181427001 0.3842234447764289 0.004918837547302248 0.007594252618204429
1 0.782381248474121 0.39164012748220955 0.0051637649536132426 0.0076355062342220725
1 0.04718942940235137 0.38641679192195827 0.0037759602069854714 0.006617976826969496
1 0.7981878280639648 0.3900809201602905 0.005465507507324219 0.007230144615961751
1 0.37341745727047254 0.3673456913790139 0.008631515502929668 0.036435552393878363
1 0.5095911026000977 0.3901173309605148 0.004790496826171894 0.007274985502937451
1 0.1600158929824829 0.37964465212556625 0.004324245452880864 0.006367764677645093
1 0.23113398551940917 0.37896728568691135 0.004572296142578164 0.00566268657083918
1 0.30749630928039545 0.38744983627610435 0.0048558712005615234 0.0074586537759899416
1 0.11726530936889053 0.37603243039958184 0.004332470893859868 0.0069008331420122426
1 0.3111122608184814 0.3833407070754252 0.004272413253784199 0.0071196566704536095
1 0.06081182360649109 0.381267085098121 0.0032863616943359375 0.0059078765408223394
1 0.16410106959391468 0.38288295002629985 0.0030388224611448307 0.005516462729543458
1 0.09229974746704099 0.3859760060029871 0.004151725769042971 0.0070147289949304735
1 0.36125205622931544 0.3844413746878589 0.0034768474554909244 0.004699997139132179
1 0.3447370308157336 0.38485007009126165 0.003042241523554553 0.004699997139132179
1 0.32251780254548695 0.3836239838810533 0.004020104870411377 0.004699997139132179
1 0.28063265585511976 0.3836239838810533 0.003694150421459086 0.005108692542534984
1 0.29171510711949705 0.3836239838810533 0.003911453387427248 0.005926083349340592
1 0.24005132696056167 0.37984355139957743 0.003802801904443215 0.005313040244236363
1 0.246353112973639 0.382704419223397 0.003802801904443167 0.004904344840833604
1 0.2367917824710389 0.3834196361793519 0.0033681959725068433 0.005517387945937788
1 0.2248944450842809 0.38301094077594905 0.0034768474554909244 0.005517387945937788
1 0.11439588688946012 0.3826022453725463 0.0026076355916182055 0.0055173879459377425
1 0.13330124492869203 0.3789239867419211 0.004128756353395458 0.005926083349340592
1 0.14242796949935568 0.37871963904021966 0.004346059319363668 0.005517387945937788
1 0.09722895257797372 0.3826022453725463 0.0032595444895227384 0.004291301735729375
1 0.16981544848715036 0.3791088156396713 0.003157502541789556 0.004920483293262482
1 0.17229634334141358 0.3836899552575364 0.0032477169001263917 0.00559917064405729
1 0.18172374378761377 0.38428380668948187 0.003157502541789556 0.005429498806358598
1 0.1891664283504034 0.3790239797208219 0.0030672881834526967 0.005429498806358598
1 0.1999921513508247 0.37978750299046615 0.003969431766821124 0.005599170644057335
1 0.18009988533755059 0.3787694719642739 0.003157502541789556 0.004241795942467674
1 0.21514816355141453 0.38343544750098835 0.0032477169001263674 0.005429498806358644
1 0.21979420300576197 0.38004201074701416 0.003698788691810617 0.004072124104768983
