5 0.6995325341693788 0.3611865525245194 0.11481846118428869 0.06780774460132542
1 0.090541273355484 0.4532393094655629 0.018905222415924072 0.027091429002334227
1 0.9306240081787109 0.4559408832240749 0.021759414672851602 0.03378707024554573
1 0.6010350227355956 0.456726674927437 0.01915130615234371 0.029648256377688687
1 0.8253118515014648 0.455125137808213 0.020520782470703085 0.032502827242561615
1 0.18023362159729003 0.45409334899890214 0.01885688304901123 0.028198819547086168
1 0.26989181041717525 0.45318935671747207 0.019117546081542987 0.028625704791094823
1 0.4016958713531494 0.4534123952892891 0.018423271179199188 0.03308683495453323
1 0.5004281520843505 0.45250786491721534 0.01941556930541994 0.02944109147986096
1 0.6437050819396972 0.4106431572918671 0.010843086242675761 0.014844127224435443
1 0.9884866714477537 0.4127208149489993 0.013461685180664025 0.016882773309898697
1 0.9486440658569334 0.41043635112113525 0.012814712524414178 0.016060212079216454
1 0.5553518295288086 0.4095886789937466 0.010698890686035118 0.013254966190016705
1 0.010372972488403317 0.4005390705478589 0.008748397231101988 0.01156607902296395
1 0.8701546669006347 0.4100043540160113 0.012472343444824141 0.01633607321589092
1 0.7137191772460937 0.45477053607400914 0.022124481201171893 0.029852372095202036
1 0.6018788814544678 0.41005018140250055 0.010956859588623104 0.014116628674141724
1 0.1988380193710327 0.4031312325421501 0.010077428817749019 0.013078472458880372
1 0.8130360603332519 0.3909276954699396 0.005383682250976581 0.007794960428307686
1 0.9100756645202637 0.4098915343443805 0.012491607666015663 0.016757936280558335
1 0.2718459606170654 0.40470362308484004 0.010552024841308603 0.014179226552359828
1 0.5212306499481201 0.4082137677172977 0.010095405578613261 0.013207793576918305
1 0.2379334926605224 0.4036243029353349 0.01000351905822751 0.01289677718485483
5 0.39546869986827826 0.3389474032856386 0.2067027805959316 0.13000132485426605
1 0.16762284040451048 0.3866242258651078 0.0046617984771728516 0.006334403057735155
1 0.29363524239213834 0.4014794440832537 0.010394763946533223 0.014194113726835725
1 0.5257054328918457 0.3843820918345489 0.004736137390136738 0.007328077113116696
1 0.038743284344673154 0.4012766134568352 0.009172493219375613 0.012080852405444978
1 0.16845171451568602 0.40275035404817855 0.009641599655151363 0.012749340348478693
1 0.4529582023620605 0.4078176433217544 0.01053619384765625 0.013874129157377197
1 0.20424635410308836 0.38578336955253945 0.004979848861694336 0.007279110864539223
1 0.4847715377807616 0.4083227310726487 0.010067176818847676 0.013327787790465215
1 0.6835203170776367 0.4112864446564206 0.010872650146484355 0.012506302741070448
1 0.07466270923614501 0.4010579692919417 0.009815955162048343 0.012057355780669783
1 0.9862993240356445 0.38620612943494637 0.005804824829101639 0.007951186078530995
1 0.3392266750335693 0.4051053077503683 0.010598468780517558 0.015076223655421689
1 0.13714470863342285 0.4017379365020412 0.010189199447631827 0.014073940149740895
1 0.12040108442306519 0.38526429144490876 0.005189418792724609 0.007810744420523096
1 0.77223801612854 0.41110968187996233 0.011083412170410136 0.012811579499600954
1 0.8556217193603515 0.39182110530204345 0.00601959228515625 0.008241396299037685
1 0.17706198692321776 0.38680861159235186 0.004507708549499516 0.006059438738800204
1 0.1055377721786499 0.4015433270525666 0.009945893287658695 0.012023097343020286
1 0.782607364654541 0.3913138651885743 0.005782699584960995 0.007798727062813618
1 0.9208151817321777 0.38571045827031697 0.0053756713867188265 0.00797575888459367
1 0.8634284019470214 0.38584937533816777 0.005326843261718808 0.007882310476136294
1 0.9004434585571287 0.38640351901941344 0.005022811889648322 0.008163552519247889
1 0.37371912002563473 0.40527444757604064 0.010939836502075195 0.01520464795572011
1 0.8216606140136719 0.41054181688730207 0.011343574523925839 0.01360042038327751
1 0.9637264251708982 0.38645921140103723 0.005459594726562385 0.0071616277406628915
1 0.5946162223815917 0.38454755470748925 0.004849624633789081 0.007638376050988535
1 0.6080144882202148 0.3846097938586115 0.005123138427734375 0.007983292153605577
1 0.2197896480560302 0.38727890281495303 0.004353427886962881 0.006947826391562721
1 0.7280955314636229 0.4108200097500993 0.011522674560546913 0.014063357700414603
1 0.8274968147277831 0.39109907733996074 0.005885887145996075 0.008257000927705264
1 0.15827748775482176 0.3871370262485619 0.004290246963500967 0.005709859183937625
1 0.1852831482887268 0.38713299056873407 0.004389166831970215 0.006103562171584264
1 0.627416467666626 0.3901462981735011 0.006219005584716758 0.008067593021119892
1 0.8963306427001952 0.3925625942090736 0.0061206817626953125 0.007856123398142513
1 0.22887015342712402 0.3871293136160021 0.004553127288818388 0.00697670392277509
1 0.2770106792449951 0.38747485749103683 0.00493779182434081 0.006980470557281067
1 0.19483307600021357 0.3869241217172013 0.004711580276489253 0.006492960434081255
1 0.5135750770568848 0.3844072027312552 0.004624557495117206 0.006895093508479317
1 0.267664098739624 0.38697900696285953 0.005076742172241221 0.0072018051753931
1 0.5431598663330077 0.38963295969940326 0.0052274703979492574 0.007018136902340654
1 0.5487248420715332 0.3842227273222373 0.005038833618164024 0.0076520076806291205
1 0.7677718162536621 0.3906310281617084 0.005864143371582031 0.007775230438038333
1 0.5202373504638671 0.38941745439659803 0.005558681488037033 0.00685061134859946
1 0.2575063228607178 0.38626155277124835 0.0053862571716308495 0.008388474408318023
1 0.943079948425293 0.3857485730242463 0.0061441421508788676 0.007091855320528722
1 0.41589860916137694 0.40712063657460423 0.010536384582519502 0.014341191836116063
1 0.6207336425781249 0.3847025248128772 0.005414009094238281 0.00842040111984473
1 0.2387129783630371 0.387365714772138 0.0052183151245117 0.0068511494392431765
1 0.0917881906032562 0.3849018873963712 0.004440701007843015 0.007657926677709922
1 0.2132112979888916 0.3856009568243224 0.004693794250488286 0.007256331693955532
1 0.798647403013575 0.3861576278336342 0.005954741024708732 0.0057092714447039075
1 0.07698284983634948 0.3851807080315861 0.004774737358093266 0.0070694348770408266
1 0.5083950996398926 0.38917307156258046 0.005192565917968731 0.006645598813346508
1 0.5602608680725097 0.3837696550002348 0.005339050292968789 0.007571652811168704
1 0.5552915573120116 0.38952283048099096 0.005800056457519608 0.0067596740298127055
1 0.12906982898712158 0.3855966520991727 0.004808664321899414 0.00836946187224031
1 0.06428998708724976 0.3848312181584975 0.004440903663635242 0.007208082899569698
1 0.8222694396972656 0.3859032740843125 0.005604934692382831 0.008535911244694114
1 0.25168821811676023 0.3788125846268452 0.00507526397705081 0.007274985502937451
1 0.8813772201538086 0.3866122085073983 0.00589828491210926 0.008702001890052076
1 0.10373177528381347 0.3853021371535163 0.004552555084228511 0.007249874606231058
1 0.5692591667175293 0.39021275236799907 0.005049133300781192 0.0074751552223969895
1 0.14926962852478026 0.38690833772498584 0.004694461822509766 0.006326152334531654
1 0.7979157417954706 0.3913257537647296 0.005958117800094689 0.006470134685751854
1 0.11170581579208375 0.385505535416838 0.004825186729431148 0.006699766604813189
1 0.07034430503845214 0.3847635084191642 0.004545283317565926 0.007804107969250702
1 0.13732943534851072 0.38576830301451565 0.004813075065612793 0.007234449341111445
1 0.5826218128204346 0.38493094429113145 0.0050402641296387295 0.007509772387142194
1 0.5315188407897948 0.38993940232099517 0.0053163528442382426 0.007488248761393903
1 0.6414070606231689 0.3895028314453998 0.00582542419433588 0.007570217902785472
1 0.635032558441162 0.3847925653139244 0.0047632217407226176 0.008126962355475737
1 0.08958241939544677 0.3799904650459229 0.004628491401672371 0.007777562164161079
1 0.15066070556640623 0.37828956052116064 0.004023694992065444 0.006195934398754205
1 0.09763723611831665 0.38117112559999305 0.004368162155151365 0.007718551556901076
1 0.8420879364013671 0.3855604206624963 0.005561447143554649 0.007493450304283021
1 0.841877555847168 0.3922505016357227 0.005854415893554669 0.007882669203232136
1 0.09796192646026611 0.3841890069752315 0.004592728614807124 0.007990287331973813
1 0.537033987045288 0.3841786038894532 0.004708099365234356 0.007788862067678964
1 0.19000394344329832 0.3791441381451435 0.004283905029296875 0.006308036616193453
1 0.8806297302246093 0.39187374850335294 0.0062835693359375765 0.00869124007717791
1 0.2119965076446533 0.3869727292386829 0.00459222793579102 0.0070134734500951635
1 0.00468343086540699 0.38435832616445176 0.004333195835351944 0.005988948864474395
1 0.7787028312683105 0.3855329780396672 0.005278587341308594 0.007335969109224402
1 0.017081955075263975 0.3845211882659475 0.004490676522254942 0.006584794570607478
1 0.24854474067687987 0.38732840715417416 0.0052664756774902155 0.006684879430337248
1 0.9120521545410156 0.3922609047215011 0.005797958374023399 0.00788930565450453
1 0.05815256834030151 0.38445267139064865 0.004506731033325185 0.0077416894545805194
1 0.14281957149505614 0.3782420291809664 0.003197574615478506 0.005615872684836577
1 0.012166766822338101 0.37933650555026927 0.00419786274433136 0.007583849532426103
1 0.1804837346076965 0.3790929298522173 0.0044144392013549805 0.006534752140742616
1 0.612021541595459 0.39068403009011365 0.005399322509765586 0.008209469587511023
1 0.20003852844238276 0.3788619096025184 0.004335355758666988 0.00630839534328925
1 0.0840495467185974 0.3844193097707387 0.0040729999542236306 0.006910518773598976
1 0.11632218360900878 0.37878191346015383 0.004627609252929678 0.006983340374047484
1 0.23125853538513183 0.3783765518418935 0.004526567459106464 0.00630283507330429
1 0.10663399696350097 0.3799732461453242 0.004591464996337891 0.0066787810697085705
1 0.1709200143814087 0.37895966273612547 0.004897737503051772 0.006975807105035575
1 0.023945033550262448 0.38490457784958976 0.00414525270462036 0.006694565061924026
1 0.044274887442588805 0.3805651458534034 0.004589492082595821 0.00844048983720979
1 0.003421826660633087 0.45449216384766394 0.006432206928730011 0.013797361558874746
1 0.03555677831172943 0.3808119500953177 0.004450684785842899 0.006764516845606117
1 0.24041194915771483 0.3787082847237397 0.004761505126953106 0.0061751282271974624
1 0.0049985855817794795 0.3807649568457671 0.005204895138740539 0.006762723210127089
1 0.5708536624908447 0.38564310725807954 0.005099964141845722 0.007994950784219305
1 0.5988673686981201 0.3897908893033317 0.0051825523376464655 0.007551922820899396
1 0.5844359397888184 0.39036664629209966 0.005040740966796933 0.0074496855985948015
1 0.5051940917968749 0.3842510667628059 0.0045680999755859375 0.006929172582580894
1 0.16320269107818602 0.38138322299538807 0.0039292335510254005 0.005863932471586154
1 0.15530688762664793 0.38176598480661267 0.004034185409545913 0.0062820289017475476
1 0.027921345829963678 0.38021377266306183 0.004272210597991942 0.00627593054111887
1 0.12607741355895996 0.3784145769140489 0.004794788360595699 0.007017419448149016
1 0.08093916177749633 0.3809292538556461 0.00452730655670167 0.006141049153095931
1 0.21066725254058838 0.3782294737326132 0.004837083816528325 0.006854557346653312
1 0.22042260169982905 0.378903342582084 0.004460811614990234 0.007087729958926948
1 0.1607162833213806 0.3781639163558547 0.004623913764953603 0.006409556384306454
1 0.18374950885772703 0.3846117668576384 0.004421305656433101 0.007038584346801555
1 0.04483463168144226 0.3841869442944306 0.004980099201202394 0.007703664382425136
1 0.19322798252105708 0.3853172036915401 0.004611444473266597 0.007116069399495599
1 0.019311477243900296 0.37920162416224634 0.003682631254196166 0.006165083868514933
1 0.9453310012817381 0.39152999826379725 0.005947875976562385 0.007801955606675877
1 0.061294484138488765 0.38100620081769637 0.004601836204528809 0.006822092544482888
1 0.2882693770338345 0.38920550481690447 0.004438374183187854 0.006829797648273003
2 0.6405751194424061 0.37125037125037125 0.021674577887595633 0.01339413104118984
1 0.761768256985475 0.38659796645166955 0.0052558043789610815 0.006589948680774672
