1 0.16458404064178467 0.4813949920793784 0.019823026657104486 0.031247103043694203
1 0.06736217737197875 0.47796107695477935 0.022922921180725104 0.03436731132301119
1 0.6562427520751952 0.4912519158543767 0.022503948211669882 0.03209854180558873
1 0.3587791919708252 0.4844234559039432 0.02118215560913087 0.03160565077595188
1 0.2521094560623169 0.4827899920731925 0.020784854888916016 0.030990971897288954
1 0.5493603706359863 0.48874504122711326 0.021007537841796875 0.031269702850729886
1 0.8587980270385741 0.4962313169894802 0.024173355102539023 0.03411351190272882
1 0.7575410366058349 0.49464368054521857 0.022646999359130917 0.03105016186809688
1 0.4506558418273926 0.4866997586903776 0.021892356872558576 0.03078703554332344
1 0.40974903106689453 0.432768009652773 0.009630775451660165 0.013411012476692139
1 0.5221780776977538 0.43665185823728625 0.009945011138915978 0.013150038514493569
1 0.21033878326416014 0.42778430379251986 0.008690261840820328 0.01229949657033856
1 0.7510250568389892 0.44476205010103304 0.009854698181152286 0.012157978731043271
1 0.16266970634460448 0.4259125554883802 0.00847868919372559 0.011893955588530318
1 0.7180156707763671 0.4432907309175864 0.010132408142089806 0.012375008624005566
1 0.46564908027648916 0.43568966248456165 0.009033489227294902 0.012004443534038367
1 0.13860633373260497 0.4247019412218103 0.008738231658935542 0.012640825401997546
1 0.5814611434936523 0.4388443085650761 0.010143280029296875 0.013506792611272215
1 0.06443152427673339 0.4219073674637107 0.008401870727539062 0.011920860120715736
1 0.2703643798828125 0.4301899276969922 0.008961677551269531 0.011186187028505861
1 0.9039669036865234 0.44759823620224604 0.011333084106445275 0.015287513914851239
1 0.18569161891937255 0.42643468277632524 0.008363056182861333 0.012644771400051354
1 0.11420316696166989 0.4239113963844287 0.008590888977050777 0.012531772364872682
1 0.8278270721435547 0.4472056990776607 0.011294174194335918 0.012460026945711473
1 0.5507941246032714 0.4380504455020582 0.009472846984863281 0.012375367351101407
1 0.3030220508575439 0.43018373965458956 0.009394359588623018 0.011238202457397673
1 0.43578624725341797 0.43433008679145846 0.009415245056152353 0.013060894831185842
1 0.8655994415283204 0.44796745606560384 0.011607551574707069 0.014066406880728941
1 0.23809573650360102 0.42848427003821055 0.00881514549255372 0.012237974873407846
1 0.611690330505371 0.44013142138482647 0.01039428710937502 0.012538946906788794
1 0.9417058944702148 0.43129238574417667 0.0056312561035157015 0.007064053970603743
1 0.4956465721130371 0.4359504570832123 0.009693145751953125 0.012770684610679154
1 0.09211323261260985 0.42365347160254446 0.008078598976135257 0.011406086738234709
1 0.7850242614746094 0.4472305409290453 0.009987068176269551 0.010978304676486538
1 0.9423108100891113 0.4499820674356481 0.012067222595214882 0.014875695208866398
1 0.9808587074279783 0.4506878629966456 0.012289237976074334 0.01457221208581483
1 0.04130457043647766 0.4216107898372534 0.008771753311157223 0.011795843727827451
1 0.6827738761901855 0.442527359657712 0.010619735717773495 0.012190264169665684
1 0.36097109317779535 0.4320566538217905 0.009409904479980469 0.01193520920454796
1 0.38543410301208486 0.4326710636551316 0.00902256965637208 0.012301648932913339
1 0.42045679092407223 0.41523576093591824 0.004553413391113291 0.007131135937519462
1 0.3327855348587036 0.4315020617316751 0.009172821044921866 0.011792435820417316
1 0.9541788101196289 0.43172985343751163 0.0053653717041015625 0.006918410769706635
1 0.0228469580411911 0.4202678052723312 0.008582884073257446 0.012325863011880217
1 0.746601390838623 0.42489179753726536 0.005560302734374942 0.007542237189312618
1 0.0027660243213176727 0.4199897917730819 0.005388979613780975 0.011398374105674835
1 0.6521546363830566 0.42120596630963686 0.004891586303710956 0.008232428121642545
1 0.7329140663146972 0.4250687396772715 0.00519542694091795 0.006769897752043156
1 0.6502635955810546 0.4415241793342917 0.009810256958007793 0.01151854768276971
1 0.5764281749725342 0.4151362141668322 0.004882049560546894 0.00772482928107772
1 0.9771333694458005 0.43157398651438406 0.005375289916992226 0.007298123400616893
2 0.47199516296386707 0.40337992010131735 0.025929260253906232 0.019933209169081558
1 0.807654285430908 0.42716433368919376 0.005410957336425762 0.00747067113369942
1 0.714274263381958 0.4242944272409751 0.005529594421386738 0.006940293122550904
1 0.6318036079406738 0.41994333661417516 0.0044340133666992574 0.006890430056233871
1 0.72415452003479 0.42511402897311695 0.005012226104736347 0.006736894859229059
1 0.6232526302337646 0.4194831794320304 0.00533275604248045 0.007976476338785309
1 0.8677816390991211 0.4285594233647818 0.004982376098632851 0.006807205370006991
1 0.3771132469177246 0.4127614407925992 0.0046196937561035255 0.007686086754730607
1 0.982085609436035 0.42711545712239024 0.005084991455078125 0.006671965254888301
1 0.8891124725341797 0.4294245834380909 0.006103134155273399 0.008347220792300426
1 0.7044421195983886 0.42426653620927623 0.005313682556152325 0.006980829284376863
1 0.6386941909790038 0.4210794253265914 0.0044955253601074606 0.006967915108927916
1 0.8355264663696288 0.42809361623087827 0.004951095581054649 0.007304401124793491
1 0.5988435745239258 0.4164972247683187 0.004906272888183651 0.00851259398346675
1 0.8257133483886718 0.4261536200967615 0.005235862731933517 0.008720296971938244
1 0.9212734222412109 0.4305627348313081 0.005135726928710861 0.0072218938927582944
1 0.3845509529113769 0.4135068756976832 0.004889297485351591 0.007282160044853562
1 0.8173372268676757 0.4262521803663341 0.005429267883300781 0.008192609414008088
1 0.9962985992431641 0.428147514977023 0.004354095458984336 0.007022441627490258
1 0.990805435180664 0.43206257281887134 0.0052688598632813265 0.006835544810575598
1 0.7974386692047118 0.42664884285252125 0.0051215171813964655 0.007238395339165298
1 0.81384220123291 0.4212824648628174 0.004971313476562481 0.007770208258697001
1 0.5916275024414062 0.416568432096836 0.0048286437988280485 0.007667253582200813
1 0.41294078826904296 0.4144324812866356 0.004258537292480459 0.00748645512591483
1 0.7385682106018066 0.4202638592742774 0.005196189880371055 0.007940065538560985
1 0.6950417518615722 0.42351679657904256 0.004888153076171836 0.007140283478462432
1 0.9018315356277992 0.4312956809298671 0.005295745272721432 0.004675515683073911
1 0.6889380455017089 0.4240686982159395 0.004872226715087929 0.007505288298444624
1 0.7868399143218994 0.42573659984788753 0.005440044403076248 0.007443228510870328
1 0.42774229049682616 0.4159056837873352 0.0038730621337890337 0.007519996109372689
1 0.3432535171508789 0.41150867609227215 0.0043714523315429975 0.007989749241330097
1 0.8461407661437986 0.42834042047279247 0.004819107055664081 0.007433542879283595
1 0.6821932792663574 0.4236721254115263 0.005052757263183613 0.007743483090059502
1 0.6589200496673583 0.42235577633346777 0.004766941070556641 0.00745721886760671
1 0.4338665962219238 0.4154674089580348 0.004960155487060508 0.009069876526800687
1 0.49746007919311513 0.4194660502132057 0.004967117309570255 0.0059003432718104315
1 0.6057899951934814 0.4168298544679044 0.005535888671874981 0.008911677877550473
1 0.8781554433508589 0.4293222808946094 0.005016889476717364 0.005478844505936699
1 0.7674483776092529 0.4213500849203768 0.005321025848388672 0.008383272865428816
1 0.4028879165649414 0.41459471561571376 0.00469226837158205 0.008093062644922126
1 0.8570068359374999 0.42831593734850376 0.004610443115234317 0.007566451268279496
1 0.3492237329483032 0.4113873366521159 0.00468583106994626 0.00881141365427283
1 0.9654542922973632 0.43168886886681584 0.005069351196289216 0.007008630634301797
1 0.646020221710205 0.4217374205020729 0.004185009002685528 0.007430852426064963
1 0.3701171398162841 0.41328464426183165 0.004520034790039072 0.00786885821004354
1 0.7775599479675293 0.4246043674517511 0.005661964416503906 0.008383452228976736
2 0.6608635425567626 0.4046992286779164 0.011641407012939491 0.012284788759410494
1 0.9313817977905273 0.4308256817925336 0.0047969818115234375 0.006783529381683786
1 0.48801355361938475 0.4185825053762366 0.00437488555908207 0.006497623886326746
1 0.32128431797027585 0.40989270020744184 0.004582023620605479 0.009107004781216647
1 0.3322582244873047 0.4124091707845181 0.00462188720703124 0.007504212117157189
1 0.47928791046142577 0.41743305407950154 0.00480327606201168 0.005776761787305422
1 0.6663992404937744 0.4228796075751179 0.004950904846191349 0.007605193794626518
1 0.5504880905151367 0.41935215436028744 0.004177474975585976 0.006826217906084706
1 0.7560074329376221 0.4252605689917535 0.005302715301513653 0.007332381838266345
1 0.584189224243164 0.4159566230349397 0.004722213745117245 0.008073332654652819
1 0.9625295639038084 0.42673206753874804 0.004898452758789101 0.006884511059153115
1 0.9499308586120605 0.4256495188453807 0.00480899810791031 0.006991591097251031
1 0.5334658145904541 0.4199316779835614 0.005043125152587852 0.007946163899189753
1 0.3955341815948486 0.4142890801300873 0.0050355911254882525 0.008569631591699803
1 0.9118660926818846 0.4265044551964595 0.0058988571166992574 0.009532993207485746
1 0.8040920372281095 0.42339490259280643 0.00496349334716793 0.006638603634978272
1 0.4443941116333008 0.4168001698007265 0.004702854156494122 0.007982036608770313
1 0.7906881332397461 0.41960371173622113 0.00490589141845705 0.00648973189021895
1 0.3643062829971313 0.41149387859957015 0.005719375610351581 0.008571783954274673
1 0.5070749282836914 0.41990674645040293 0.004657363891601524 0.006733845678914675
1 0.2952427864074707 0.4098066057044486 0.004628276824951182 0.007509234296498521
1 0.3048318862915039 0.41113497214021666 0.004613780975341787 0.007250233333326901
1 0.6073410034179687 0.41944336072439614 0.00584735870361332 0.009033465726576454
1 0.9237266540527344 0.426154516914501 0.005451202392578125 0.00847421018421557
1 0.7572917938232421 0.4221808968742626 0.005477523803710899 0.008826659555844565
1 0.6738910675048828 0.4231630916625782 0.0048964500427245905 0.007995668238410853
1 0.5452826023101807 0.4189364793380227 0.004109764099121036 0.006742813856309905
1 0.539711332321167 0.41893459602076977 0.004127883911132851 0.007105845677265149
1 0.3369906425476074 0.41130357387524524 0.004767131805419941 0.008306684630474376
1 0.9372270584106445 0.4248442661970711 0.0045997619628905485 0.006944597847700552
1 0.3558468341827392 0.4127185729046505 0.004487323760986309 0.007532551557725885
1 0.8245004653930663 0.42180539928672794 0.005323791503906289 0.009536939205539642
1 0.7665084838867186 0.42541643591488104 0.005482387542724628 0.00785791703362154
1 0.5678399085998534 0.41562408301712783 0.00487174987792963 0.008105797456823152
1 0.29217612743377686 0.4041559364913188 0.004359626770019521 0.006812227549348234
1 0.5605859756469727 0.41972343690444625 0.004458236694335919 0.00794562580854599
1 0.6153007984161376 0.41851398850093774 0.004703521728515625 0.008966025032564984
1 0.32578282356262206 0.4107270097505117 0.004662990570068359 0.00874199996123441
1 0.31534295082092284 0.41019546587630185 0.00412769317626955 0.0075088755694026794
1 0.3007373809814453 0.40395343504573655 0.004520988464355479 0.007545465733174877
1 0.7788294792175292 0.42129555840181426 0.006119728088378906 0.010085074207930518
1 0.4894297599792479 0.4161469277592645 0.004828262329101544 0.007971454159444065
1 0.5139180183410644 0.41297201359783714 0.005118942260742149 0.007943652809519133
1 0.7479681491851806 0.42192333081947403 0.0058923721313476176 0.009812262251570437
2 0.007208959903770528 0.38998824012221994 0.010818482368624203 0.023450782669871596
1 0.3095763739014198 0.4110249716348988 0.003850646266798436 0.00620756011849545
1 0.29930798385662394 0.41085253940938504 0.0031171898350273166 0.0051729667654128305
1 0.4237205310958022 0.41016281050733006 0.004400738590626812 0.005172966765412921
1 0.4431571265377372 0.4105076749583575 0.004034010374741228 0.0051729667654128305
1 0.4529671063126762 0.4175773962044218 0.00421737448268402 0.005517831216440461
1 0.4616769014399583 0.41740496397890803 0.004767466806512395 0.00448323786335784
1 0.4697449221894408 0.418094692880963 0.004034010374741228 0.0051729667654128305
1 0.498349723028515 0.4129217261155503 0.005500923238283563 0.0051729667654128305
1 0.5071512002097686 0.4120595649879814 0.0036672821588556444 0.006897289020550441
1 0.5212702365213628 0.4122319972134952 0.004400738590626812 0.00931134017774313
1 0.8005337729182215 0.41843955733199056 0.004034010374741228 0.006552424569522991
1 0.8386735073703203 0.42430225299945856 0.0036672821588556444 0.007242153471578071
1 0.8496753538468873 0.42430225299945856 0.005134195022397979 0.00586269566746791
1 0.8613189747012541 0.42447468522497234 0.0049508309144550905 0.006897289020550531
1 0.8756213751207911 0.42447468522497234 0.003850646266798436 0.005517831216440371
1 0.900925622016895 0.4255092785780549 0.004950830914455187 0.0048281023143853805
