1 0.16475703716278076 0.4783194453234892 0.020056056976318366 0.029064607392812913
1 0.25204606056213374 0.4810890875484302 0.021681356430053693 0.034239963204000204
1 0.6562875747680663 0.4902739361094366 0.02245464324951176 0.03319140390296053
1 0.549733829498291 0.4874243874239049 0.02181529998779297 0.03096747527251376
1 0.7573926448822021 0.4938938512332109 0.023094463348388654 0.031377500343019483
1 0.8587411880493162 0.49627992451096176 0.022343444824218732 0.029755336415786603
1 0.06696159839630127 0.47628331032769666 0.021359932422637933 0.030273697069225686
1 0.4506824493408203 0.4853778493423341 0.021352195739746133 0.03247269416651398
1 0.3581003904342651 0.48364107210799123 0.019514942169189444 0.03325938268761566
1 0.1377869963645935 0.42416645134954656 0.008577704429626465 0.012106322029247212
1 0.5220113277435302 0.43744285148353745 0.009759330749511661 0.012389357707837789
1 0.1846745252609253 0.425997753173634 0.008790683746337886 0.012120850476627356
1 0.6118380069732665 0.4395955727854669 0.010735321044921952 0.013707141694279674
1 0.8658267974853515 0.4487924387041828 0.01090660095214838 0.012583967157312324
1 0.20995693206787108 0.427178862136574 0.008702373504638681 0.011835124344818145
1 0.16151165962219236 0.4242511109441565 0.008165836334228516 0.013054796470557167
1 0.4657526969909668 0.4351711224675746 0.009564018249511681 0.012905207271606252
1 0.5821527004241943 0.43992084857958863 0.010016822814941444 0.013461772360748595
1 0.27037634849548337 0.4296486981911955 0.009180545806884766 0.0124413731367296
1 0.9421220779418945 0.43124906944735814 0.0058624267578124235 0.007040377982280628
1 0.4094822883605957 0.43354590936002746 0.009333610534667969 0.012470071304394047
1 0.903842544555664 0.44911305104605903 0.011114120483398438 0.013631270913516827
1 0.7851714611053466 0.44661039146217135 0.010778236389160234 0.01234487554795784
1 0.3036267280578613 0.4320916297136315 0.009237670898437538 0.01150760650634762
1 0.9811975479125976 0.45114317736299686 0.011431884765624923 0.013573695214640013
1 0.09154866933822631 0.4240559634040383 0.008068108558654776 0.010419228497673483
1 0.5512746334075928 0.43825698262746837 0.009958267211914062 0.013077575641140766
1 0.11351492404937744 0.42433666735650616 0.008667516708374004 0.011413978734342415
1 0.49624032974243154 0.43574670009279476 0.00990638732910162 0.013423209197949584
1 0.43548135757446277 0.4342282082962497 0.009417343139648418 0.012325863011880217
1 0.38545200824737547 0.4324581591237709 0.00899376869201664 0.012607643145635438
1 0.9543939590454101 0.4313915737861669 0.0054710388183594515 0.006994460914017494
1 0.9420291900634765 0.4497096142063838 0.011892700195312347 0.014094028867105955
1 0.06398131847381591 0.42234519388414143 0.008492350578308105 0.012034935337181843
1 0.7173335075378418 0.444739898702867 0.010627174377441444 0.013723105050043006
1 0.4201518058776855 0.41481479468899046 0.004382705688476524 0.006723980683780021
1 0.7516853332519531 0.44576361615252225 0.0095058441162109 0.011726788761884875
1 0.7388283729553222 0.4209239171305596 0.005034255981445389 0.007267093506829745
1 0.33260126113891597 0.432059344275009 0.008944606781005822 0.0121604898207138
1 0.36110253334045406 0.4324620154400509 0.007996654510498009 0.011525184134042148
1 0.2379941463470459 0.428494493760441 0.00875844955444335 0.012163359637480265
1 0.6830360412597656 0.4429933461551636 0.010582923889160156 0.013332809969806502
1 0.041066205501556395 0.4214045217571652 0.00845165252685547 0.01139299319923775
1 0.8284337997436523 0.4473727762225322 0.009494781494140625 0.00972096620568784
1 0.6501613616943359 0.44186443198466335 0.010560607910156212 0.01380704719046148
1 0.807284927368164 0.42698012732549756 0.005273437500000058 0.00762366824006047
1 0.3768221855163574 0.41342544464693537 0.004722309112548847 0.007863297940058625
1 0.7973333358764648 0.42643647641180427 0.00519218444824213 0.007760343263562347
1 0.02215256094932556 0.4206624050777174 0.008544093370437622 0.012503791651399736
1 0.42773985862731934 0.41535162978786355 0.004147434234619131 0.00763263641745561
1 0.6520243644714355 0.4210331495312325 0.005068206787109414 0.008469188004874237
1 0.845874786376953 0.4284573655060251 0.004784011840820351 0.007062619062220557
1 0.7463603973388672 0.4254524879880096 0.005533790588378964 0.00800607132418927
1 0.516539716720581 0.41993508589097156 0.004538822174072342 0.005545920901154486
1 0.9819332122802732 0.42714298942699336 0.00474109649658207 0.006022669211480085
1 0.8891794204711914 0.42734432500951425 0.005947113037109375 0.009270404973356069
1 0.9651990890502927 0.43243017841029807 0.004846954345703164 0.006944956574796304
1 0.7241450786590575 0.42495636841451034 0.004880046844482383 0.006924509130335403
1 0.7331991195678711 0.4257073635895794 0.005060005187988262 0.00681581482030629
1 0.9219691276550293 0.4300614137149198 0.005785942077636719 0.007927868817303632
1 0.8569940567016601 0.4282826654103677 0.0045261383056640625 0.007170237190962235
1 0.9964365005493162 0.42745041854809873 0.004388427734374961 0.007625820602635339
1 0.9774488449096678 0.43236426230644376 0.004919433593750039 0.0064664146289916775
1 0.7139492034912109 0.424597282591609 0.005339050292968692 0.007353546736918839
1 0.7773162364959715 0.42516164999508516 0.005583572387695294 0.008076561198515122
1 0.8140146255493164 0.4215753655365426 0.005123138427734375 0.0075877955304799105
1 0.46173892021179197 0.41734355166909803 0.004804801940917892 0.006918769496802478
1 0.8675010681152343 0.42809469241216563 0.005247879028320294 0.006710349054139481
1 0.6589735031127929 0.4219925651489646 0.004840373992919922 0.007754603630029512
1 0.5984045028686523 0.41654493547206084 0.0045675277709961324 0.007953697168201617
1 0.8775262832641602 0.4271237975273678 0.005853462219238166 0.009051581444914655
1 0.506724739074707 0.41977186506238 0.004545974731445294 0.0060007868586359975
1 0.6742396539774979 0.42489955297620197 0.004232560331137207 0.0039604408884879585
1 0.6952938079833983 0.4243807907892903 0.005060577392578164 0.007207186081830229
1 0.3840641975402832 0.4134602411752285 0.004415178298950185 0.007499548664911789
1 0.8167016983032226 0.426494231474229 0.0053195953369140625 0.008605145574184611
1 0.9315803527832031 0.43077761236169565 0.004950332641601639 0.007042530344855407
1 0.9015326499938965 0.42747902703398927 0.005959510803222656 0.009487076139222611
2 0.660479736328125 0.40448417178398094 0.011829376220703125 0.011963548645116567
1 0.7863014389289866 0.4278754210566713 0.006239285227964087 0.0037079814621607233
1 0.9496650695800781 0.42503762010171026 0.004895782470703086 0.00721866534889599
1 0.4029128551483154 0.41391394126964864 0.004550170898437519 0.007852536127184458
1 0.7296881675720215 0.42063325850118316 0.0047914505004883 0.006588381841565489
1 0.6455429065175813 0.4215046968804859 0.003679459216038271 0.006448385395516102
1 0.6894512847917851 0.4255723695910197 0.0041422454799064515 0.004272041520245646
1 0.825375747680664 0.4258262816218389 0.005032730102538986 0.008795270934961576
1 0.8351442337036132 0.42804160080198644 0.004763412475586014 0.007451837961169627
1 0.5456940650939941 0.41957259216066006 0.004425811767578106 0.007039301800993193
1 0.3953827381134033 0.4140148332653439 0.0047930717468262106 0.007937913175986206
1 0.4973067283630371 0.4188908313150814 0.004204750061035156 0.005753265162530137
1 0.6058693408966064 0.41668914376457467 0.0054141044616699795 0.008414302759216053
1 0.3558763027191162 0.413946495753593 0.00432744026184081 0.008207855315579826
1 0.6665971755981445 0.42286283708338895 0.00506172180175787 0.008086067466553935
1 0.7044133186340331 0.42425218712544405 0.005200290679931679 0.006986568917909698
1 0.36432437896728515 0.4111802614360621 0.005693912506103516 0.008639404011834065
1 0.8025962829589843 0.4210405034366965 0.0048706054687499235 0.0069650452921614535
1 0.4075434684753418 0.4137965478275462 0.0035943984985351562 0.008130549626433793
1 0.962097454071045 0.42580072231626276 0.004425621032714805 0.006755728031758852
1 0.3703672409057617 0.4133919036634775 0.004294872283935547 0.008052347119548156
1 0.37120804786682127 0.41123398081865903 0.004238033294677773 0.008455556375233606
1 0.9118144989013671 0.42705079656337136 0.005962371826171875 0.010707645082701145
1 0.4441486358642578 0.41495120066717056 0.0049953460693359375 0.008394393405398826
1 0.6827995200797464 0.42493161377433514 0.004033776155204409 0.005058595082631827
1 0.9233651161193848 0.4270041620409166 0.006007385253906365 0.00972562965793333
1 0.9915260314941404 0.43237897011737175 0.00526351928710949 0.006797161011324417
1 0.7573975563049314 0.42241057189735204 0.005420494079589825 0.008562815776879534
1 0.6144685745239258 0.4160025401032027 0.004990005493164005 0.00890181288241582
1 0.45276651382446287 0.41629176382419597 0.004555416107177658 0.00757416390083937
1 0.41199121475219724 0.4149254619980464 0.0048040390014648824 0.007527529378384643
1 0.43413757735020503 0.4162640418364993 0.004823409447539126 0.006336037968757821
1 0.7483481884002685 0.42173141182321805 0.005682373046875039 0.008932304685559295
1 0.4884882535506403 0.41749555326456333 0.004406087789757125 0.005696963031253031
2 0.008081642538309097 0.3898775218969687 0.01305418461561203 0.023159062578113364
1 0.4794889450073242 0.4186451929362287 0.004342651367187461 0.005820167765897845
1 0.8256608963012695 0.4224558611931975 0.004927444458007889 0.008446946924934308
1 0.93736572265625 0.42487529609085833 0.004543304443359375 0.006758777212073236
1 0.766324186325073 0.4255382237639071 0.0049950599670410345 0.007042889071951249
1 0.7560596466064453 0.42510864806667986 0.005150985717773456 0.007946522626285505
1 0.5332446098327637 0.420144672196696 0.00432605743408205 0.007100106043732223
2 0.4722991943359375 0.40267789117482583 0.025593185424804727 0.019934105986821073
1 0.7671412944793701 0.42275046582062786 0.004992008209228516 0.006937782032880192
1 0.6231605529785156 0.4205127261969925 0.005366897583007774 0.009516312397530821
1 0.5602972030639648 0.4202401832859542 0.004482460021972675 0.0072800076822786925
1 0.3609917879104613 0.4117058863131912 0.005783224105834951 0.008695544802327603
1 0.3961461544036865 0.4113412402203049 0.0044803619384765625 0.00869500671168393
1 0.590757656097412 0.4158912450217291 0.005241775512695255 0.008453045285562986
1 0.7909808635711669 0.41952685445594484 0.00446662902832037 0.006547486952643687
1 0.5397655487060546 0.42027049572554975 0.004212188720703106 0.007212208261171471
1 0.7209025382995605 0.4212164590771892 0.004706096649169941 0.007266376052638062
1 0.638425064086914 0.4208814079697068 0.0045487403869629095 0.008237091573888036
1 0.8508261680603025 0.4245421283006288 0.004135894775390606 0.007216871713416962
1 0.623263931274414 0.41680393643523245 0.004954147338867169 0.007930917997618015
1 0.34976119995117183 0.4137536799395975 0.0039882659912109375 0.008172161969547278
1 0.6308578968048095 0.4200482642896983 0.0052183151245117 0.00860478684708877
1 0.5847280502319335 0.4150264436755157 0.004416942596435547 0.008632408833465782
1 0.3869176477056402 0.4087013843111404 0.0030238679394402087 0.004136130391510626
1 0.388635754489413 0.41322527692685507 0.003436213567545648 0.005428671138857685
1 0.4145448047887072 0.4107694495068957 0.0038485591956510874 0.006204195587265849
1 0.42320406297892227 0.4105109413574263 0.004673250451862062 0.005170162989388238
1 0.4348871891085775 0.4108987035816304 0.0046732504518621105 0.004394638540979984
1 0.4704176373969995 0.4177491695425698 0.00536049316537124 0.007238228185143461
1 0.49014150327471145 0.4116742280300386 0.0038485591956511837 0.004394638540979984
1 0.49900693427897924 0.4125790065531816 0.0037111106529492902 0.0056871792883271335
1 0.5074600196551415 0.4123204984037122 0.004398353366458468 0.006204195587265939
1 0.51337030699132 0.4119327361795081 0.003298765024843803 0.0059456874377964005
1 0.5214797710107278 0.41219124432897747 0.003023867939440113 0.00491165483991888
1 0.5555670096007808 0.4200757428877946 0.002474073768632828 0.006721211886204654
1 0.568006102715296 0.41645662879522277 0.0026115223113347213 0.004653146690449341
1 0.5770089822622655 0.4186539480657128 0.0030238679394402087 0.006462703736735297
1 0.5801015744730567 0.4146470717489369 0.0028864193967383157 0.0067212118862047445
1 0.5717172133682452 0.4134837850763246 0.0034362135675456962 0.006462703736735297
1 0.5718546619109471 0.4207220132614681 0.0026115223113347213 0.006979720035674103
1 0.5756344968352474 0.41438856359946746 0.0030238679394402087 0.005687179288327043
1 0.6425032128596856 0.4181369317667739 0.0034362135675456962 0.005428671138857595
1 0.6719172009978763 0.4193002184393863 0.0034362135675456962 0.005687179288327043
1 0.6886171989361481 0.4207220132614681 0.0038485591956511837 0.003877622242041178
1 0.6804390106453897 0.4200757428877945 0.0034362135675456962 0.005170162989388238
1 0.7868929069679538 0.42291933253195807 0.004948147537265753 0.004136130391510626
1 0.8395356988227533 0.4244703814287746 0.004398353366458468 0.006204195587265939
1 0.8351373454562947 0.4195587265888557 0.004673250451862062 0.0067212118862047445
1 0.846683023043248 0.4203342510372639 0.004123456281054778 0.004653146690449341
1 0.8621459840972036 0.4240826192045704 0.003986007738352981 0.006979720035674103
2 0.38672439747812737 0.39965880831194206 0.01256251982855355 0.013615630744094215
