3 0.04902095495977264 0.3612363750667483 0.021563629411025374 0.02172856168403424
1 0.1811993360519409 0.45240419278652755 0.0198709487915039 0.030076397166532612
1 0.27010214328765864 0.45161436540333755 0.018984556198120117 0.029614177303587157
1 0.9308137893676758 0.4531811956760424 0.021392822265625 0.035675409677866345
1 0.4032262682914733 0.4527709912419888 0.017508530616760245 0.0290834405653428
1 0.6013428211212157 0.4544271445615492 0.019152927398681716 0.03375263244434836
1 0.09197821617126464 0.44763563350198377 0.018346714973449713 0.026249855235574354
1 0.27277207374572754 0.40424203099431216 0.010040664672851553 0.013153446421903749
1 0.8255226135253906 0.45444418409859993 0.020217514038085898 0.03386222357211698
1 0.9900716781616209 0.4123448689525949 0.012898635864257928 0.01620621400720931
1 0.7145414352416991 0.4537460114883883 0.021572113037109375 0.033472825309619994
1 0.5009005546569824 0.4535092516051566 0.019026851654052695 0.031101101115701253
1 0.9506939888000486 0.41246019971389647 0.012121772766113243 0.01466799222039495
1 0.30682783126831054 0.4048120483495472 0.009675884246826163 0.013174611320556244
1 0.23907771110534662 0.40351614671594954 0.010015869140624991 0.012967267059180637
1 0.17003026008605956 0.40343067998537385 0.009695386886596689 0.012054485963903275
1 0.20025479793548584 0.4033256626280768 0.010474967956542973 0.012890140733582389
1 0.3412729978561401 0.40556492684186923 0.010292768478393555 0.014116987401237567
1 0.9122035980224609 0.4115030261405132 0.012337493896484452 0.01561646666170495
1 0.10690879821777344 0.40224078220858667 0.009373664855957043 0.011857724151853917
1 0.8719915390014646 0.41123595381768585 0.011916542053222694 0.015672786815746364
1 0.375388765335083 0.40421718914292765 0.010035705566406221 0.014854171583118062
1 0.8639946937561035 0.38528061352776793 0.00603141784667963 0.00874217932478233
1 0.9013126373291016 0.38568337437458367 0.005684471130371055 0.009033465726576454
1 0.011685231328010559 0.40242436079986516 0.00777985155582428 0.010552674977313147
1 0.13849308490753173 0.3846064756329753 0.004914283752441406 0.00752250719904331
1 0.076170015335083 0.403024421549374 0.009236526489257808 0.012011259348858728
1 0.04057193398475647 0.40287151412478683 0.008374810218811035 0.010764323963838493
1 0.8131212234497069 0.3905022451343142 0.0055694580078125 0.00806257084177865
1 0.7742074012756347 0.4113080579639428 0.011794090270996094 0.013128335525197357
1 0.45459442138671874 0.40530798855949846 0.010229110717773438 0.014251868789260507
1 0.1053423285484314 0.38404192886595123 0.004642701148986814 0.0071056663137171825
1 0.7446797370910644 0.3849107658919924 0.0053653717041015625 0.008695544802327603
1 0.41652526855468747 0.4054750657043699 0.010503768920898438 0.014170079011416722
1 0.13885613679885864 0.40292819300592414 0.00949726104736329 0.012545942085156985
1 0.9878286361694334 0.3868689674262212 0.006708908081054572 0.00897822175382243
1 0.7300713062286377 0.40952769538745964 0.01163797378540037 0.014649338411413077
1 0.9649797439575195 0.3873682258618086 0.0056922912597657015 0.007968404979129637
1 0.08513474464416504 0.38489516126332485 0.004099392890930178 0.006595197656385849
1 0.6854166984558104 0.40869383425325956 0.011359214782714844 0.014299938220098375
1 0.7678406715393066 0.38963520174375205 0.00596275329589838 0.007994592057123464
1 0.6460320472717285 0.40747120262898007 0.011547279357910176 0.015438538022185339
1 0.8243711471557617 0.41096116886229883 0.012032318115234355 0.014323255481325738
1 0.11297240257263183 0.3848435045615288 0.0043793678283691505 0.007431031789612884
1 0.855977439880371 0.3916639828340806 0.005911254882812539 0.008316370262061064
1 0.48683643341064453 0.4071520251954872 0.01059417724609373 0.013165463779613229
1 0.8280075073242187 0.39095190954890646 0.006027984619140606 0.00871527479259691
1 0.010974717140197753 0.38532097032604606 0.004158729314804078 0.006894017327191928
1 0.12128674983978271 0.38436738402362086 0.004581022262573247 0.007687162936018087
1 0.07109708441234723 0.38582511419295296 0.0038391998000362757 0.0044020343251262506
1 0.00492229034270671 0.3857834868045273 0.0040098671071892395 0.005023021018590252
1 0.7513104438781738 0.3901164341427753 0.005951309204101505 0.008538781061460532
1 0.823134422302246 0.3855234717716283 0.00547027587890625 0.008759756952476813
1 0.7825875759124755 0.389472967414674 0.006509971618652363 0.008556179325607139
1 0.7802762508392334 0.3861064033023124 0.006517219543457108 0.009330491761903505
1 0.9216333389282224 0.38521415933326997 0.006419754028320274 0.009192381830018352
1 0.9300573348999023 0.392163330951442 0.006469917297363205 0.008911498514002553
1 0.13002893924713133 0.3848759693636992 0.005241441726684551 0.00844264219978466
1 0.09285613298416137 0.38460782085958456 0.004061293601989742 0.0069732960153649545
1 0.2518137216567993 0.379855404294352 0.0048600196838379005 0.007470850497247296
1 0.8965302467346191 0.3926501236204502 0.006037712097167969 0.007497755029432715
1 0.09866032600402831 0.384136453455696 0.0044637680053710915 0.007191760816710526
1 0.15065350532531738 0.3864650407163441 0.003951454162597646 0.006788192833929232
1 0.6041584491729736 0.407203861260831 0.01135711669921873 0.01582542519501171
1 0.9125873565673828 0.39260474464283074 0.005994415283203279 0.007887332655477627
1 0.7630762100219726 0.385422669457707 0.005133056640625039 0.008797602661084277
1 0.03828886449337005 0.3860041660800078 0.004048115015029911 0.006711783962522667
1 0.7367139339447021 0.38960470994060853 0.005742549896240234 0.00766294885705121
1 0.38898406028747556 0.38789968005424463 0.004794597625732422 0.007213643169554702
1 0.07784368505915454 0.38579292772905893 0.0044117780044854 0.005169598451918835
1 0.5578659057617187 0.4075265362835082 0.011568641662597714 0.01582811564823025
1 0.2201865673065185 0.3797885016909843 0.004021263122558604 0.007438206331528995
1 0.3152027606964111 0.38762202528209105 0.004534435272216816 0.006976165832131417
1 0.9439248085021971 0.3856202384057219 0.006292152404785041 0.008403899673437682
2 0.322035551071167 0.369151167119061 0.016421699523925772 0.01336294304585418
1 0.9890383720397947 0.39010764532892805 0.007296371459960822 0.010832302748493634
1 0.7986304283142089 0.3895150281666572 0.006065559387206955 0.008703078071339512
1 0.8420982360839843 0.39113503973131525 0.00606536865234375 0.0089197492372061
1 0.8440551757812499 0.3860501728300449 0.005573654174804726 0.008322827349785582
1 0.5226529121398925 0.4056625902937023 0.010704421997070255 0.015456833104071416
1 0.8810539245605469 0.39136982661552 0.006027793884277305 0.00865321500502257
1 0.7998388290405273 0.38672108218097534 0.005651664733886738 0.008652856277926729
1 0.2669332460465001 0.38804663705091474 0.0038358600739572474 0.003915389748842549
1 0.06514431834220885 0.38544715258199574 0.003954303264617915 0.007329153294404086
1 0.8821166992187498 0.38562400504022787 0.0060882568359375 0.009237760807637769
1 0.18229287862777707 0.38308296165708894 0.00513148307800293 0.00713759302524389
1 0.9719657897949219 0.392191042619593 0.006332015991210899 0.008309913174336589
1 0.04531946778297424 0.3857570031109978 0.004187452793121336 0.007442869783774442
1 0.19170775413513183 0.38331156049889104 0.004924774169921875 0.006920563132281505
5 0.611548068979617 0.33752239634592573 0.2333838899493654 0.1236530648295354
1 0.9596633911132812 0.39251102718905156 0.00573806762695301 0.007596225617231333
1 0.052756083011627194 0.3848492441950617 0.003910589218139653 0.008254310474486723
1 0.2974458060106647 0.3889930939473606 0.0036579770725990723 0.0036955791307881334
1 0.1645029544830322 0.38260863475466 0.004512572288513174 0.0069949990046611656
1 0.058927685022354126 0.38497928276729126 0.004114687442779541 0.007371483091709119
1 0.32421972092987705 0.38903585148765873 0.004900776088269781 0.006659710559341413
1 0.25722856521606446 0.3855195257735745 0.00524749755859374 0.008118352905176393
1 0.01717633306980133 0.3847518497885505 0.004167068004608153 0.006548742497479043
1 0.41649193763732906 0.38595771092110104 0.0053407669067383 0.008269735739606382
1 0.37278953773047535 0.36710395734490725 0.007699097673228465 0.03993206828415074
1 0.2767332553863525 0.38743172055776615 0.00492248535156251 0.006983878464691202
1 0.17283297777175902 0.38337604169436207 0.004787731170654301 0.006524169691416368
1 0.030378097295761106 0.3853494891301626 0.004139864444732668 0.007103693314690279
1 0.2885759353637695 0.3877208545969855 0.004585647583007803 0.0066992285141694715
1 0.30602948665618895 0.3877034563328389 0.004409408569335947 0.007041095436472221
1 0.344399881362915 0.384315458276503 0.004961872100830117 0.008615189932867142
1 0.0896531879901886 0.3811196482617449 0.0038670897483825684 0.00600706458281255
1 0.0037206277251243592 0.4510916103429749 0.006793756783008575 0.026785076062516285
1 0.39521558317392674 0.38350792212578394 0.0044878214472237506 0.006170965759630592
1 0.1561697721481323 0.38245617573894264 0.004365444183349609 0.006456370270309103
1 0.9450572967529295 0.391214856510132 0.0062961578369140625 0.009414075175226227
1 0.40620180314092785 0.3825970296276723 0.005626033650019859 0.00544038277869169
1 0.21094570159912107 0.3792582133616097 0.004091167449951162 0.006867292158554384
1 0.024034641683101654 0.3855995219159391 0.004119446873664856 0.006387494667914401
1 0.14636182785034177 0.38329362414410073 0.003948092460632324 0.006698152332882037
1 0.3603663444519043 0.38301955664290527 0.005177879333496084 0.007845361585268345
1 0.2471680164337158 0.38448289414847026 0.005128669738769512 0.0068513288027910076
1 0.22582111358642573 0.38347836859844064 0.0049439430236816505 0.007216871713416962
1 0.20555205345153807 0.3834302991676027 0.004710006713867192 0.006614210192463519
1 0.21500491327783686 0.38324883228871415 0.004494993700765753 0.005166344552911596
1 0.23061253029438464 0.3794914907956875 0.003745828083971485 0.004696676866283256
1 0.24035168331271048 0.3793740738740304 0.003995549956236257 0.007279849142739032
1 0.23704286850520237 0.38336624921037116 0.004869576509162911 0.006810181456110738
1 0.002995556279481657 0.3771098634299729 0.00262111174454645 0.005633931762522718
1 0.006365557093898521 0.38142334243565434 0.0035572230818844675 0.004401509189470879
1 0.01273111418779704 0.3809831915167073 0.003931667616819673 0.004929690292207401
1 0.011748197283592122 0.37728592379755177 0.003838056483085872 0.004929690292207401
1 0.019237087982296265 0.3791345576571295 0.0036508342156182675 0.007218475070732283
1 0.02312195003224904 0.37746198416513055 0.003370000814416863 0.005986052497680399
1 0.027942923419539828 0.3800148594950236 0.00439972328548868 0.00616211286525924
1 0.07208057297502736 0.3820395537221803 0.003931667616819669 0.004929690292207356
1 0.08059918614480333 0.3819515235383909 0.003557223081884475 0.004401509189470879
1 0.15010545294215114 0.3787824369219718 0.004586945552956301 0.0054578713949438775
1 0.1423825344091125 0.3787824369219718 0.004118889884287278 0.0054578713949438775
1 0.16971698545938263 0.37895849728955067 0.003557223081884475 0.00616211286525924
1 0.26899159278407936 0.38291985556007446 0.0038380564830858646 0.004929690292207401
1 0.2800845121315349 0.38327197629523213 0.004118889884287302 0.00633817323283808
1 0.30049173928550366 0.38353606684660035 0.004306112151754911 0.005105750659786196
1 0.332927997124266 0.38291985556007446 0.0032763896806830856 0.005633931762522763
1 0.33520647597949604 0.38786250753796386 0.004788693686003291 0.005090573041891496
1 0.3225580785262483 0.38404457775654527 0.004684591649351002 0.0045031992293655745
1 0.3844987903343341 0.3837508908502823 0.004892795722655532 0.005090573041891496
1 0.39714718778758185 0.38844988135048986 0.004372285539394278 0.004698990500207548
1 0.4055274017380876 0.3876667162671219 0.005309203869264497 0.007048485750311323
1 0.42718062536175455 0.3859045948295441 0.004268183502742036 0.010964311167150931
2 0.42239193167575123 0.3701433975267646 0.012179938288312661 0.013118015146412688
5 0.4692804143353594 0.3668584550937492 0.08453085376162295 0.05488681959270194
1 0.7293603832065371 0.3841194135311783 0.005259697567389832 0.008125772831655189
