1 0.8125030517578125 0.47187428527492403 0.019993591308593826 0.03125768549302045
1 0.6076376914978027 0.4671439304260836 0.01842994689941408 0.028338005660258757
2 0.5344732761383056 0.38208327892285265 0.02814617156982426 0.020944998942801257
1 0.2894829511642456 0.4628359767325542 0.018667125701904288 0.026324829198597778
1 0.7084435462951658 0.4702094328232902 0.018332290649414044 0.027561361497839554
1 0.47201576232910153 0.46625868163540934 0.019609928131103516 0.027687454072015272
1 0.9307334899902344 0.4731991541215081 0.02285919189453121 0.03225458809226425
1 0.7352330207824707 0.39630214481929904 0.004985427856445274 0.007368254547846904
1 0.5197345733642578 0.4183764166596962 0.011027717590332069 0.013294426170555321
1 0.8738065719604492 0.423065697256067 0.011417388916015625 0.015150121437157677
1 0.12575716972351073 0.4108488872813117 0.008827853202819829 0.011967135916074623
1 0.7801476001739501 0.42139636071573566 0.011658954620361308 0.014544590099437817
1 0.38062579631805415 0.4652796257091819 0.018318653106689453 0.024427521588881937
1 0.5549686431884765 0.41860062109457474 0.010361289978027401 0.012678491747057133
1 0.6333806037902832 0.419932395437753 0.010787296295165996 0.013628401096750275
1 0.8294282913208008 0.42270634238784377 0.01215820312499998 0.015483020182065287
1 0.6734509468078613 0.42143330960660363 0.01087532043457037 0.013862470526763515
1 0.40812892913818355 0.4156865015317979 0.009641838073730489 0.01260100669436309
1 0.5901806354522705 0.4192830993943449 0.010995006561279354 0.014098692319351446
1 0.44831438064575185 0.4163053954538367 0.010087013244628906 0.014008113727660533
2 0.12985496285091427 0.4141912810643461 0.25970992570182855 0.19872813990461055
1 0.9161003112792968 0.42534495954104184 0.011069488525390548 0.012727816722730403
1 0.7291623115539551 0.40246947073216277 0.005414581298828183 0.0076392728687280495
1 0.963357353210449 0.4253360810454206 0.012529754638671913 0.01527675210197707
1 0.4837773323059082 0.4161684513850128 0.010853385925292931 0.014702250658044357
1 0.7167162895202636 0.40349614768035835 0.005312919616699219 0.00704540016162187
1 0.15200605392456054 0.41111721514897426 0.008449673652648926 0.011211477288760175
1 0.7439578533172607 0.42174020063706535 0.010573196411132793 0.01337729212968636
1 0.3765543937683105 0.4156750222647323 0.00929117202758789 0.011716744403202299
1 0.6900245189666747 0.4021440155744931 0.005769443511962814 0.007804466696346498
1 0.5069534301757812 0.3985664302480239 0.004708099365234356 0.007944908354354397
1 0.7866774559020996 0.3989955575363814 0.00504722595214838 0.006999841820454577
1 0.6200424194335937 0.39849683719143764 0.005481910705566425 0.007860786850387958
1 0.854820156097412 0.3992304341023601 0.0052476882934569926 0.006903882322326536
1 0.7064009666442871 0.42184871558354653 0.010703277587890645 0.013709114693306533
1 0.9265689849853516 0.40620373011772504 0.006030654907226524 0.007587436803384069
2 0.7233159065246582 0.383795214305811 0.02504882812499996 0.014395180264034777
1 0.7399923801422119 0.40315517757579517 0.005188751220703106 0.007465110863714416
1 0.3107634305953979 0.4145722054904518 0.010235309600830078 0.013252455100346084
1 0.6766934394836426 0.4021246443113196 0.005793952941894474 0.0074446634192535145
1 0.18124778270721434 0.41163387184870825 0.008670949935913101 0.011455411713907933
1 0.7800848007202148 0.4044527831630979 0.005587005615234414 0.00742349852060093
1 0.7226088523864745 0.3973252344965366 0.004357528686523456 0.005698021189776067
1 0.8994165420532226 0.40552152086327675 0.00585575103759758 0.008424167754350707
1 0.344158124923706 0.4155830087646582 0.009733104705810585 0.011618453178951603
1 0.3512484550476074 0.39126023548775135 0.00502758026123045 0.007414530343205835
1 0.6821795463562011 0.3967256221558975 0.005070114135742226 0.007031409804885443
1 0.34613485336303706 0.3972780618834381 0.005384826660156289 0.007706534199191553
1 0.21394777297973633 0.39510049873012426 0.004490423202514653 0.006697076151594647
1 0.7602486610412597 0.39809434538994376 0.004833221435546875 0.007305477306080926
1 0.6625604152679443 0.4014830609004713 0.005461120605468789 0.007409328800316627
1 0.27878968715667723 0.4139325053968566 0.009652900695800761 0.012569079982836427
1 0.3554288864135742 0.39760396544997756 0.0046693801879883 0.006853301801818002
1 0.903980541229248 0.3996917571475661 0.004955291748046875 0.007393724171649093
1 0.752585220336914 0.4037579287785225 0.00511589050292963 0.0073517531014398564
1 0.3654116868972778 0.3979311245613522 0.0044862747192382525 0.006846306623449765
1 0.7042795181274414 0.40318288924394613 0.005386924743652305 0.0069600231128201205
1 0.4197294235229491 0.398750815975268 0.004637622833251943 0.007028539988119025
1 0.38368763923645016 0.39815721231348367 0.004221534729003916 0.006741737675022425
1 0.7481053352355956 0.3966041930339674 0.005097961425781308 0.00756860363085432
1 0.2857504844665527 0.3960668198444506 0.00432434082031249 0.006858682708255085
1 0.8400360107421875 0.39883045339053685 0.006271934509277401 0.008982885206067876
1 0.7951110839843749 0.40391451315584165 0.0055561065673828125 0.00806813111176361
1 0.8262790679931639 0.39848804837759044 0.005271148681640644 0.007446815781828294
1 0.811293601989746 0.3983291322741485 0.005358123779296914 0.008154584341852794
1 0.7741310119628906 0.3983920888794624 0.004851722717285195 0.007262788781680097
1 0.39326555728912344 0.3978930994891968 0.004432535171508799 0.0064994175218057735
1 0.5807584762573241 0.40066229330526815 0.0052503585815430074 0.007292563130631933
1 0.7661122322082518 0.40425638007814435 0.005257415771484356 0.00756627190473162
1 0.14541431665420532 0.39265191725592924 0.0037562608718872165 0.007678015395075026
1 0.12110145092010495 0.3929591670134867 0.004507970809936519 0.006524528418512165
1 0.2114314556121826 0.40986274649494214 0.007888412475585922 0.012089999946388083
1 0.8877904891967773 0.40271385356618034 0.0058116912841796875 0.010523976809648745
1 0.6093856811523437 0.3991664013157588 0.005259704589843769 0.008083377013335348
1 0.2924424886703491 0.3964381023886094 0.004288196563720703 0.007135261299121144
1 0.3415306806564331 0.39147403683685156 0.004571008682251005 0.007536856282875534
1 0.9398746490478516 0.40643528845806753 0.005715942382812461 0.008035486946045264
1 0.8112230300903319 0.404419421543188 0.005916976928710976 0.008828991281967312
1 0.4021884940121176 0.3991360905617935 0.004185490221500903 0.00518324443603441
1 0.2777356147766113 0.3963954138642085 0.004234600067138701 0.006561836036475911
1 0.9700458736289113 0.4073292242821319 0.005493587467783567 0.006237570939234003
1 0.37560348510742186 0.3974430763475087 0.005269718170165987 0.007373276727188192
1 0.9189619064331053 0.39990206090748215 0.004665374755859375 0.006943162939317276
1 0.9375079154968261 0.40045997122323373 0.005689430236816483 0.007637658596796897
1 0.5575243949890136 0.4005394292749547 0.0053882598876953125 0.0068481002589287935
1 0.30702934265136717 0.3973211091349348 0.0051059722900390625 0.008148844708319869
1 0.20640125274658203 0.39505341579879977 0.0038565635681152488 0.0066070356505474066
1 0.5161168098449707 0.39900909948424806 0.0050874710083007426 0.007305118578985084
1 0.9891847610473631 0.4017864543417489 0.005683517456054649 0.008436364475608062
1 0.5996316909790038 0.39925859417938087 0.0050449371337890625 0.008089654737511946
1 0.8413616180419922 0.40355632415067977 0.006101989746093692 0.010178163889292142
1 0.6449663639068604 0.40064067999774583 0.00585193634033205 0.00756627190473162
1 0.13850713968276976 0.3923048487907373 0.004214358329772945 0.007799803244101053
1 0.9548727582939812 0.40716026382000753 0.005320630262623523 0.0058996500149851505
1 0.36897390572804595 0.39374761066813135 0.004232311248779287 0.006348034687375786
1 0.5915782451629638 0.40024455560220246 0.0056743621826171875 0.007436771423145764
1 0.6305169620149251 0.40169688309252366 0.00405731956818056 0.005044378735313826
1 0.16169871707213718 0.3944440233237461 0.003710305304273003 0.004842646071935361
1 0.3592991761510171 0.39561290179090036 0.004544448852539081 0.006434487917464925
1 0.49889435768127444 0.39859952282261196 0.004426193237304706 0.007547259368653906
1 0.29756074070272515 0.39791040337142575 0.0036677384244934315 0.0044853536426926
2 0.4089393615722656 0.38164312077629925 0.015709304809570303 0.013170665322502391
1 0.3337015628814697 0.3979528275506485 0.004564952850341816 0.007285388588715821
1 0.9129879951477051 0.40588320745762274 0.006274795532226524 0.00769003275278455
1 0.8715967178344725 0.40375245819031147 0.005813980102539101 0.008818946923284781
1 0.31571030779175574 0.3976106741113323 0.0034185271741832488 0.007392862297292787
1 0.10891404151916503 0.392665190158474 0.00484888553619384 0.007466904499193443
1 0.2502817153930664 0.39652742543546493 0.004169273376464825 0.006847382804737155
1 0.546297264099121 0.3996526558941233 0.004917621612548828 0.007654160043203945
1 0.1763580560684204 0.3928020445455238 0.00482177734375 0.008970150394166758
1 0.32513628005981443 0.39736864047512904 0.004567337036132831 0.00729399803901512
1 0.5758951187133788 0.37793173024309457 0.008990669250488224 0.04605338455952218
1 0.15066614151000976 0.3926396308528979 0.004084110260009766 0.007961947891405164
1 0.8879201889038085 0.4001435739247332 0.0044269561767578125 0.0074744377682053964
1 0.171599543094635 0.3945555025898216 0.0037738323211669827 0.007213284442458906
1 0.8251688003540039 0.40470945240014683 0.005231094360351486 0.006866754067910666
1 0.536614990234375 0.3995844977459202 0.004790306091308594 0.006392875574351485
1 0.33319721221923826 0.39187258264029157 0.004778575897216816 0.007855764671046716
1 0.18312046527862547 0.3924329143639399 0.0047762393951416016 0.00909624296834248
1 0.9540386345208162 0.4008305507220697 0.005463689748194848 0.005709440440575286
1 0.38831286430358886 0.3929145054900589 0.004097366333007803 0.006289562170759456
1 0.671170425415039 0.39726667229814633 0.005089378356933555 0.0070999266801843024
1 0.20026419162750242 0.39509718050448805 0.0037746429443359375 0.006705147511250228
1 0.4387821674346923 0.3989748410465986 0.0046672821044921875 0.006552150404889178
1 0.7989302158355712 0.3995407330402319 0.0049944877624512295 0.00694746766446697
1 0.8728244781494141 0.4006685710294447 0.005324935913085899 0.008228482123588737
1 0.970178289027607 0.401964894928292 0.005781245910664159 0.005899926082775577
1 0.21971220970153807 0.3916652383789159 0.0049765586853027155 0.009783564083905943
1 0.24334728628771904 0.3967379551322692 0.004135276667725901 0.004478435280904234
1 0.22089371681213374 0.3946143338335337 0.003922176361083956 0.008318163897540136
1 0.22870321273803712 0.3949192518649684 0.004749870300292979 0.007942755991779573
1 0.48932199478149413 0.39816214481105106 0.0046983718872069926 0.007555510091857407
1 0.4116891199326943 0.3991544496887116 0.003519975041876058 0.0052199626898705035
1 0.7134061813354492 0.39610843218756403 0.0043541908264160345 0.0066057801057120965
1 0.8555526733398436 0.4041498381306901 0.0059190750122069926 0.009068620981965422
1 0.19418994188308714 0.3950089336389198 0.003907680511474609 0.006942624848673558
1 0.9012815475463867 0.40431270023218585 0.006100082397460784 0.009237940171185689
1 0.3227264750952818 0.39336925156935 0.003992626856823444 0.006508446092033869
1 0.47686512178016327 0.39982831853818235 0.004004329558861887 0.005398711330549712
1 0.8869045257568359 0.4054678911624538 0.0059967041015625 0.00894683313293944
1 0.4912689208984375 0.39530613903779477 0.004652881622314492 0.007428161972846421
2 0.9059185539279813 0.3777790888655375 0.06842310016344257 0.026912272258556504
1 0.1877730131149292 0.39425632419191975 0.004041719436645512 0.007628690419401757
1 0.26485157012939453 0.3932904514864632 0.0038463592529296587 0.006383189942764753
2 0.6635078986458119 0.38400118971322955 0.00884844126235259 0.010976520867782504
1 0.6937243842332073 0.3971021984909054 0.004141823569611815 0.007435707684626832
2 0.7041793048580378 0.3961060974469279 0.0046616279647953745 0.007890676143271307
2 0.6328563969966684 0.3982979519311699 0.004350852767142343 0.0035069671747872174
1 0.45641377852916315 0.3946448611240999 0.005438565958927904 0.005552698026746435
1 0.44475970861717473 0.3946448611240999 0.003884689970662844 0.007306181614140089
1 0.4681455422405649 0.3947909847563827 0.005283178360101437 0.00701393434957448
1 0.47979961215255335 0.39610609744692793 0.004040077569489311 0.00555269802674648
1 0.403348913529909 0.39508323202094825 0.00404007756948936 0.004675956233049654
1 0.4130606384565661 0.3944987374918171 0.0035739147730097644 0.004675956233049699
1 0.36318121923325547 0.39099177031702986 0.00481701556362189 0.004091461703918435
1 0.372426781363433 0.39069952305246425 0.0031077519765302657 0.005844945291312089
1 0.3784092039182537 0.3940603665949687 0.004506240365968858 0.00555269802674648
1 0.38221620008950324 0.39099177031702986 0.003418527174183297 0.005260450762180871
1 0.31501106359703646 0.39259913027214066 0.004506240365968858 0.0037992144393528718
1 0.3176526527770872 0.390115028523333 0.0032631395753567813 0.005844945291312044
1 0.32643205211078513 0.3896766576264846 0.004040077569489311 0.004968203497615217
1 0.30933941623986877 0.3895305339942018 0.004661627964795422 0.009351912466099352
1 0.30048232310675754 0.39376811933040307 0.003418527174183297 0.0061371925558776986
1 0.2978407339267068 0.3898227812587674 0.003418527174183297 0.00701393434957448
1 0.26847247774849586 0.38879991583278783 0.0037293023718362804 0.0061371925558776986
1 0.26940480334145495 0.3963983447114935 0.004350852767142391 0.00555269802674648
1 0.272745636716225 0.3927452539044235 0.004195465168315875 0.006429439820443262
1 0.2561191636417881 0.3952293556532311 0.0032631395753567813 0.0061371925558776986
1 0.15583102389334133 0.39343140608963395 0.003745037824882042 0.005232335835463179
1 0.1658356249398119 0.394940733734479 0.0032100324213274545 0.005031092149483831
1 0.13196978289480724 0.39333078424664425 0.005243052954834845 0.004628604777525135
