1 0.2212808847427368 0.44971643002120415 0.019120597839355484 0.028617095340795526
1 0.6408766746520995 0.45335535768105606 0.0187835693359375 0.030000705749317683
1 0.13256402015686033 0.44766998162140714 0.018553686141967767 0.027133938163187314
1 0.3106234788894653 0.44929779550039894 0.01898932456970215 0.027618757833168448
2 0.3740176395870636 0.37104377576685366 0.025890770812310896 0.017165379242038165
1 0.4421549797058105 0.4505515467002395 0.017654228210449294 0.027561361497839554
1 0.5407361030578612 0.4508838176727294 0.019102859497070388 0.028756102090420194
1 0.8657320022583007 0.45667385236257974 0.02068328857421875 0.028368856190497983
1 0.9710496902465818 0.45789271735235315 0.019783401489257852 0.0286766440386992
1 0.1537335991859436 0.40427987670291965 0.009224557876586905 0.011618453178951558
1 0.754896879196167 0.4546311705972886 0.02195386886596678 0.030178096298193534
1 0.5479938983917236 0.3901320387714428 0.0051934242248535345 0.007089523594405976
1 0.7864168167114257 0.4127509480250469 0.010921478271484375 0.01317712241022691
1 0.4689146041870117 0.4089442257661319 0.010030651092529335 0.012353843725353026
1 0.3225220680236816 0.40589432799759273 0.010217857360839815 0.013110399170407032
1 0.3573707580566406 0.40703794997902093 0.010258483886718779 0.012382003802373847
1 0.740488052368164 0.4139003993217819 0.010896110534668007 0.012564775257686688
1 0.9695555686950683 0.4152402450246158 0.01011905670166031 0.01148931142446159
1 0.18612540960311888 0.40407540225831046 0.009342813491821304 0.011678719331046961
1 0.6576522827148437 0.41045061052319354 0.011548042297363281 0.013651180267333966
1 0.8814054489135742 0.41514141570972146 0.010041046142578202 0.011459895802605457
1 0.8312860488891601 0.414361722366988 0.01073760986328127 0.0112690529876369
1 0.42676219940185545 0.4072983858505758 0.010918617248535156 0.01379951392144957
1 0.7003255844116211 0.4117449875666341 0.011227989196777382 0.014609160976682824
1 0.24865293502807617 0.4045343935773937 0.009537124633789053 0.012394917977822793
1 0.5070025444030761 0.40828147745663107 0.010442733764648438 0.013154163876095342
1 0.3921913146972656 0.40666128652842504 0.010947990417480498 0.014576875538060275
1 0.973304271697998 0.39565051704976817 0.0055849075317383964 0.006496547705039311
1 0.6109788417816162 0.410047490949282 0.01098070144653326 0.014270163871146583
1 0.28749096393585205 0.40545183812491653 0.009770298004150382 0.011998524536957612
1 0.9924654006958006 0.3878955546926428 0.006184768676757928 0.007452196688265423
1 0.5396553039550781 0.40926797697009637 0.010156631469726562 0.013592887114265557
1 0.5955529689788818 0.3904190204480873 0.005800437927246113 0.0078021349702237525
1 0.1883991003036499 0.38703362316319595 0.0046885013580322266 0.006819760818360142
1 0.5761590957641601 0.41049715536387427 0.010675525665283165 0.013960223660370495
1 0.5828015804290771 0.39069380540347437 0.005576419830322247 0.007736308548143481
1 0.6041207313537598 0.3859301786164979 0.00444450378417963 0.006419242015893232
1 0.15784835815429688 0.38652234736989904 0.004892992973327641 0.006876798426593241
1 0.8915779113769531 0.3874387157361344 0.0059261322021484375 0.008064543840805554
1 0.5227212905883789 0.39025633771013946 0.004822921752929706 0.006413681745908228
1 0.9304000854492187 0.41547987472461395 0.009961318969726485 0.011130763692203916
1 0.21829631328582763 0.4051230647416107 0.009481954574584965 0.01125344835896941
1 0.12260868549346923 0.40335561634057654 0.010270071029663106 0.012571232345411297
1 0.8980319976806641 0.3934996790650918 0.006079101562500039 0.00780482542344234
1 0.17601408958435058 0.3871028574926864 0.004530382156372066 0.0067144744157412095
1 0.9302809715270995 0.38832620657115746 0.00579433441162117 0.0073861909026371846
1 0.4547420978546142 0.39046879383263033 0.005323791503906289 0.006538877502344389
1 0.5364478111267089 0.39040153250216675 0.005188465118408203 0.007371841818804961
1 0.16744413375854492 0.38656844380171 0.004576897621154795 0.0064811224399196525
1 0.4173720359802246 0.39032790376575266 0.00533294677734375 0.007513897748744012
1 0.6244874477386474 0.39192208697951275 0.0056288719177245905 0.007715143649490897
1 0.6092530250549316 0.3912464244945629 0.005478191375732403 0.007790476339610116
2 0.5574504890682532 0.37262266994003734 0.026001937914338514 0.012978947755977547
1 0.5708950996398925 0.3908387311501798 0.004919815063476639 0.0071139170369207295
1 0.6529131779509222 0.39187716613660306 0.00583179184544786 0.006671587076112431
1 0.8547523498535156 0.39308848813152464 0.005795669555664081 0.00789952937673498
1 0.46525354385375967 0.3906695913245075 0.005097389221191406 0.007059749245454093
1 0.5599884986877441 0.3909946877550813 0.005028915405273456 0.007406638347098086
1 0.9702370643615722 0.3881292653955602 0.00597743988037117 0.007786530341556219
1 0.9235474586486816 0.3937619982538996 0.005698966979980545 0.007422960429957258
1 0.3951213359832763 0.38935691919918086 0.005547046661376953 0.006742096402118267
1 0.24351277351379394 0.38717433386652567 0.004674434661865234 0.006732231406983568
1 0.7631722813120104 0.3930131132803939 0.005462475293728875 0.0069052425663932585
1 0.34540960788726804 0.38940471958469697 0.004804277420043935 0.006162034688200594
1 0.9885530471801758 0.3955470242826283 0.005304718017578164 0.005764026975404305
1 0.8396389007568359 0.3916428179354281 0.005715560913085861 0.008249288295145435
1 0.1487020492553711 0.38593824997615356 0.004323983192443838 0.006617259372777903
1 0.4271658897399902 0.38932822103151643 0.005136775970459013 0.0067786865658904195
1 0.5902539730072021 0.38560678613962923 0.00445156097412117 0.007835675953681566
1 0.9553741455078123 0.39506399824812605 0.006329727172851678 0.007033920894556109
1 0.8242431640625 0.3918002991304867 0.006047821044921933 0.007822044324040982
1 0.2523512601852417 0.3852771159385839 0.004966259002685547 0.007234808068207242
1 0.5794950485229492 0.3858773560516406 0.004608821868896503 0.007000918001741967
1 0.6158788681030273 0.386382264438987 0.004931640625000019 0.007305836033176722
1 0.7436989784240722 0.3879917832360926 0.00457000732421875 0.006822451271578684
1 0.504911708831787 0.3858665942387664 0.004920578002929649 0.005974420417094251
1 0.7916763548545969 0.3877681790964955 0.005334902702358146 0.006994385855070249
1 0.509726619720459 0.39043991630141794 0.004581260681152325 0.006398077117240693
1 0.6390879409066453 0.39222394564911395 0.005568650673154058 0.006374600855503771
1 0.9125120162963867 0.3881439732064882 0.005957603454589844 0.0075260944700013665
1 0.8840803146362303 0.3926203492714983 0.005852127075195351 0.007907780099938528
1 0.8474149703979492 0.38803743125903395 0.006100845336914081 0.00809180710008677
1 0.4235687255859375 0.3839798690783769 0.004873847961425791 0.007187814818656673
2 0.25254576206207274 0.3711342105046743 0.015307140350341817 0.011722125309639383
1 0.479122257232666 0.3908572952773878 0.0052019119262694926 0.0066725033455319275
1 0.026160088181495664 0.4020173849096738 0.008681613206863403 0.012941618071830528
2 0.7207902340178136 0.3682112209098532 0.062093788403436344 0.026451241527137948
1 0.9390443801879881 0.3943090570750032 0.0061588287353515625 0.007642322049042388
1 0.9489398956298828 0.38900204841965513 0.005321502685546875 0.007868320119399912
1 0.8098406393991839 0.3874002964272055 0.005083364657864274 0.005642209622360981
1 0.2604059219360351 0.38636648044677147 0.0046024322509765625 0.006729361590217151
1 0.667303770133431 0.38747453322599346 0.004779209000716078 0.005790683219936852
1 0.4934843063354491 0.3861194968413093 0.005039024353027325 0.00647610026057841
1 0.7763600704698161 0.38636909597022473 0.005157160287776917 0.006325643747905234
1 0.03884086906909942 0.3860533116921332 0.004084891080856321 0.0074356952418583745
1 0.7244987487792969 0.39257784011064534 0.005872917175292988 0.007621157150389849
1 0.7606300622808779 0.3869487915164513 0.005016857502429756 0.0066520705238977875
1 0.27541494369506836 0.3802627389116393 0.004558944702148428 0.006924867857431199
1 0.7368881702423095 0.39260187482606435 0.005687332153320274 0.007836214044325284
1 0.00723526645451784 0.38456064824648617 0.0041649010032415385 0.007485199581079519
1 0.1971812009811401 0.38748732325761603 0.00451593399047852 0.006964148474421894
1 0.48160400390624997 0.3843827196069665 0.00454273223876957 0.006488296981835809
1 0.04477900564670562 0.38621357302218434 0.0036638915538787804 0.00748735194365439
1 0.728790807723999 0.388059492975426 0.00479469299316412 0.006938499487071785
1 0.13498363494873045 0.3855244582711418 0.0037979125976562405 0.007617569879431792
1 0.4351421599960802 0.38501529189014677 0.004236079330539432 0.0058249267763958125
1 0.4445219039916992 0.39101235506454973 0.0046329498291015625 0.006513407878542201
1 0.4000869870185852 0.3839207687893429 0.004491782188415537 0.007011500451068214
1 0.7494031906127929 0.3927155016336607 0.00525665283203125 0.007826707776286426
1 0.3071134328842163 0.3865580407159317 0.005041599273681641 0.008582187040053044
1 0.20672457218170165 0.3874108247044355 0.004322910308837881 0.0069110568642426476
1 0.0510003924369812 0.38634997900036444 0.00421656370162964 0.0077951397918555616
1 0.8267003059387207 0.3876317109136778 0.005770301818847714 0.007820968142753546
1 0.7137601001156251 0.3877989371359035 0.0052725043083988385 0.0049536731713111974
1 0.8714983437135225 0.3889152884174552 0.004482528779705147 0.005205285243153753
1 0.279224157333374 0.387620231646612 0.005091571807861318 0.007239112793356891
1 0.4579094886779785 0.3843630792984712 0.0051054000854492574 0.006989976825319924
1 0.28809275627136227 0.3877110792836248 0.004610633850097666 0.007035355802939295
1 0.6822666002584421 0.39266364794620245 0.005737910017783578 0.0057681875812348885
1 0.3613926172256469 0.38498340812889303 0.005175781250000019 0.007532551557725885
1 0.35461726188659665 0.3890435710809947 0.00513005256652832 0.00666497007652002
1 0.2976573743699406 0.3876582268272044 0.0040195378697469065 0.005233199902391474
1 0.5540560722351073 0.3868229606761841 0.004083156585693359 0.005510765645765565
1 0.058467853069305416 0.386417240330828 0.004299831390380855 0.007544389551887442
1 0.234497594833374 0.3871807909542502 0.0042439460754394144 0.006693847607732388
1 0.4351958823305186 0.3906793638969443 0.00439197065468958 0.004771255219610104
1 0.68120195951658 0.3871450946699783 0.004554787249773384 0.006122351353536959
1 0.016419148445129393 0.3852165807411666 0.0034911990165710457 0.007626896783922729
1 0.6989651679992676 0.3875940445686182 0.006364631652832012 0.007561608452486129
1 0.14070355892181396 0.3856449008935586 0.004088783264160171 0.0069453153018921
1 0.31635336875915526 0.38879201370506106 0.004995155334472637 0.007101540952115455
1 0.49586335324947384 0.3908142129108441 0.005025174146804208 0.004545680624594529
1 0.8702712535380993 0.39331530064926107 0.005356693172390324 0.006080947741721778
1 0.3839405059814453 0.38966443800206024 0.004843997955322294 0.006699049150621596
1 0.6682171970360129 0.3925751398705383 0.005244056880328863 0.006790644140473927
1 0.6541636609451127 0.3859122242449625 0.003594161850093657 0.0056377009947663394
1 0.03265202045440674 0.38655014871982396 0.0040641903877258285 0.007664921856078113
1 0.5159050464630126 0.3857083059077422 0.00422229766845707 0.006317363520684434
1 0.5669826507568358 0.3863347330987927 0.004391574859619179 0.006015853396659815
1 0.12822699546813965 0.3862660368599459 0.0041458129882812455 0.007805004786990216
1 0.4122809370410391 0.3691091612713819 0.008777626345167823 0.03948853001328929
1 0.6394095132575707 0.3861776050808486 0.004135497992222731 0.006663735289353717
1 0.7776197551374117 0.3924383353505441 0.005271150882854614 0.007064253180462337
1 0.3368272542953491 0.3893231091704012 0.004107666015625019 0.006208489847107401
1 0.21642379760742186 0.38741988256360466 0.004572486877441392 0.007115890035947679
1 0.4461618423461914 0.38509461352859276 0.004364967346191406 0.007507081933923652
1 0.6278349876403808 0.38673300985691084 0.005197906494140664 0.006854557346653312
1 0.4677783966064452 0.3853084148776929 0.0048876762390137295 0.007659899676736871
1 0.2657619953155517 0.37977217960812515 0.00413374900817874 0.006150376057586913
1 0.328238821872792 0.3878815991925896 0.004212822537556474 0.00528172779443646
1 0.3191012720793266 0.38513787199394783 0.004318845307380329 0.004584269115552129
1 0.33909931182861325 0.38500107543836143 0.004241085052490244 0.006552150404889178
1 0.36335539817810053 0.389616906661866 0.00445556640625 0.006609008649574356
1 0.3507489681243896 0.3845862972338362 0.004151201248168907 0.006836620991862987
1 0.26917090415954587 0.386896948139694 0.004288578033447256 0.007096518772774167
1 0.22450294494628906 0.3873041930752073 0.004218101501464844 0.007113558309824933
1 0.011609308421611786 0.3853021371535163 0.003729185461997985 0.007103693314690279
1 0.28560791015625 0.3810970484547091 0.005190372467041016 0.007534524556752789
1 0.7130411634312263 0.3928329920689504 0.005393697712062199 0.005116330581100527
1 0.022073227167129516 0.3841488295405013 0.004110369086265562 0.007697027931152696
1 0.526870584487915 0.38625940040867357 0.004301261901855488 0.005881689462828513
1 0.3297560956241906 0.38415080423282694 0.003812741666774634 0.006077041953017007
1 0.2039041519165039 0.38053348818719857 0.004208612442016606 0.006090289269039475
1 0.1173871040344238 0.3825727620450794 0.004625892639160142 0.007176694278686708
2 0.058326289095519915 0.4304451510333863 0.11411665257819104 0.1291732909379968
2 0.4983102616238711 0.3725016443617397 0.0075568122905401705 0.010576799130058306
1 0.40587111593028746 0.390349992893713 0.0047449751591763425 0.0046273496194005285
1 0.3727428813697685 0.38457919161602505 0.004740047874483508 0.0039621809825218695
1 0.3836713250803833 0.38396010083750604 0.005530055853564141 0.00569563516237513
1 0.17662340056301232 0.380121738010688 0.0035550359058626312 0.005447998850967502
1 0.223958045309591 0.3798741016992804 0.004476711881456679 0.005447998850967502
1 0.23422814903763864 0.380121738010688 0.0039500398954029235 0.005447998850967502
1 0.24482742275696986 0.37925501092076136 0.004081707891916362 0.005200362539559874
1 0.2553608624780444 0.3795026472321689 0.0038183718988895328 0.004705089916744663
1 0.2948612614320738 0.3835886463703946 0.004081707891916362 0.0049527262281522915
1 0.7921712842633044 0.39237973542536486 0.004608379877970117 0.004705089916744663
1 0.8089589538187669 0.3925035535810687 0.005266719860537263 0.005447998850967502
1 0.06539951035616375 0.38636447665175433 0.0040828856020819725 0.0071101302291452975
1 0.07280919163401621 0.38579566623342276 0.0031755776905081886 0.005403698974150385
1 0.08067252686765554 0.3865066792563373 0.0025707057494590234 0.0056881041833162106
1 0.08883829807181949 0.3818139933051014 0.004385321572606555 0.00426607813748717
1 0.08702368224867195 0.3865066792563373 0.0031755776905082007 0.0034128625099897354
1 0.09367727360021293 0.3855112610242569 0.0031755776905082007 0.00540369897415043
1 0.09730650524650801 0.38238280372343303 0.0031755776905082007 0.004834888555818777
1 0.09942355704018013 0.385369058419674 0.003780449631557378 0.007394535438311124
1 0.027141360084803064 0.385369058419674 0.004082885602081969 0.006825725019979471
1 0.0023416105017866596 0.3843736401875937 0.002570705749459018 0.005972509392482037
