3 0.24505093097686761 0.3374294681276161 0.027089691162109384 0.03453035278805486
1 0.09513856172561645 0.423600918083009 0.01719300746917724 0.025570067389022753
1 0.773037052154541 0.4236115005323352 0.019003868103027344 0.027802426106220895
1 0.18844554424285886 0.42498712926297577 0.01708197593688965 0.025301739521360153
1 0.005634817108511925 0.42307663843248905 0.01126963421702385 0.022976470486348308
1 0.8621681213378906 0.42473072907124865 0.01911563873291008 0.02784906062867562
1 0.2937583446502685 0.42508802125867107 0.01952962875366209 0.02605937114770164
1 0.5773063659667969 0.4259268148904385 0.0181732177734375 0.02745643382231651
1 0.39536266326904296 0.4265774561604558 0.01708698272705078 0.02300803847077922
1 0.025420677661895746 0.38457167910468215 0.008405447006225582 0.009200094462578136
1 0.3191118955612182 0.3820694679296642 0.010449504852294884 0.013837897720700796
1 0.6778959274291991 0.4262550501831005 0.01979389190673832 0.027489974805774278
1 0.6263631343841553 0.3819623878915662 0.011880874633789062 0.015783274761254552
1 0.49038271903991687 0.4245709161500673 0.01706285476684572 0.025650601622031092
1 0.9829669952392576 0.35988452878021093 0.0067724227905273824 0.007514077112291843
1 0.061655324697494504 0.3850244823813628 0.00823045969009399 0.010080231392137196
2 0.7279551982879638 0.3376811151853237 0.02349233627319336 0.018243066457193494
1 0.7039864540100097 0.3834354110287179 0.009639739990234375 0.009858538046929322
1 0.09132624864578247 0.384239766859288 0.007835304737091061 0.008135033715131362
1 0.4058768272399902 0.38107292405751625 0.010788917541503906 0.014046497526911759
1 0.9603793144226074 0.3804950147061734 0.010704994201660156 0.012371959443691226
1 0.5896161079406738 0.3822642567426866 0.011265373229980526 0.014712833107370649
1 0.5076236248016357 0.3570936319748434 0.0039574623107910345 0.006386418486627012
1 0.9214675903320312 0.38081239850418747 0.011257934570312577 0.01242540978096627
1 0.35896677970886226 0.38066415453184577 0.010591316223144511 0.012645130127147195
2 0.1222240686416626 0.34566368988473767 0.022705745697021478 0.013418904472799843
1 0.3004329681396484 0.36281766087906536 0.004572772979736318 0.0067806595649173235
1 0.6669454097747802 0.38276503976843124 0.009992408752441386 0.011258291174762732
1 0.9324542999267578 0.35936231181049194 0.0063888549804686735 0.008248391477405921
1 0.27715229988098145 0.3822387871188844 0.00852336883544921 0.009780694267139525
1 0.7112794876098633 0.3606389318626901 0.005747032165527363 0.00720951780795293
1 0.8886740684509277 0.3817896607949358 0.009684371948242265 0.011314431965256362
1 0.15728909969329832 0.38415367235629466 0.008250951766967773 0.008673841813031347
1 0.7693753242492675 0.35543129061288026 0.005167961120605469 0.00797701442942898
1 0.2107159614562988 0.3584553600305214 0.004948997497558608 0.006704788784154476
1 0.5567422866821289 0.3817780021643221 0.011643409729003906 0.015241238119492262
1 0.8919643402099607 0.36060305915310953 0.006672668457031135 0.008531247792448668
1 0.9750470161437986 0.35258263874508805 0.0064220428466796875 0.008167857244397538
1 0.41649436950683594 0.358249450677529 0.005312538146972666 0.00780267306086747
1 0.7438981056213378 0.3827258488332144 0.009342956542968827 0.00977710699618147
1 0.20065231323242186 0.3844344659905365 0.008405637741088863 0.009983195712721766
1 0.23903687000274657 0.38289436088646917 0.00852518081665037 0.009551826380015584
1 0.4219942092895508 0.3633092963638669 0.005480194091796865 0.008066337476284583
1 0.520712375640869 0.38122807352645216 0.010756492614746094 0.014706734746741973
1 0.9298230171203613 0.3537522684409622 0.0063037872314453125 0.008955442583238783
1 0.9515275001525877 0.3530269222532433 0.006132507324218789 0.00780267306086747
1 0.48608975410461425 0.3809705074716637 0.011201858520507812 0.0156388871051928
1 0.013199719786643981 0.3636011208563048 0.0048317998647689825 0.007554433910570017
1 0.7884904384613035 0.3830843965654721 0.009055900573730449 0.010067137853140284
1 0.02413930296897888 0.3635996859479216 0.005234181880950928 0.007455245868579761
1 0.912283706665039 0.359699963689419 0.0067817687988280485 0.007570576629881269
1 0.3828780889511108 0.3635604053309308 0.00557556152343749 0.007413812889014242
1 0.036919033527374266 0.3636588759187295 0.0051219344139099105 0.007516229474866712
1 0.8483709335327146 0.3830139066911464 0.00986785888671877 0.01100144257416598
1 0.35767867565155026 0.356830415968296 0.005335140228271513 0.007196782996051813
1 0.7824851036071777 0.3599474853855248 0.0059507369995117 0.007504212117157234
1 0.2883172035217285 0.36243077370623905 0.004941987991333037 0.006200239123903899
1 0.6958377838134765 0.3607129193262 0.0058078765869140625 0.00754151973512098
1 0.8710636138916014 0.35979780650479987 0.00670623779296875 0.008111716453904
1 0.7639795303344726 0.35995304565550984 0.005926704406738339 0.007045041434526073
1 0.6475297451019286 0.3560788827025833 0.005437660217285233 0.008607477300307313
1 0.12530047893524168 0.3836937842194719 0.008008241653442383 0.007559456089911305
1 0.4496754646301269 0.37999494913462045 0.011026954650878868 0.014449168691953538
1 0.7971241474151611 0.35985242270513634 0.006453800201415997 0.007688956571497115
1 0.961208152770996 0.3600239839387053 0.0064220428466796875 0.007472285405630527
1 0.88293399810791 0.3540269637145753 0.006003189086913947 0.008173596877930464
1 0.37650454044342035 0.3584049588735608 0.005554676055908203 0.007147278656830668
1 0.445194911956787 0.36311307264246123 0.005295562744140606 0.007446098327636701
1 0.8607632637023925 0.35410588367565254 0.0061250686645507426 0.008887822525679438
1 0.4353648662567139 0.3575474217510375 0.005183410644531269 0.00761470006266533
1 0.4515888214111327 0.35842504759092586 0.005599308013915997 0.007172748280632856
1 0.0038924156688153744 0.36440987109379847 0.004703904874622821 0.007279648955182941
1 0.10191452503204344 0.3640895277972441 0.00470502376556396 0.006609008649574356
1 0.9954723358154295 0.4260851032214626 0.0083614349365234 0.026060447328988982
1 0.14638833999633788 0.36456950465143195 0.004656505584716792 0.006993384732730059
1 0.4092695713043213 0.3631978219188453 0.00561370849609374 0.007464931500166494
1 0.4902976036071776 0.3629351440029417 0.0045316696166992 0.006655105081385365
1 0.4738613605499267 0.3626368624227793 0.005459308624267578 0.007694516841482074
1 0.9050321578979492 0.353593890428164 0.005960845947265664 0.00804194403376983
1 0.7477341651916504 0.3554850996772511 0.005944061279296856 0.008326235257195762
1 0.2762284755706787 0.3627515654116632 0.005084228515625019 0.006206516848080497
1 0.5039519309997558 0.3621273802649615 0.0048891067504882426 0.0072513095146142905
1 0.07806459665298461 0.3637209357063038 0.0048209428787231445 0.007587795530479956
1 0.8353654861450195 0.3536729897527891 0.005855560302734375 0.008137724168349904
1 0.31365292578531523 0.3622912472169316 0.005232341943172782 0.008546617461389282
1 0.3986483741428723 0.3573323487961205 0.005402741092919218 0.005835351747113435
1 0.5752703666687011 0.3622034304092722 0.005054664611816425 0.007888946927408734
1 0.6881459236145019 0.35682682869733795 0.005056571960449238 0.008009479231599404
1 0.15881085395812988 0.36468905045610917 0.004591894149780269 0.006652414628166869
1 0.45917515754699706 0.36280770620215674 0.004710197448730469 0.006587485023826065
1 0.8496937751770018 0.35978713437369975 0.006671905517578125 0.008170547697616125
1 0.7058074474334717 0.3559440909963344 0.005034160614013691 0.008184717417900429
1 0.6671554565429687 0.35627089138061324 0.005659484863281289 0.008255027928678316
1 0.36984395980834955 0.36371447861857936 0.005156517028808594 0.006725056865067456
1 0.15274446010589598 0.3588426059304436 0.004393053054809566 0.006250819644412479
1 0.09110599756240845 0.3631562095757319 0.005302453041076662 0.008720835062581915
1 0.3115265607833862 0.356990946343669 0.005495262145996065 0.008169650879876566
1 0.6102331161499023 0.35656307460014697 0.005141448974609394 0.007845720312364142
1 0.19879791736602778 0.3577499231966197 0.0044694423675537154 0.006908007683928355
1 0.790629243850708 0.35495669466512947 0.005157852172851505 0.00881284856265606
1 0.28045907020568844 0.357612889446022 0.004887485504150381 0.006590534204140359
1 0.35575180053710936 0.36367250754837005 0.005226421356201153 0.006993384732730059
1 0.8136348724365234 0.3565962568565089 0.006070327758789081 0.009875039493336416
1 0.6303062438964844 0.35621672358914663 0.005145835876464825 0.00850685434993387
1 0.5167469501495361 0.3624611758276085 0.0048468589782714655 0.006267321090819527
1 0.8318436622619628 0.358891572179021 0.006123161315918026 0.008199066501732652
1 0.5659285545349121 0.3563297226243254 0.0057585716247558405 0.009399008637202364
1 0.2965464115142822 0.35781521152805634 0.004584693908691445 0.006412246837524996
1 0.05293401479721068 0.36345386338347657 0.004997897148132323 0.007634071325838886
1 0.26478943824768064 0.3627356917376738 0.004921913146972656 0.006586946933182348
1 0.5435182571411132 0.3632284034037627 0.005057525634765644 0.006509461880488303
1 0.5920283317565918 0.35642209485149534 0.006013107299804706 0.008960644126127947
1 0.1132500886917114 0.3639790398517359 0.004303526878356929 0.007374173544927706
1 0.4688453674316406 0.3580878441208686 0.005069923400878925 0.007196782996051813
1 0.34235508441925044 0.35678153940149254 0.005211448669433555 0.007654160043203945
1 0.26692528724670406 0.35772337739153015 0.004743957519531289 0.006199880396808057
1 0.7264751434326171 0.3590895895359057 0.00651226043701168 0.008222742490055812
1 0.12328004837036133 0.3645291478531538 0.004885339736938491 0.006765234299797665
1 0.14050222635269163 0.3588704072803685 0.004133272171020512 0.006341936326747109
1 0.1294097065925598 0.35879677854395436 0.0032395601272582814 0.005749857255119958
1 0.1714930272759236 0.36650062665047245 0.0053656578063964655 0.0077728987119155876
1 0.22424040669581669 0.3597319000308165 0.004796917550139033 0.005464291227116996
1 0.5455492973327636 0.35567621153754153 0.0057888031005859375 0.008819485013928454
1 0.2537380713893457 0.3631047963014407 0.0043822302429085925 0.005885486694493298
1 0.16369688510894775 0.3588213513500171 0.004388475418090835 0.0060352246598332805
1 0.21254358291625974 0.3649057233661938 0.0051975250244140625 0.007697924748892255
1 0.32732941385638065 0.36306121095930033 0.005643971426810784 0.008557738873468194
1 0.06585508584976196 0.3630063513314591 0.00493278503417969 0.006922715494856375
1 0.6075182437896728 0.3619960861478966 0.005580711364746075 0.007065309515439098
1 0.39662864401467807 0.3638771601213989 0.004768950897445559 0.00640882425033226
1 0.3429874665540088 0.3636977995528424 0.005402278900146503 0.00781953323437036
1 0.32584936618804927 0.3574821334196009 0.005272769927978554 0.008255386655774112
1 0.4866861343383789 0.3568538229112973 0.0053075790405273824 0.008958850490648918
1 0.5896986948618743 0.362057558280376 0.0051341512805878975 0.005911897540867551
1 0.5250845909118652 0.3561801334253744 0.00523815155029293 0.007923564092153983
1 0.5281929969787597 0.3628325480535413 0.004494667053222656 0.005458750216873754
3 0.5018409374436997 0.3332244314185082 0.04983950252061757 0.04390681614636299
1 0.5592293739318848 0.36294160109066614 0.005644416809082089 0.007096339409226292
1 0.1857433795928955 0.3577601469188502 0.004115867614746075 0.006169926684308344
2 0.06622222661972045 0.34585668506228107 0.00876884460449218 0.013458723180434257
1 0.1340553522109985 0.3647215152582796 0.004341888427734356 0.006654208263645852
1 0.09807976484298705 0.35915039377864477 0.004266905784606938 0.006762364483031247
1 0.22552647830237152 0.3633893121653561 0.004726410994511906 0.006867503863479143
1 0.7430489540100097 0.35942446127984023 0.006008148193359375 0.00786222175877119
1 0.11752221584320068 0.3586413600296966 0.0051686763763427734 0.005901598816645742
1 0.1862783670425415 0.3629877872042511 0.004956960678100586 0.007639810959371766
1 0.17421602787456444 0.3593263277624827 0.005360493165371216 0.005687179288327043
1 0.1977197286765767 0.36281618778031977 0.005360493165371216 0.006462703736735297
1 0.2394353613865809 0.35855080331407446 0.004673250451862062 0.0056871792883270884
1 0.23888556721577361 0.3634624581539933 0.005223044622669395 0.0056871792883270884
1 0.2522868001292016 0.357904532940401 0.003986007738352981 0.00542867113885764
