1 0.39823247437559534 0.4057615894150115 0.017671394348144562 0.02613470383782086
1 0.18828389644622798 0.42292265482661456 0.01733632087707519 0.025944219749948007
1 0.8624398231506347 0.42288400198204146 0.019924163818359375 0.029748879328062083
1 0.09494450092315673 0.4220748930174519 0.017763829231262206 0.025808979634829227
1 0.7732157707214354 0.42283198655314974 0.018607616424560547 0.02586583787951445
1 0.5775177955627441 0.4241678862579297 0.01798515319824217 0.028207608360933386
1 0.67770676612854 0.4244884089180321 0.018993854522705078 0.02905043767252861
1 0.005472005158662796 0.420904904594482 0.010944010317325592 0.02643980123280349
1 0.29318718910217284 0.4228000598416229 0.01897153854370118 0.026168424184826504
1 0.09047918915748596 0.3836248189353033 0.008227622509002682 0.008138800349637295
2 0.12216832637786865 0.34598717204338036 0.0222780704498291 0.01403358335146272
1 0.5890276908874511 0.38191395973363246 0.010222625732421895 0.012953814793087928
2 0.7283934593200683 0.33808513157697473 0.023063087463378946 0.017457812844475038
1 0.23943476676940917 0.38154303591656946 0.01004629135131834 0.012948971977294516
1 0.49015407562255847 0.4232747454711477 0.017381858825683612 0.027043718298592062
1 0.9222469329833984 0.3802186154788552 0.011770629882812538 0.013020717396455635
1 0.40618896484374994 0.3802313502907563 0.010433006286621074 0.014768077080124675
1 0.8916103363037109 0.36069435519899207 0.007087326049804841 0.008758680771189424
1 0.6662201881408691 0.3835083223109404 0.009080696105957011 0.010108570832705848
1 0.31850209236145016 0.3800277726638866 0.010761833190917978 0.012443884226400265
1 0.5564180850982665 0.38113283148251575 0.009899806976318282 0.013027891938371746
1 0.9604590415954589 0.37933910632171386 0.012759971618652421 0.01410891604158194
3 0.24779525445452108 0.3365367757497038 0.029995441436767578 0.03383980312862914
1 0.060002028942108154 0.38330348913923545 0.007967305183410652 0.007367895820751108
1 0.9511744499206543 0.352481208658749 0.006134414672851409 0.00868585917074087
1 0.45026578903198244 0.38091562222600545 0.011184501647949199 0.015176667242247302
1 0.8472359657287597 0.38097768201357984 0.009929656982421875 0.011594239099984725
1 0.9608939170837402 0.3598933175940581 0.006353187561035233 0.0071723895535370594
1 0.9750189781188965 0.3523052530182564 0.0064634323120117574 0.008575191861684853
1 0.024346549808979028 0.38424738981007395 0.008007213473320004 0.008687832169767774
1 0.8877167701721191 0.3805896289776921 0.010888671874999962 0.012540023088076183
1 0.4734981060028076 0.362449248151673 0.005372619628906308 0.006956077114766268
1 0.9297382354736328 0.3531579473249863 0.006295394897460861 0.008347579519396176
1 0.36012406349182124 0.38057465212144226 0.011412668228149394 0.013776196660222253
1 0.8708766937255857 0.3605903243412084 0.006743240356445197 0.00866110700113023
1 0.9825832366943359 0.35986677178896853 0.0065567016601561735 0.007640169686467518
1 0.2001643657684326 0.38221609763007475 0.010493898391723624 0.013561139766286772
1 0.5077698707580566 0.3567434246475632 0.004814910888671856 0.007445380873445108
1 0.6258911609649658 0.38384462896325816 0.0097660064697266 0.010574198603061528
1 0.15628364086151122 0.3834548719736654 0.008592557907104488 0.008916879420439682
1 0.7870163917541503 0.38125946214733514 0.010138130187988243 0.011157130133745618
1 0.4863252639770508 0.38161101470122466 0.010843467712402364 0.014502260302132784
1 0.14635932445526123 0.3644026068701084 0.004728698730468764 0.006796264193584903
1 0.12419247627258301 0.38421169646404124 0.00829389095306398 0.00966930950389187
1 0.7025106906890869 0.38310331941977593 0.009850597381591759 0.009633616157859232
1 0.3860906029232638 0.34613818659358137 0.005415487289428692 0.007717834102709483
1 0.004118206351995468 0.3640093522913315 0.0048254489898681635 0.00698908000758041
1 0.27666296958923337 0.3823799462310839 0.010333824157714873 0.011475321067725162
1 0.7823526382446289 0.3596728797936856 0.005863189697265625 0.007442511056678645
1 0.01378934420645237 0.36393850368990993 0.005396889895200729 0.007709045288862219
1 0.5745768547058105 0.36226701478700374 0.005800819396972714 0.00812642426483202
1 0.91165075302124 0.3606728315732437 0.006569480895996055 0.007840698133022855
1 0.41657190322875975 0.358076006126707 0.005497741699218779 0.008051809028904483
1 0.3697141647338867 0.36259525007966587 0.005223846435546885 0.006653311445906337
1 0.882904052734375 0.35385405725439706 0.006125259399413947 0.00820301249978655
1 0.8608061790466308 0.35348169852895084 0.0060863494873046875 0.008806032747835745
1 0.6386548042297363 0.3608783821991403 0.005405235290527325 0.006927737674197662
1 0.7691674232482909 0.35421789621131783 0.005748367309570274 0.008021137862213087
1 0.21063344478607177 0.35805107459354846 0.004648685455322266 0.0067641581185102755
1 0.37650239467620844 0.35822039378276876 0.005441236495971661 0.007196782996051813
1 0.8496858596801757 0.36063606204592363 0.0063457489013671875 0.008550260328526337
1 0.796889591217041 0.3598156531778163 0.006676673889160156 0.007475155222396944
1 0.35540957450866695 0.3629347852758459 0.005265808105468711 0.007128624847848795
1 0.8138113021850585 0.35337156931053854 0.0058498382568359375 0.00876567594955757
1 0.6960369586944579 0.3597162857722781 0.005766201019287186 0.007334175473745374
1 0.2806605577468872 0.3577852578155566 0.004914188385009756 0.007067641241561844
1 0.40937166213989257 0.36245175924134365 0.005698394775390596 0.007590665347246373
1 0.30013279914855956 0.3637433561497917 0.004277801513671885 0.006333685603543562
1 0.22578539848327636 0.3629170282846035 0.005299377441406231 0.008360314331297294
1 0.7267182350158691 0.35747442078704106 0.006264686584472656 0.009518823487201442
1 0.7435125350952146 0.38265033677954735 0.009597969055175801 0.009851184141465335
1 0.9326365470886231 0.36058969656879075 0.005950546264648399 0.00747174731498681
1 0.9051853179931638 0.3536650977566814 0.006167984008789024 0.008741103143494897
1 0.4447911262512207 0.36332839858171856 0.005212306976318359 0.007387087720376699
1 0.16356695890426634 0.3587796493251297 0.0045279026031494 0.006153245874353375
1 0.4217971801757812 0.3637528624178305 0.005084037780761719 0.0076372998697011
1 0.07779450687895945 0.36550255456072017 0.0043011481191859964 0.004775732360264154
1 0.023838030106269403 0.3655217906383023 0.004289100182936753 0.004032002734746085
1 0.43520059585571286 0.35774687401630534 0.004943275451660146 0.007135081935573269
1 0.7638534069061279 0.35949746224383666 0.0056610107421875 0.007128804211396671
1 0.2671837091445923 0.35761109581054296 0.005265522003173809 0.006862449342761017
1 0.48687243461608887 0.3572030437390641 0.004352474212646427 0.008070462837886356
1 0.0372922658920288 0.3637284689753158 0.005184346437454226 0.007977014429429025
1 0.8356937408447265 0.3538403359429824 0.006267547607421875 0.008611243934813289
1 0.6100710868835448 0.35667903313386606 0.0049043655395507426 0.007397132079059228
1 0.28799881935119626 0.36353529443422444 0.005171298980712891 0.006746042400172074
1 0.34274010568575125 0.3582329632228285 0.0053011427649468715 0.005880585298127935
1 0.6559061050415038 0.36027850081317936 0.005775642395019455 0.007240906428835919
1 0.8132808978588095 0.36017762184090785 0.006661744667725092 0.007236445370319583
3 0.4939747361496478 0.3351980381172809 0.04700219810387983 0.037230941790655
1 0.4514440536499023 0.357308330141683 0.005637168884277344 0.008439054928826604
1 0.5660818099975585 0.3567426175115976 0.005277442932128887 0.007984727061988809
1 0.21273746490478515 0.36399572066169095 0.005187702178955074 0.007670302762515242
1 0.4897790431976318 0.3629697611676869 0.0051020622253418356 0.008168933425685018
1 0.5595690250396728 0.362663228864321 0.005578517913818359 0.007102079042759172
1 0.6476678371429443 0.3564611064231642 0.004749393463134727 0.007486993216558547
1 0.6776176929473876 0.3598317958971275 0.005596446990966873 0.007235166795303038
1 0.199019718170166 0.35803134460327923 0.004838895797729511 0.007431749243804477
1 0.3575686931610107 0.3573485075764133 0.005047988891601581 0.006699766604813189
1 0.8308072685114716 0.3607246493869729 0.0062623977661132426 0.007779355799640107
1 0.6299948692321777 0.3556721758577137 0.005479431152343808 0.008275116646043464
1 0.14037823677062988 0.3583959010143916 0.003827905654907212 0.005899805181166714
1 0.5163909435272216 0.36301621632659375 0.0051022529602050394 0.0064778938960574385
1 0.4590454578399657 0.36200074960014206 0.0048958778381347845 0.006998586275619267
1 0.39812145233154295 0.35790238221233706 0.0052274703979492574 0.007386549629732981
1 0.15283379554748533 0.35877677950836323 0.0042131900787353615 0.006184096404592648
1 0.1229738712310791 0.36457461651254724 0.004916191101074219 0.006669095438121793
1 0.15889129638671873 0.3645501333882585 0.004557514190673818 0.0066260481866251214
1 0.5031178951263428 0.3626788334929886 0.0050188064575194926 0.00695643584186211
1 0.7903017520904541 0.3537885895594125 0.005140495300292892 0.00879939629656335
1 0.5904501366282411 0.36248096173338035 0.005300793581189425 0.005703110901660168
1 0.7054546356201171 0.35548761076692176 0.004649353027343769 0.007769132077409657
1 0.39702638820185965 0.36256045355137273 0.0054479122161865045 0.007441434875391255
1 0.7116268634796142 0.3594054487437625 0.005881404876708946 0.007459909320825207
1 0.32547281363494446 0.35781778343911186 0.004900466271350857 0.005832427511376923
1 0.6221573829650878 0.36152714015190474 0.006131744384765683 0.00808283892269163
1 0.6875792026519775 0.3562875721905682 0.004933166503906231 0.00738977817359524
1 0.311027273417282 0.3572481750254704 0.004678829544001297 0.006257614245458835
1 0.545865249633789 0.35701453265021826 0.005274677276611367 0.007385114721349795
1 0.23958386992522335 0.3592528892972778 0.004705374451279711 0.004791630324297021
1 0.4685547351837158 0.35791646225084744 0.004818820953369083 0.007239650884000563
1 0.1858131647109985 0.3579178074774567 0.00454559326171874 0.00676200575593545
1 0.6666395187377929 0.3563730389211439 0.005292701721191387 0.008639045284738222
1 0.26476407051086426 0.3631867910606493 0.00538496971130374 0.007006657635274893
2 0.06631892323493957 0.345698127685935 0.0092106819152832 0.014665839857820126
1 0.543546962738037 0.362980702344109 0.0051708221435546875 0.006298171621058799
1 0.5920924598037142 0.357230627587095 0.004814409975455533 0.005289608882868247
1 0.7474252451844601 0.354792265115381 0.00571002960205082 0.008026160041554374
1 0.9951807975769043 0.4239573134526918 0.00862998962402336 0.028216755901876448
1 0.1295384407043457 0.35882682193822807 0.0032628774642944336 0.005833440668442679
1 0.29675521850585934 0.35771207748801226 0.005435180664062471 0.007552999002186786
1 0.13423485755920408 0.3652579019482829 0.0045402526855468795 0.00700378781850843
1 0.22394878864288328 0.3579329636972545 0.004759740829467792 0.0068276528144678925
1 0.276256513595581 0.3635053407217247 0.005103588104248047 0.006523990327868448
1 0.239004453702081 0.3640917056336168 0.005448310938097538 0.0054739425191279905
1 0.06582860913429515 0.3656163152280471 0.0036950819999745947 0.00422105191423566
1 0.17417900562286376 0.35825985376330743 0.004243946075439463 0.006320233337450853
1 0.18609294131770435 0.36389666515957014 0.005534267425537119 0.008469726095517955
1 0.25330966333637905 0.3636703225600974 0.004702920953775687 0.005537446776781348
1 0.5271507263183594 0.3615131497951683 0.005344772338867226 0.008026877495746012
1 0.05348519682884216 0.36479765508436435 0.004442119598388668 0.007098133044705275
1 0.10195728540420532 0.36555636289199317 0.004642295837402348 0.006356644137675129
1 0.3128671761289643 0.3628698617080464 0.0050314672916317825 0.006941263571398984
1 0.7435411453247068 0.3591134448877768 0.006259727478027325 0.007893431016106303
1 0.19866434335708616 0.3623213619420183 0.005571866035461416 0.008488021177404076
1 0.0983143925666809 0.3601314227038991 0.004353880882263184 0.0066038071066851925
1 0.25299644470214844 0.3569331015994704 0.004079580307006836 0.005366916080347531
1 0.11276144981384274 0.3647949646311458 0.004742574691772456 0.007422781066409337
1 0.060407149791717525 0.36017025491202004 0.004454970359802246 0.006443097367764269
1 0.09122625883908884 0.36497241760970867 0.005718569442668216 0.00567096290994704
1 0.6064778327941894 0.3621949106407469 0.005561065673828144 0.006967915108927871
1 0.11793657541275024 0.35883121634515175 0.005171966552734394 0.006035583386929122
1 0.3414067178966133 0.3639903859921691 0.004848698647221803 0.004880202345891415
1 0.17253056648371257 0.36467317281653694 0.0051081180572509766 0.00730655348736836
1 0.524724245071411 0.3565382327487624 0.0052471160888671875 0.008591513944543981
1 0.06954768195188295 0.36057253259337047 0.00353511565546763 0.0050843115744352895
1 0.08046495088788592 0.3594970051449322 0.004158959594667795 0.005279862019605888
1 0.08956267500122174 0.3597903308126881 0.004886777523734662 0.004302109793752941
1 0.10625050037482628 0.360083656480444 0.003951011614934419 0.006844265580970585
1 0.04937672791774413 0.36018143170302924 0.0031192196960008467 0.006648715135799987
1 0.024786879314270784 0.3594970051449322 0.004470881564267882 0.005279862019605888
1 0.3266233718972862 0.36331023882575864 0.004470881564267897 0.005475412464776441
1 0.5204039991838401 0.38188695795186667 0.009910513889293773 0.012937887177238094
1 0.3827061532631824 0.36313798585603857 0.005013554085172109 0.0061400142536045125
