1 0.09490259289741515 0.4276211726457022 0.018252336978912344 0.02997882339647351
1 0.394826865196228 0.42352755839191675 0.018645715713500995 0.033110152215760545
1 0.29332542419433594 0.4255009161459433 0.01995406150817872 0.031041373054249657
1 0.00603325068950653 0.4290191321380567 0.01206650137901306 0.02903644731579223
1 0.5772343635559082 0.4196106172328154 0.018287277221679648 0.02949274818165693
1 0.4901656150817871 0.42228295473301913 0.01856708526611328 0.03303876552369518
1 0.7655448552275257 0.41909956520789876 0.019583892822265643 0.030944516738381923
1 0.18818495273590086 0.42666381970877104 0.01846735477447508 0.034280320002278424
1 0.8623279571533202 0.41956317557439515 0.02127227783203121 0.03334332482803418
1 0.6776909828186034 0.4200667387351323 0.021094322204589844 0.03454828914284518
2 0.12103109701731916 0.3466594284384815 0.02403818463609677 0.014476456370287102
1 0.40736846923828124 0.3837623010947708 0.010648345947265634 0.013630194732229393
1 0.02322065085172653 0.3801778999534813 0.009532096982002258 0.012510248739124302
1 0.7824043750762939 0.3605827910721965 0.005565261840820274 0.007557662454432276
1 0.6389361381530761 0.360434278054533 0.0059299468994140625 0.007416323978684818
1 0.696412992477417 0.3606721141190521 0.006029891967773419 0.008389550589605459
1 0.32057278156280516 0.3820721583828827 0.010930061340332031 0.014773457986561805
1 0.059764564037323 0.37927319021785955 0.009454596042633049 0.01211062675439686
1 0.24109034538269042 0.37999503881639435 0.010439395904541016 0.014417780071070549
1 0.4509268283843993 0.38337953928354623 0.010075855255126933 0.012063274777750495
1 0.7027307510375976 0.3783118016011006 0.011674976348876915 0.014603421343149943
1 0.764242935180664 0.3603458518254169 0.005860900878906308 0.006832674993809134
1 0.5887830734252929 0.3809045016860355 0.011288261413574276 0.014614541883119907
1 0.44487652778625486 0.36118697718330706 0.005247497558593789 0.007089523594405931
1 0.7117847442626952 0.36056628962578946 0.005940532684326133 0.0075698591756896754
1 0.6656360626220703 0.3790237852045007 0.011721038818359317 0.013985872647720604
1 0.2014855146408081 0.37991782280902225 0.010823440551757808 0.014227116619649866
1 0.8704607009887695 0.3601008412189817 0.0057441711425780485 0.007040198618732662
1 0.09005383253097533 0.3773421622611381 0.009644865989685046 0.013249226556483825
1 0.6251764774322509 0.38074594430968944 0.010376930236816406 0.012152059733962424
1 0.743507432937622 0.376954736997668 0.01250877380371088 0.01710733647187299
1 0.9252983093261716 0.381673074488799 0.013169860839843712 0.015954028858858004
1 0.3613773107528686 0.3823590503777532 0.011592817306518574 0.013483834077140648
1 0.4514154434204101 0.35720071201294135 0.005434989929199219 0.008086784920745528
1 0.9641641616821287 0.3823144785360994 0.013828277587890625 0.01613195749837757
1 0.1576279878616333 0.37835592503388465 0.010637998580932617 0.013997890005430082
1 0.12495710849761962 0.3789573310100028 0.00940937995910644 0.01265158721487167
1 0.543458890914917 0.3602803841304324 0.005636596679687539 0.00769577238631743
1 0.850428581237793 0.3781137842442159 0.01339416503906248 0.0158324203733799
1 0.5556636810302734 0.38123955279351796 0.00997476577758787 0.012698939191518035
1 0.5206602573394775 0.38220964054235024 0.00900573730468752 0.011483033700284946
1 0.9059871673583982 0.3552856474119832 0.005931472778320274 0.008673662449483427
1 0.4730344772338867 0.36150624429857403 0.005418014526367111 0.007112482128537543
1 0.2787279605865478 0.3815016029370039 0.010991764068603535 0.015642653739698732
1 0.8835128784179686 0.3555124526183063 0.005492210388183594 0.008601378939678635
1 0.861865997314453 0.35512188849274795 0.005862236022949219 0.008113330725835106
1 0.40850238800048827 0.36224746416028236 0.005358123779296865 0.007767159078382753
1 0.8907417297363279 0.379956924062465 0.013148880004882775 0.01646916096843483
1 0.788297939300537 0.37773012561525177 0.012880897521972714 0.015434771387679408
1 0.5272103309631347 0.3599448846140802 0.005531024932861347 0.008863070356068843
1 0.7972325325012206 0.3610861748693857 0.0060825347900390625 0.008039074217003365
1 0.6783483028411865 0.36047678721538595 0.0058756828308106045 0.007747787815209241
1 0.4859786033630371 0.38271239656712175 0.009541702270507832 0.012882248737474684
1 0.8124164581298827 0.36023751624248357 0.006386375427246055 0.007972350977183535
1 0.14546772241592407 0.3635724226886403 0.005030179023742666 0.007033203440364471
1 0.6666709899902343 0.35585727903914943 0.0051740646362305074 0.007748146542305038
1 0.3574890613555908 0.35767539764246614 0.005219936370849609 0.006870879429512439
3 0.24037070274353026 0.33796648259003703 0.018654346466064453 0.035742850371877764
1 0.0041066229343414305 0.36270053648228484 0.004933281242847442 0.008416096394695082
1 0.13297362327575682 0.3634443571154377 0.004894447326660152 0.00623539437929282
1 0.8491006851196289 0.3600480186541243 0.006967926025390567 0.0077601639000145165
1 0.3824124336242675 0.36221356444972874 0.005620479583740234 0.008156377977331777
1 0.30029036998748776 0.3636341237491189 0.00433630943298337 0.006580131118362032
1 0.42105941772460936 0.36183672163558495 0.0054187774658203125 0.008006968141928738
1 0.6565052986145019 0.3603611874087626 0.005892753601074219 0.007444842782801435
1 0.6873836517333984 0.355468687912618 0.005827713012695294 0.008854281542221579
1 0.5747007369995116 0.3600382433407636 0.0056427001953125765 0.007163959466785637
1 0.5906364917755127 0.35984560689031597 0.006502532958984317 0.008505778168646436
1 0.4584312438964844 0.3615271401519047 0.0055863380432129095 0.00789056119933984
1 0.8311960220336914 0.35987457410330237 0.0058912277221680074 0.007137413661696014
1 0.982562255859375 0.3577609540548157 0.005536842346191483 0.007123243941411666
1 0.7479678153991699 0.3540044535893135 0.006198024749755917 0.007598557343354078
1 0.5158538818359375 0.36031751238484827 0.00466499328613287 0.0063067810713581425
1 0.7434425354003905 0.3612179173953203 0.0071233749389648824 0.008841188003224665
1 0.17166980504989623 0.36318750851484094 0.004912519454956045 0.007500624846199133
1 0.4353278160095215 0.3571585615791842 0.005077266693115273 0.007709045288862219
1 0.960646057128906 0.35810488365791937 0.005959701538086053 0.007381886177487536
1 0.6474517822265624 0.35612811799648264 0.005000114440917969 0.007888946927408734
1 0.28105936050415037 0.3580221970623362 0.004852581024169903 0.006557531311326262
1 0.416266918182373 0.35686288077046646 0.005357933044433613 0.009160096391395848
2 0.7266670787940446 0.3403582977182651 0.022863191029521977 0.016221375533004647
1 0.6225067138671875 0.360995237550599 0.005843734741210899 0.007806619058921323
1 0.12210955619812011 0.36389787784630995 0.004453325271606435 0.007141359659749867
1 0.3423288345336914 0.3578486628297402 0.005226898193359356 0.007236242976590428
1 0.18569433689117432 0.3621422674394374 0.005452203750610356 0.00841340594147654
1 0.5450869560241699 0.3578257042956086 0.005482482910156231 0.008228123396492941
1 0.3117409467697143 0.3576446367940008 0.0050068855285644144 0.007085218869256282
1 0.5074772834777832 0.3574621343840097 0.005332183837890644 0.008173417514382542
1 0.7272063255310058 0.360751572170773 0.005963611602783184 0.007865450302633449
1 0.7058501243591309 0.354924409226507 0.005803871154785137 0.008791683664003475
1 0.211310338973999 0.35906313341259 0.005721759796142574 0.008522997069245121
1 0.3762186527252197 0.3572437592644381 0.005395698547363262 0.008249288295145435
1 0.2762877941131592 0.3639921333907329 0.005106639862060518 0.006704788784154431
1 0.5596682548522949 0.3606012655176305 0.005687713623046875 0.006875004791114213
1 0.2647785902023315 0.3634820234604973 0.005308866500854492 0.0076652805831739544
1 0.2252522468566894 0.3613761160445706 0.006027793884277354 0.008871859169916061
1 0.2671674013137817 0.35742706881039465 0.005035686492919903 0.006451706818063611
1 0.7914884090423584 0.354051446838864 0.00601940155029295 0.008427216934665046
1 0.08972949981689453 0.35761549021746664 0.0040564060211181596 0.006695103152567698
1 0.9518396377563476 0.35414292224829447 0.0058258056640625765 0.007767338441930629
1 0.5032701969146728 0.3609983764126873 0.005658149719238281 0.0070385843468016
1 0.024043190479278564 0.3632273272224753 0.005207604169845581 0.007351035647248218
1 0.9308969497680664 0.35599888656021866 0.006779289245605623 0.01094870969108253
1 0.6299175262451171 0.3555048296675204 0.005138778686523476 0.007743124362963751
1 0.3259091854095459 0.3581376175054116 0.005220985412597666 0.007815945963412304
1 0.28810634613037106 0.36436574766101437 0.004937314987182607 0.006462827358033576
1 0.7702959060668945 0.35388580460237584 0.005795478820800781 0.007992260331000717
1 0.46872739791870105 0.35734671394093426 0.005181503295898456 0.007822403051136777
1 0.5661274909973144 0.3572720090232327 0.004477882385253945 0.007454528414388168
1 0.19835286140441893 0.36222307071776755 0.005544757843017588 0.00827081192089377
1 0.8362585067749023 0.35416641887306977 0.005938529968261719 0.008374842778677439
1 0.15755438804626462 0.3628790032124481 0.005524873733520508 0.007365384731080442
1 0.3979302406311035 0.3566229820251465 0.0051626205444336324 0.0077576528103438505
1 0.4890728473663329 0.36014370910693044 0.00609569549560545 0.00923255926474856
1 0.9754768371582031 0.35397629351229276 0.005778121948242264 0.007484482126887881
1 0.8903741836547852 0.36004685279106297 0.0065460205078125 0.00765972031318895
1 0.3550689697265625 0.3629968450634202 0.005559158325195331 0.007269604596500366
1 0.11798012256622314 0.3589423320630776 0.00557932853698729 0.006235035652197024
1 0.23895866870880128 0.3615784381266049 0.005451345443725576 0.008362287330324198
1 0.607017707824707 0.35966193861726353 0.006156539916992149 0.00804553130472784
1 0.04872466027736663 0.3592110186578359 0.004843777418136594 0.00694639148317949
1 0.3963172197341919 0.3621581411134268 0.005113220214843711 0.006859938253090351
1 0.4876869201660156 0.3570971295640275 0.006088638305664101 0.008978939208014023
1 0.7275381565093993 0.3562692771086821 0.005801486968994122 0.009140545764674416
1 0.11185466051101682 0.3643925625114259 0.004314947128295903 0.006668198620382279
1 0.25316104888916013 0.36175941594643884 0.005988550186157198 0.00964904142297889
1 0.9949288368225098 0.421205607582541 0.009022903442382928 0.02450231618835744
1 0.16335585117340087 0.3597147611821209 0.004776358604431152 0.00714548502135164
1 0.09768176078796385 0.3588969530854581 0.004381895065307617 0.0070362526206788545
1 0.014184395968914031 0.3631345962682096 0.004958269000053407 0.007167546737743693
1 0.29729964733123776 0.35807367440058424 0.004248952865600596 0.006239699104442514
1 0.03692455887794494 0.3633944940491207 0.0051042675971984825 0.007912443552184019
3 0.537982831020827 0.3333945140900986 0.058007766561673016 0.04113310038566049
1 0.07021026611328124 0.35944257699817844 0.005316591262817393 0.00685061134859946
1 0.36922957897186276 0.36264287110163407 0.0056554317474365135 0.0070097068155891866
1 0.060168284177780154 0.3593884092067118 0.005069696903228762 0.006973116651817034
1 0.8148014068603515 0.35481652205244346 0.0061321258544921875 0.00848891799514359
1 0.1302847623825073 0.3600843397725746 0.004298686981201172 0.006556813857134624
1 0.1211097240447998 0.3621769742859566 0.004705476760864262 0.007075533237669549
1 0.19894123077392575 0.35791404084295075 0.004948997497558584 0.00850434326026325
1 0.03776598572731018 0.3585236078604984 0.004720091819763184 0.006795188012297468
1 0.013330037891864776 0.3654525113977574 0.004668363928794861 0.006471795535428716
1 0.1859196662902832 0.35894358760791284 0.004752826690673824 0.007988852423590582
1 0.1531895875930786 0.35910636002763463 0.004470396041870122 0.007633353871647248
1 0.34205803871154783 0.36106725201508194 0.0055449485778808405 0.008588285400681721
1 0.3126141309738159 0.36114509579487175 0.0050812721252441505 0.009207089640946372
1 0.6087447166442871 0.35756858664969 0.006535530090332031 0.008162117610864703
1 0.08032750487327575 0.3598551131583549 0.004357540607452395 0.006655463808481162
1 0.14178485870361326 0.3608226001357425 0.004335641860961914 0.007378298906529479
2 0.06473826361256005 0.34394509286905267 0.006872427135091296 0.014217948220817699
