1 0.7745151042938232 0.42440518423180507 0.019939804077148477 0.03170932290663966
1 0.39665853977203364 0.42533007236656584 0.017736196517944336 0.027561361497839644
1 0.006721012294292449 0.42684632211876217 0.01334070563316345 0.02711080026550778
1 0.18985128402709958 0.4258976683139043 0.017436408996582022 0.02738737885637393
1 0.09673752784729003 0.4261923626231086 0.017590332031250006 0.025714634408632427
1 0.4919711112976074 0.4248201417998782 0.018750953674316482 0.029467099194306862
1 0.57896089553833 0.4240963202023164 0.019378662109375 0.032069126183732685
1 0.8636827468872069 0.4242093192374952 0.019756698608398477 0.03180402685993239
1 0.09453778266906736 0.3848648488237293 0.009010410308837888 0.011093097347144283
1 0.6792192459106445 0.4243031263730484 0.018908882141113224 0.028560416459658223
1 0.06390544772148132 0.38414927794937104 0.00962786674499511 0.01110242425163522
2 0.1146126389503479 0.34588287214027486 0.023558330535888666 0.013925785859173166
1 0.2962049007415771 0.42606842241150766 0.02212820053100587 0.030174688390783307
1 0.20439558625221252 0.38258244767666616 0.01072224378585817 0.013916100227586433
1 0.6816551208496093 0.36203949212648906 0.0058263778686523824 0.008061494660491216
1 0.7073807716369629 0.38283642646049654 0.01150026321411127 0.015867216901673024
1 0.028458043932914727 0.3844289954023255 0.009496033191680905 0.011104038523566373
1 0.7090446472167968 0.3557189000619424 0.005021381378173809 0.007919618094100085
1 0.6909737110137939 0.35616040343510513 0.004962539672851524 0.007689315298592911
1 0.1281738519668579 0.38401870128649784 0.009438943862915035 0.011809654721015958
1 0.24310827255249023 0.38275409859200915 0.009947776794433594 0.012375367351101361
1 0.6704766273498535 0.3826438796918229 0.011877059936523438 0.015742917962976423
1 0.322088360786438 0.3808320388126828 0.010902738571167001 0.013080804185003072
1 0.5770588874816894 0.3610066271358908 0.006042098999023399 0.008186869780475298
1 0.28002436161041255 0.38212255953984336 0.010649585723876991 0.012382003802373802
1 0.16024310588836668 0.3826862991709019 0.010534143447875961 0.013845430989712705
1 0.7483400821685791 0.3837727938623231 0.011732101440429688 0.01475121690662183
1 0.5924829959869384 0.3804282914663536 0.011832332611083947 0.015032817676829222
1 0.8929005622863767 0.3820818440144695 0.0127109527587891 0.015806233295386118
1 0.6297640800476074 0.3803409414185249 0.012045288085937442 0.015794036574128718
1 0.9660816192626953 0.3820373618545896 0.013476562500000115 0.01631849558819648
1 0.3633200645446777 0.3802119790275828 0.011444854736328105 0.013983182194502062
1 0.7147965908050536 0.3621382317596096 0.005308914184570294 0.007355161008850037
1 0.38565487467024345 0.36358012047788113 0.005017185211181631 0.006995716458852805
1 0.6420109272003173 0.361751703313879 0.005712985992431641 0.0079748620668542
1 0.5192548751831054 0.3608257389978308 0.005551147460937481 0.007695054932125837
1 0.8732481002807617 0.3602871102634787 0.005728149414062539 0.007036431984226731
1 0.8147926330566405 0.3604438740043458 0.0058885574340819926 0.007139027933627121
1 0.7925378799438476 0.38428173792949727 0.012015724182128944 0.013852784895176736
1 0.5238317489624023 0.3796294062239945 0.011475563049316406 0.01433509347548734
1 0.9271139144897459 0.3812253830732336 0.01345901489257801 0.016051243901821312
1 0.4241912364959716 0.36172192896492716 0.005440235137939453 0.007641963321946546
1 0.6591548919677734 0.36199312664935623 0.006048107147216739 0.008236015392600646
1 0.45259866714477537 0.3800692953252261 0.011401081085205116 0.015145996075555904
1 0.4086905479431152 0.3802975354399324 0.010941886901855507 0.01384901826067076
1 0.48897385597229004 0.379833252896186 0.011919975280761719 0.015502212081690833
1 0.6505515098571777 0.35638371105224415 0.005030059814453164 0.007921053002483316
1 0.4613016128540038 0.36153772260123096 0.005517196655273456 0.007802314333771674
1 0.7734718322753906 0.3554456396967125 0.005743789672851544 0.008586312401654818
1 0.6252444744110107 0.3612539694684488 0.006337928771972637 0.00815045898025102
1 0.14197514057159422 0.3579804053556748 0.004616594314575205 0.006334761784830997
1 0.593457842882421 0.3625353459651726 0.005837965057056212 0.005465637959966208
1 0.4923711103456508 0.36032605618437347 0.005900065497543178 0.005328180175013041
1 0.2900681495666504 0.3633646300183949 0.0049916744232177635 0.007245749244629331
1 0.5683948516845703 0.3557216801969349 0.0058134078979492 0.008678684628824714
1 0.5598777294158935 0.3803350224214441 0.011435222625732442 0.01573556405751239
1 0.2699419975280761 0.35793682001353444 0.004649448394775372 0.006127776250551187
1 0.4539953708648682 0.35710798105867564 0.005157184600830097 0.007733080004281176
1 0.6094828605651855 0.3616240861495462 0.0060422897338867 0.007554613274117938
1 0.41185226440429684 0.3622593918362179 0.005553436279296846 0.007240188974644326
1 0.4759063720703125 0.3610884169137345 0.00579071044921875 0.008082480195595834
1 0.8531923294067383 0.38256182086865737 0.011957931518554668 0.014102458953857422
1 0.28330519199371335 0.3581949241589666 0.004928064346313448 0.0069872863721013815
1 0.784782886505127 0.3610537100672153 0.006074142456054706 0.008222563126507937
1 0.8336885452270507 0.36005501383249255 0.006002044677734433 0.007164497557429309
1 0.3791313648223877 0.3570990128812805 0.005110979080200195 0.0076972072947006165
1 0.9550710678100586 0.3534631344017429 0.006229400634765625 0.008022393407048398
1 0.8516773223876951 0.3599943889533014 0.006110382080078144 0.00759443198175235
1 0.8390323638916015 0.35393997239384245 0.0061996459960938265 0.008174852422765819
1 0.8646408081054687 0.3544977033460462 0.006324577331543045 0.008839753094841434
1 0.562263822555542 0.361620678242136 0.005547618865966758 0.00734027383437405
1 0.7941953659057617 0.35513560980416253 0.0058039665222168356 0.008579137859738661
1 0.9333832881371842 0.3544116136980441 0.005835469838377701 0.006750079502506806
1 0.8866743087768553 0.35421305339552445 0.005724334716796914 0.007626896783922774
1 0.7988969802856445 0.36085434748372136 0.005820083618164139 0.00736610218527208
1 0.21423439979553222 0.3617947505653757 0.0056260585784911965 0.008854102178673658
1 0.2773528099060058 0.36321441304702634 0.004945278167724609 0.006506233336626044
1 0.36059283914248363 0.3574458982720948 0.005043458938598604 0.007033920894556109
1 0.18753216266632078 0.36210182095938526 0.004954600334167471 0.007313369302188631
1 0.5100970268249512 0.3565935664032904 0.00582981109619131 0.008477438728077784
1 0.7511707305908203 0.35529309099922113 0.006240940093994198 0.009371924741469024
1 0.5466278076171874 0.3614831960826685 0.0058342933654785345 0.00807709928915875
1 0.3572403470399615 0.3630739172710571 0.005135822296142559 0.006534572777194695
1 0.6991734504699707 0.36180909964920793 0.006049346923828144 0.008798858205919632
1 0.4377316951751708 0.35635877951908557 0.0050833702087402155 0.007338121471799226
1 0.47110590934753416 0.35655033978824585 0.004754066467285156 0.007335072291484887
1 0.31395230293273924 0.3572006223311674 0.005275344848632822 0.007576136899866274
1 0.5307406425476073 0.36167672935085565 0.005820274353027344 0.007997820600985722
1 0.9632628440856934 0.359411905831487 0.006577110290527305 0.007822761778232575
1 0.6333481788635253 0.35638658086901054 0.004975795745849609 0.007602862068503772
1 0.3021996021270752 0.3636813860439913 0.004885768890380869 0.006915361589392342
1 0.9087677001953125 0.353955487340736 0.006538772583007851 0.00872531915127944
1 0.006628785571685469 0.360377653663276 0.0034791141878777222 0.0059316822862087604
1 0.1998858213424682 0.3633385326221751 0.005076837539672847 0.007031768531981239
1 0.9849609374999998 0.3589387447921195 0.006055450439453086 0.007106742495004617
1 0.37180316448211664 0.362368175828021 0.005314302444458027 0.007443228510870283
1 0.29883065223693844 0.3577104632160811 0.004690742492675791 0.006591610385427793
1 0.978819942474365 0.3532607226379345 0.006250762939453164 0.007571473447620783
1 0.1548914909362793 0.3584358094038 0.004931855201721196 0.0067856817442586105
1 0.08218963146209717 0.36017635327264874 0.004816198348999026 0.0063672265870013765
1 0.07207589745521545 0.3600487361083159 0.00482410192489624 0.0068448717150665335
1 0.4191086769104004 0.3573468933044821 0.00561370849609374 0.008263278651881862
1 0.4470506191253662 0.3618375287715505 0.005897617340087852 0.007386908356828823
1 0.5278640747070312 0.35600130796811535 0.0060705184936523824 0.00947308578248623
1 0.6127452850341797 0.35651034171706353 0.005167579650878964 0.007173465734824449
1 0.32805678562436114 0.3577119778179105 0.004653983988094022 0.005381759525513411
1 0.401561002978224 0.35661092539279454 0.005092787742614775 0.0076647424925302375
1 0.8173047065734863 0.3551037727744098 0.006028175354003906 0.008183282509517243
1 0.1662952184677124 0.35909317680686376 0.004740238189697266 0.006926302765814431
1 0.5059485912322997 0.36058619897960664 0.0057202339172362894 0.007437130150241561
1 0.9138193130493164 0.35962481036284766 0.0061702728271484375 0.00823117257680728
1 0.3440194465982984 0.3624472821739821 0.0040971951222560695 0.005687962788421464
1 0.14677987098693845 0.36366228382613963 0.0047258853912353705 0.006999841820454577
1 0.20134686827659606 0.35790561075619937 0.004830658435821533 0.0069440597570567895
1 0.49038947664800386 0.35656242462373977 0.004754784674962418 0.005473367602189881
1 0.22677102088928217 0.3616017553878323 0.005368614196777334 0.008323186076881423
3 0.24334516484263657 0.33819915649984084 0.04102630836732966 0.026884922503124273
1 0.2413236389488637 0.36092300073709604 0.0056306838989257525 0.009167091569764039
1 0.7456655502319335 0.36175439376709756 0.006093502044677734 0.007942576628231697
1 0.39894612328740914 0.36226741278874197 0.005315685272216787 0.007078761781531808
1 0.7666647911071777 0.3613345933832311 0.006044578552246113 0.007753348085194201
1 0.025392467168531073 0.3645627510590814 0.0034504004072373183 0.0047390192177481595
1 0.12005860805511472 0.35890071971996407 0.004362773895263667 0.006108046260281834
1 0.3284701643902293 0.3632723258908694 0.004688383744725833 0.006607784157074918
1 0.670534610748291 0.3568722076749574 0.005461788177490292 0.00790742137284273
1 0.5483344078063964 0.3561123340042672 0.006093406677246036 0.009596667266991283
1 0.014835091976117798 0.3654944316605116 0.003591329933916805 0.004211665955590594
1 0.05108671188354492 0.3601214680269905 0.004755640029907223 0.006512511060802687
1 0.09178736209869384 0.3608270842244401 0.004824638366699219 0.007240188974644326
1 0.13119564056396482 0.3576191671701986 0.004782772064208994 0.007577392444701584
1 0.17400124073028564 0.36277003985709716 0.0045893192291259766 0.006562015400023832
1 0.933708275515835 0.36052973725316373 0.006032922186455367 0.005438944644311502
1 0.34463351305128176 0.356706605857273 0.0045639164270487595 0.006558634890928809
1 0.5948460271670609 0.35641568149308084 0.004332737145845995 0.0063752385733809825
1 0.038326808118428375 0.36545537370347086 0.004487529103247516 0.005030855407726077
1 0.7303299903869629 0.35509166573492634 0.005353164672851581 0.007664563128982316
1 0.177106499671936 0.359179540355179 0.004796504974365234 0.006921998040664737
1 0.10046618282794952 0.3598314371700317 0.004825681447982788 0.007227992253386927
1 0.11369385719299316 0.36414441304290235 0.004622459411621094 0.006544975862973066
1 0.25504940045710883 0.3638839593000477 0.003865738498557632 0.005384517338718345
1 0.266198979739075 0.36387419443632724 0.005072498321533193 0.006185531312975879
1 0.016926752661136402 0.3606844924311912 0.004068857643467832 0.005350002589530232
2 0.06161334514617919 0.34574072652856186 0.008212900161743161 0.012780728969361728
1 0.0057578232204523435 0.3658858888929797 0.004161755008619377 0.005393032831363104
3 0.6988528391526367 0.32919485699245754 0.06310341476930972 0.04256061290057386
1 0.9958032608032225 0.4241073510605125 0.0074182510375976176 0.025353575586704133
1 0.15956883430480956 0.3629763976189593 0.004684829711914053 0.007494167758474659
1 0.06207187175750732 0.3602455876021392 0.004298949241638174 0.006319336519711338
1 0.8921750068664551 0.35946499744166627 0.006044006347656211 0.008129832172242155
1 0.02727655995440842 0.3600017531906077 0.0045549206914157776 0.003187619286690514
1 0.0396172171765 0.3600017531906077 0.004237135526898392 0.005578333751708388
1 0.10815288432408154 0.3589060090608078 0.003389708421518713 0.006176012367962834
1 0.1236184289972607 0.3640858904016799 0.004448992303243297 0.004582202724617599
1 0.2553933438838008 0.35810910423913517 0.0038134219742085615 0.005379107546290194
1 0.72968770192599 0.36219324145020737 0.0058260613494852745 0.005578333751708343
