2 0.0620807409286499 0.35336304954201314 0.02625272274017334 0.017402748235268887
1 0.5243594646453857 0.43410121890433445 0.017975902557373104 0.02799434510247698
1 0.31359925270080563 0.4321805043516174 0.01821260452270511 0.0270361850295802
1 0.009605201333761216 0.3862168015660466 0.009259577095508576 0.01175279647633078
1 0.6222713470458984 0.43218866539304696 0.01918373107910162 0.02783507027193924
1 0.004035700485110282 0.4307146557563818 0.008031145483255385 0.027298593900161955
1 0.12523823976516724 0.43286271360606565 0.01747024059295652 0.024854048105794842
1 0.7112119197845459 0.43388347155718054 0.019164371490478498 0.027640640186012626
1 0.8145427703857422 0.4326420964421452 0.019947814941406232 0.02769803652134152
1 0.45045557022094723 0.3910713656718098 0.009677314758300819 0.011746877479250024
1 0.9129325866699218 0.43328654966976 0.02023544311523422 0.028221060627026097
1 0.2192453622817993 0.43276684378971164 0.01699352264404297 0.024037047145097513
1 0.5391787528991698 0.3917735739618492 0.009448814392089921 0.01171243967805265
1 0.9937555313110351 0.36795866857082926 0.0063598632812500765 0.007870831209070533
1 0.14911537170410155 0.38538195393233304 0.009463977813720699 0.012698221737326442
1 0.10910677909851074 0.38590928276316727 0.009735488891601566 0.012024173524307676
1 0.40818691253662104 0.3912982605599068 0.010450363159179688 0.013494954617110613
1 0.36966471672058104 0.38827822682209345 0.010410118103027373 0.015322131079596442
1 0.24774870872497554 0.3690741304752368 0.004987096786499033 0.007600889069476824
1 0.04297342002391815 0.3857924274117086 0.009758561849594116 0.012342723185383106
1 0.8423168182373046 0.38829607349510975 0.012096405029296875 0.016141105039320633
1 0.7625082969665525 0.39013419113401765 0.012012672424316426 0.014758750175633738
1 0.7243608951568603 0.39033113230961486 0.010272884368896522 0.011944177381943056
1 0.6909928321838378 0.3907169433011538 0.010011672973632812 0.011281967163085938
1 0.9314670562744141 0.389227508399369 0.012552452087402459 0.01577394785676357
1 0.9942963600158692 0.38916885651920474 0.011407279968261757 0.016036536090893293
1 0.8039417266845702 0.3895441747431914 0.011632919311523438 0.014252048152808337
1 0.32985415458679196 0.3882277359833588 0.010778522491455087 0.014959996076380667
1 0.58305344581604 0.391017377243891 0.009858036041259803 0.012088026947361134
1 0.2850950241088867 0.3861370744690038 0.01046447753906248 0.015509924714250707
1 0.4918933868408203 0.3913904534235288 0.010706329345703163 0.012649614215844766
1 0.6195613384246825 0.3910091265206874 0.009766101837158203 0.011799969089429225
1 0.25208187103271484 0.3863076492030594 0.010095500946044913 0.013494237162919065
1 0.2173920631408691 0.38506035509094333 0.01028614044189456 0.014525936290455944
1 0.4201881408691405 0.43164178593549124 0.019080543518066397 0.026440698050542912
1 0.9239209175109864 0.36720848053172583 0.00625934600830082 0.008092883281374206
1 0.1862706661224365 0.38510385075130976 0.01078562736511231 0.014283616137239247
1 0.553305435180664 0.37015111889861907 0.005731105804443359 0.007590665347246373
1 0.6552899837493896 0.39063730588588497 0.008980751037597656 0.009878268037198629
1 0.18987185955047606 0.3698553484081274 0.004593992233276382 0.006190553492317121
1 0.7105206489562987 0.3704543329763488 0.006156730651855545 0.007430852426064963
1 0.9805255889892576 0.363534218252937 0.005901718139648476 0.008047863030850585
1 0.7011072158813476 0.36395635036292623 0.0050874710083007426 0.007179026004809454
1 0.1764266014099121 0.3686304747394992 0.004947853088378902 0.005918279626600666
1 0.21495542526245115 0.3684466271028988 0.005147075653076182 0.007908856281225963
1 0.8848941802978516 0.38823580734301444 0.012231445312499962 0.014828701959315875
1 0.5476150512695312 0.3644191979982894 0.005529212951660137 0.007842491768501882
1 0.20170440822965696 0.3696588247493265 0.00436802208675537 0.005772339482754697
1 0.07576751708984375 0.3861928565324016 0.009947884082794182 0.013499618069356147
1 0.16071883440017698 0.3679872770567198 0.005501222610473652 0.00863599610442384
1 0.591315746307373 0.3706260735734658 0.005875015258789005 0.007168802282579004
1 0.816159152984619 0.36926533201730116 0.00540924072265625 0.00772716100720042
1 0.8900574461953971 0.364137778335848 0.006028747558593711 0.008935174502325758
1 0.9555754998717149 0.3675369401018581 0.006531068032446691 0.005810476175618576
1 0.8841875076293946 0.36754146983051633 0.006105041503906211 0.008142028893499553
1 0.8515487670898437 0.36776307262184127 0.005437088012695331 0.00742116679447823
1 0.5834319591522217 0.36497827417710244 0.00551948547363287 0.007146919929734826
1 0.7589972496032714 0.36895153549024523 0.005472373962402363 0.007451120506977988
1 0.5668323516845702 0.3642068315575725 0.005390167236328125 0.007158937287444349
1 0.13661411153191946 0.3706218923408011 0.004202038981807705 0.005790684522619651
1 0.835106086730957 0.3682731825520768 0.006376457214355392 0.008376277687060625
1 0.8679355621337889 0.3651169221996313 0.007564926147460976 0.012466842760531833
1 0.5129749298095703 0.37032554994895456 0.005528640747070331 0.007362335550766103
1 0.2260437965393066 0.36927725969323666 0.005051374435424805 0.0071673673741957725
1 0.6062547206878661 0.37043343712301813 0.005728721618652344 0.0071953480876686265
1 0.938726997375488 0.36692759721571006 0.007217788696289101 0.008658595911459609
1 0.5769027233123779 0.3705593503336459 0.00599994659423832 0.007901323012214054
1 0.9751387596130371 0.36726802922962953 0.006042289733886795 0.008160323975385676
2 0.2369521141052246 0.3524288345027614 0.021123886108398438 0.013220528388819333
1 0.6801554203033446 0.3645572182484006 0.005619525909423828 0.007288617132578036
1 0.7853069782257079 0.3632997900958281 0.005649280548095722 0.008696979710710834
1 0.600984239578247 0.3644030552789782 0.0049985885620117574 0.006825141724797226
1 0.9048826217651367 0.36731591929691965 0.005694198608398514 0.007284312407428386
1 0.7669251441955566 0.3630947775605752 0.005347824096679745 0.008050912211164968
1 0.14742637384975754 0.36994221513714814 0.004404734174578426 0.005743550647802326
1 0.8056512832641601 0.3638782375378146 0.00577964782714838 0.00808821982912876
1 0.04925829954350892 0.37102665597948997 0.004349227996569812 0.0037385265853711754
1 0.5402516365051269 0.37027559720086367 0.00559234619140625 0.007712632559820275
1 0.29793029978228946 0.3703564271638806 0.00532283238808385 0.005869021665879478
1 0.11145132553345655 0.3710624781246215 0.004826021194458003 0.006641114724648983
1 0.48823843002319334 0.365187591437505 0.00510005950927742 0.0072480809707520305
1 0.39603710174560547 0.3651883088916966 0.00474700927734376 0.007403051076140029
1 0.7934905052185058 0.3690227428187626 0.006332969665527401 0.008495016355772267
1 0.48476085662841795 0.37108183634868674 0.0048225402832032015 0.006866754067910666
1 0.004564638551409629 0.3698538737759492 0.004564721206563666 0.005920233370200259
1 0.7756270885467529 0.3700011709725724 0.006457233428955117 0.008163911246343731
1 0.6199943542480468 0.363993747662664 0.005140495300292988 0.007499189937815946
1 0.5291752583783496 0.36429539187329496 0.004831695556640664 0.007373276727188192
1 0.8273664474487304 0.3640635200827982 0.005467224121093731 0.008015756955776002
1 0.6232087135314941 0.3704311968228874 0.006162452697753887 0.00848999417643098
1 0.9122407913208008 0.3643076338714939 0.005494689941406211 0.007556227546049
1 0.2590617656707763 0.3699677196708885 0.004759979248046894 0.006800389555186677
1 0.04077109694480895 0.36980440916052304 0.004243135452270508 0.006990873643059393
1 0.3130204334565369 0.3706437182161122 0.004908153472668191 0.005516371249394464
1 0.9345962524414062 0.3639725827640115 0.006288337707519608 0.008643170646339996
1 0.6949767112731933 0.3699932789764646 0.006039619445800781 0.008022572770596318
1 0.12723528073182674 0.3703188011490862 0.003855727631866402 0.0048665371153426215
1 0.2842361450195312 0.37021927704682217 0.004623985290527305 0.006647213085277661
1 0.7433923721313476 0.3692982452283413 0.0055795669555663676 0.007594970072396068
1 0.024195507168769833 0.36947725004914833 0.004338204860687256 0.00736610218527208
1 0.4993103504180908 0.3698488913204029 0.005287837982177658 0.007348883284673394
1 0.1390594236042574 0.36526479872686873 0.0038760809402595187 0.005887308105565749
1 0.5274149832506521 0.36966501632176757 0.004623400644370667 0.006717937047221396
1 0.6508121967315673 0.37105331754457016 0.005787086486816425 0.007180281549644765
1 0.19458388090133666 0.36612243424917434 0.0040926218032836725 0.006507668245009275
1 0.9584218510555121 0.3636403897728591 0.005511616116714172 0.007594091422875217
1 0.47214217891354526 0.36522903897235426 0.004151821378319379 0.006133753620384174
1 0.45604672935788954 0.37063097006186774 0.005584582976133971 0.005172909917058126
1 0.32535409927368164 0.3642514930810003 0.004387235641479502 0.006946032756083739
1 0.5065263271331787 0.3652266926909478 0.005627727508544883 0.007959078074638746
1 0.0969843150550825 0.3490180285585724 0.007879074656206271 0.04012996135766145
1 0.6411383152008057 0.3648810591341391 0.005799865722656308 0.007120732851741045
1 0.03238730430603027 0.36959437444592885 0.004532039165496826 0.0069645072015176905
1 0.014736850856349109 0.36998048598133326 0.005522071744613696 0.00693886905482163
1 0.2048020975124201 0.3667635502989607 0.0037516798694962267 0.004433300915886356
1 0.06912371521769996 0.3699530186827497 0.003933465591649936 0.005721943556599139
1 0.23739213943481446 0.3691267736765462 0.004857444763183584 0.006796084830036982
1 0.09047269225120544 0.36995624040382274 0.004338943958282461 0.006863346160500531
1 0.2230471394370394 0.3665579099912901 0.004505098823360336 0.004339985324392592
1 0.11874460970458597 0.37025653872467185 0.004860309857185474 0.004106082218819071
1 0.2713125228881836 0.3707226608440114 0.00471649169921876 0.006908904501667823
1 0.42577004432678217 0.3650771034919969 0.004758167266845684 0.007313907392832393
1 0.059772217273712146 0.36976835708739453 0.004323601722717285 0.0059842854122289044
1 0.36808366775512685 0.36448735614649247 0.004275226593017568 0.006752320124348718
1 0.7458645820617675 0.3639176078365793 0.0052198410034180074 0.0073339961101974525
1 0.7265748927434115 0.3697007096678002 0.004904355494147261 0.006789323739286673
1 0.4154794692993164 0.37053908225273285 0.00535411834716794 0.007449685598594756
1 0.4410284218703502 0.3647763154464988 0.00479564340257685 0.0058642366163680895
1 0.7282740445545964 0.36370610474680376 0.005079713982024878 0.0056574561750091954
1 0.6782896041870117 0.37077171677436277 0.005793380737304669 0.007697566021796413
1 0.3511474132537842 0.36614817291829843 0.005143070220947256 0.006796264193584858
1 0.6624872207641601 0.3710835403023918 0.0053081512451171875 0.007319467662817308
1 0.24408891318918585 0.36629570747217804 0.005337589691981109 0.00508744038155801
1 0.07903653104629742 0.3699318435499133 0.0047957539558410546 0.006863166796952655
1 0.03613639175891876 0.3647454602919246 0.004312729835510258 0.006339066509980646
3 0.37241871415286926 0.3490314855378157 0.04623326743344386 0.028003983201965437
1 0.409313678741455 0.3649912780343254 0.005084228515625019 0.007485020217531599
1 0.6597313880920409 0.36515405045404714 0.006133079528808594 0.007747429088113445
1 0.42850026330601226 0.3706434752490069 0.005045120049006668 0.006248820567168947
1 0.06833292419690755 0.36549782176844076 0.004290531403113495 0.005399459117167705
1 0.3376380832942985 0.3655052908274251 0.005190753936767568 0.007706534199191598
1 0.6374766826629639 0.3703198103154217 0.005524444580078106 0.007471029860795217
1 0.28971948623657223 0.36522220860225024 0.004651260375976534 0.006968094472475791
1 0.2789678812026977 0.36626341399782597 0.0040720462799072365 0.006992667278538421
1 0.25508370399475094 0.36488294245139213 0.004288291931152354 0.006967915108927826
1 0.3808252434960282 0.36914490273722783 0.00538248004091059 0.005430385304558637
1 0.18495082855224607 0.3664381140934833 0.0042096614837646385 0.0062533307340831
1 0.4046734809875488 0.36988655766546247 0.005054473876953125 0.00742457470188841
1 0.3813071633433247 0.3643654962791358 0.004418640346317549 0.006314458377031511
1 0.025768644362688064 0.36390227225323357 0.004090641438961027 0.006095311448380718
1 0.30020633783767714 0.36574578846202177 0.0039829287202501435 0.005577427480482263
1 0.325856728213174 0.37101009403768515 0.00407690705632318 0.0042437228944229854
1 0.17312836647033691 0.3650055374363837 0.004591035842895512 0.006803438735500969
1 0.47088453691084303 0.37067103285834624 0.005483673431061165 0.007796755700794307
3 0.868880962689593 0.3407137410006851 0.06363867527094551 0.041361303915105944
3 0.8455147104302826 0.36423798260240153 0.0059102873361785244 0.005687179288327043
1 0.44116652578191046 0.37027027027027026 0.004564666103127622 0.00508744038155801
1 0.4550718512256974 0.3655007949125596 0.006001690617075348 0.005723370429252773
1 0.3918427726120034 0.37098569157392686 0.005494505494505495 0.006836248012718619
1 0.118385460693153 0.36542130365659775 0.005494505494505495 0.0042925278219395685
1 0.12848689771766694 0.36573926868044515 0.0037193575655113924 0.004292527821939614
1 0.14852071005917158 0.36597774244833065 0.004733727810650882 0.005723370429252773
1 0.10718512256973795 0.36534181240063596 0.0038884192730346528 0.0050874403815580555
1 0.10156382079459003 0.36955484896661367 0.004649196956889264 0.005564387917329093
1 0.08423499577345732 0.3652623211446741 0.00414201183431952 0.005246422893481735
1 0.0470414201183432 0.3647058823529412 0.003634826711749786 0.006359300476947536
1 0.05714285714285714 0.364785373608903 0.004057480980557901 0.004292527821939614
1 0.017075232459847843 0.3651033386327504 0.00422654268808115 0.005882352941176452
1 0.00650887573964497 0.36534181240063596 0.003719357565511412 0.0047694753577106515
1 0.2314877430262046 0.36629570747217804 0.0038038884192730348 0.005723370429252773
1 0.2653000845308538 0.3651033386327504 0.004311073541842744 0.005564387917329093
1 0.3121724429416737 0.36470588235294116 0.004395604395604386 0.005405405405405414
