1 0.8517117500305175 0.47184442124419823 0.01955089569091793 0.03296809628582145
1 0.7476858139038084 0.46874905481626566 0.02002220153808592 0.032298890888596186
1 0.5080545425415038 0.46880465751611555 0.019427490234375018 0.03080533062520956
1 0.6451661109924316 0.47190558421403306 0.018692779541015607 0.029949049047521624
1 0.326216173171997 0.4671962149002972 0.01870107650756836 0.02456114743206952
1 0.41724567413330077 0.4669057356344687 0.019120311737060556 0.02854176265067635
1 0.6572896003723144 0.40303500399870024 0.0052092552185058405 0.007856661488786231
1 0.913776969909668 0.4255005574188475 0.012422561645507812 0.016231683631011545
1 0.4854855537414551 0.41929852465946454 0.010172367095947266 0.012048208239726722
1 0.5208212852478027 0.4179845073075286 0.01037139892578127 0.013691178338516253
1 0.16014561653137205 0.412274558441817 0.008666610717773447 0.013373166768084631
1 0.7115565299987793 0.4239841283031033 0.011455154418945275 0.014292404951086557
1 0.4129761695861816 0.4199921234992047 0.009684371948242216 0.01080988230500574
1 0.8687639767643286 0.42613401244923355 0.012437714195952 0.013272657859324367
1 0.5924395561218261 0.420642854450996 0.010589027404785194 0.014076809966507358
1 0.6722321987152099 0.42394404055014695 0.010696029663085995 0.01388399415251185
1 0.18745125532150267 0.41312716306677305 0.009418249130249023 0.012557600715770577
1 0.6689881324768066 0.4020835700588499 0.0050819396972657015 0.007920156184743803
1 0.5567097187042236 0.41968962687566663 0.010611820220947246 0.013482937259401178
1 0.6289557456970214 0.40323544276348167 0.0047555923461913676 0.006594121475098414
2 0.5717991828918456 0.3849086135294176 0.0275886535644532 0.022123238088974713
1 0.3470107555389404 0.41664537905888643 0.010051631927490225 0.0131007135388203
1 0.3804991245269775 0.4171058052863528 0.010602951049804688 0.0122864030313416
1 0.3146508693695068 0.4157255131034669 0.009518814086914082 0.01256029116898921
1 0.8264249801635741 0.40150655752524655 0.005328178405761719 0.007675683668952326
1 0.7458189010620117 0.42476391132761065 0.010868644714355526 0.01325353128163352
1 0.4447904109954834 0.4187050106794542 0.009434127807617225 0.01067966436922838
1 0.9403343200683594 0.4084899875810681 0.006000518798828125 0.007676221759596044
1 0.628161334991455 0.4221771302397565 0.010337066650390548 0.013645978724444804
1 0.972137451171875 0.47330022548075124 0.024197006225585977 0.034476005633040305
1 0.5954084873199462 0.402727305832273 0.005130481719970722 0.006433053009081739
1 0.8200518608093261 0.42602250534324465 0.01152801513671875 0.01283059203567867
1 0.7834630966186523 0.4258151610818689 0.011015510559082089 0.013576744394954305
2 0.1468928094238268 0.4115339248166573 0.2937856188476536 0.20513872506282374
1 0.22285828590393061 0.39602735986391197 0.003834152221679678 0.006810792640965002
1 0.7871880531311034 0.3987891997745192 0.00518474578857418 0.007662052039311695
1 0.6831369400024413 0.4030792171132583 0.005772590637207031 0.008444794562359439
1 0.9674896240234373 0.408632043511007 0.005526351928710822 0.008035666309593232
1 0.8348751068115233 0.40667016502404624 0.006019210815429649 0.007465290227262291
2 0.7621444702148436 0.38706456337520917 0.026428890228271502 0.014625662423089872
1 0.9602928161621094 0.40200778895986095 0.005229187011718865 0.007693799387290481
1 0.7914948940277099 0.4057196279019354 0.005400085449218692 0.007044682707430277
1 0.9818580627441407 0.409137759034319 0.00559673309326168 0.007250233333326901
1 0.22905430793762202 0.3963433984353167 0.00408325195312501 0.007055085793208603
1 0.7679706573486328 0.40498854208068363 0.005042648315429745 0.007274985502937496
1 0.6376821517944335 0.4022485845229205 0.004763031005859414 0.007300455126739639
1 0.7287730693817138 0.4052217146929572 0.005127620697021408 0.006898680779437328
1 0.9564807891845704 0.4271145603046507 0.012117004394531212 0.015226350945016367
1 0.8194257736206054 0.4062234601079943 0.006155395507812539 0.00745291414245697
1 0.9277563095092773 0.40895570503319767 0.0055332183837890625 0.00830202117822884
1 0.7012057304382324 0.403661072462655 0.005432891845703106 0.006395027936926355
1 0.2163065671920776 0.4133156741556188 0.008890247344970712 0.013666426168905704
1 0.9537783622741699 0.40824677061011183 0.005780220031738281 0.007138848570079201
1 0.38806389269796066 0.39383773827904645 0.005115365982055674 0.0075540751834741755
1 0.6473212242126464 0.40191227787060274 0.005080223083496094 0.007826349049190676
1 0.7797203540802001 0.4050724842211021 0.00549659729003912 0.00736502600398469
1 0.6192953586578368 0.40327050833709666 0.004651546478271484 0.007227992253386927
1 0.799361228942871 0.3992405681428166 0.00532093048095707 0.007382782995227049
1 0.24139227867126464 0.3973209297713869 0.004263687133789044 0.008215209221043903
1 0.4858797550201416 0.4014832402640192 0.005330562591552734 0.006515201514021229
1 0.48250284194946286 0.39680992302341184 0.005064392089843789 0.0070509604316068295
1 0.7553713798522949 0.40556286416106835 0.004981517791748047 0.006852404984078487
1 0.5838986396789551 0.40175246494942135 0.0048078536987305074 0.006537083866865361
1 0.8509315490722655 0.4062507233672756 0.005645751953125 0.007992080967452797
1 0.8384679794311521 0.40223190371296547 0.005370330810546894 0.0078225824146847
1 0.8050659179687499 0.40538861247428076 0.005680847167968731 0.007704740563712525
1 0.23581035137176512 0.39715143121861873 0.0038559436798095703 0.007503135935869799
1 0.9446747779846191 0.4020626742055192 0.004815864562988358 0.006149837966943195
1 0.8814485777432399 0.40798743106517726 0.005748703278168181 0.004851205589461274
1 0.217577314376831 0.3956558082744313 0.00405726432800294 0.006796802284228575
1 0.24925026893615718 0.39756710624088354 0.0045261383056640625 0.007899170649639185
1 0.34277577400207515 0.3993516838607424 0.0044077873229980856 0.006869085794033457
1 0.4011804580688476 0.3994820811600677 0.004614639282226544 0.0070687174228492335
1 0.31335420608520503 0.3987886616838755 0.004124641418457031 0.007104590132429793
1 0.8964098769535759 0.4080138871884929 0.005125268675856097 0.004904117836092599
1 0.7155009269714355 0.40446049579565774 0.0052852630615234375 0.007712991286916071
1 0.7433704376220701 0.40476146782903866 0.005708885192871113 0.007811282511166814
1 0.43928213119506826 0.3989507166494057 0.005298042297363224 0.008087502374937121
1 0.4756148338317871 0.4012749991849041 0.0044461250305175394 0.006486503346356736
1 0.32154667377471924 0.39875225088365124 0.004148101806640635 0.007165573738716744
1 0.9286696434020996 0.40301070023795943 0.005344390869140625 0.008578958496190786
1 0.4651111602783203 0.40120935212637165 0.004795074462890625 0.0072061099005427945
1 0.42542285919189443 0.3961639452056399 0.004224395751953135 0.007328794567308289
1 0.8649632453918457 0.4063916134341532 0.005953598022461014 0.007324489842158641
1 0.9777132987976074 0.4024514446955985 0.005036544799804611 0.007436592059597889
1 0.7746416091918945 0.40009021326923216 0.004099845886230469 0.006474127261551462
1 0.41997585296630857 0.40074659417278247 0.0047054290771484375 0.00667985725099596
2 0.4453592300415039 0.3838441805543884 0.013488578796386699 0.011296854337561878
1 0.27279887199401853 0.3971983347863953 0.004370927810668945 0.008249647022241232
1 0.35194873781739844 0.4005272627856649 0.004670048321501888 0.004151129488727147
1 0.9133309364318846 0.40294164527201687 0.0054574966430663676 0.008546673057568281
1 0.5178069114685058 0.39817039553425454 0.004783344268798752 0.0071304184833278226
1 0.8138199806213379 0.4008466790325122 0.005026817321777344 0.00756053227119874
1 0.3060400009155273 0.3987805006424459 0.004322910308837929 0.006681830250022909
1 0.5355435848236083 0.4017671727603494 0.0049227714538574606 0.007558021181528073
1 0.2794042110443115 0.3967862470350887 0.0046370506286620905 0.008555641234963421
1 0.5534499168395995 0.4021253617655112 0.004678535461425762 0.006714295052193333
1 0.9114358901977538 0.40728278122190825 0.005889892578125 0.007596046253683412
1 0.44872283935546875 0.39947112321376943 0.0055751800537109375 0.008175390513409491
1 0.33324054958826843 0.3998595660595689 0.0034100389958728696 0.005659788128193248
1 0.3796810081010551 0.3907290109684919 0.00461421012878419 0.007171313372249625
1 0.6078629970550536 0.40210832222846044 0.005072593688964844 0.007399105078086177
1 0.19649231433868405 0.3948885806982771 0.003837370872497549 0.007084860142160486
1 0.4949626922607422 0.40165991335870344 0.005019760131835995 0.007439641239912227
1 0.6007089614868163 0.39859943314083807 0.0045108795166015625 0.0060517261062403745
1 0.5739744186401367 0.4023911785435032 0.004871368408203125 0.00754151973512098
1 0.43023042678833007 0.4006346713188911 0.004851818084716797 0.00687428733692262
1 0.411172866821289 0.39927644085239716 0.004706382751464844 0.0071546325622946555
1 0.18501025438308716 0.39352595582485955 0.0039028406143188526 0.008141670166403802
1 0.8660224914550779 0.4032515854827929 0.005923461914062615 0.009852798413396441
1 0.5443227291107178 0.401721614419182 0.004345130920410175 0.006657078080412314
1 0.20093351006507873 0.3943469027836106 0.003811824321746831 0.0075680655402106025
1 0.2643785715103149 0.3968757494454922 0.00501093864440919 0.008403002855698168
1 0.32803382873535153 0.39804762118571513 0.004003238677978487 0.007816304690508102
1 0.1445101499557495 0.3930087610344818 0.004793548583984389 0.00868011953720799
1 0.45625925064086914 0.4007623781649979 0.004639816284179706 0.006992308551442624
1 0.6137763482371987 0.3804947423530668 0.0072280919472332925 0.04273963639644848
1 0.36248686313629147 0.3918300734794386 0.004680204391479521 0.006808102187746506
1 0.5628021240234374 0.4021192634048825 0.004798316955566349 0.0068003895551866315
1 0.28577384948730467 0.39737895387913347 0.0044478416442870995 0.00855743487044245
1 0.21166472434997557 0.39477952766115215 0.003719425201416025 0.0073250279328023575
1 0.9954378128051757 0.40249216022097245 0.005845451354980315 0.008921542872685128
1 0.37094151973724365 0.39267272342748594 0.004879140853881826 0.007776485982873689
1 0.392165994644165 0.3989233637083505 0.004578018188476601 0.007441076148295459
1 0.17969301939010618 0.39421740230202484 0.004422640800476084 0.007221355802114532
1 0.38234553337097166 0.40039432416470133 0.005639171600341758 0.007151762745528238
1 0.3705752091766851 0.40122001924799044 0.004723366665550614 0.006977186789917461
1 0.17325749397277831 0.39451389024670813 0.004455518722534175 0.007457756958250382
1 0.4601459281902861 0.39844818699002577 0.0033430610619687184 0.0034058404074386543
1 0.5493638515472412 0.39836087962212735 0.004412746429443417 0.006844512987970737
1 0.19086749553680418 0.3935643396241107 0.003953289985656734 0.0077581909009876125
1 0.3986284255981445 0.3929191689423044 0.005120086669921856 0.006168671139472988
1 0.15261441469192505 0.39339735216101324 0.005015420913696294 0.008163911246343731
1 0.4088741302490234 0.39294141002224436 0.004505348205566425 0.00619701058004164
1 0.33598945183907747 0.39622302882040633 0.0027512100226482388 0.00464362825151592
1 0.16791212558746338 0.3952773511883564 0.0037967205047607566 0.00656829312420043
1 0.3957287549972534 0.39539806285609497 0.004191255569458018 0.006821913180934966
2 0.9494954611921723 0.38380482976926206 0.0692578372501313 0.022468011524099107
1 0.8797083609936233 0.40200676315587397 0.004385321572606627 0.008816561484140121
1 0.8946789415345905 0.4022911683650398 0.0046877575431310894 0.006541319810813645
1 0.7605485886069346 0.40129575013295943 0.004385321572606531 0.005119293764984603
1 0.40511071424790984 0.39589205115880904 0.004234103587344252 0.006825725019979471
1 0.41463744731943447 0.39631865897255775 0.0051414114989180235 0.006541319810813645
1 0.37675734201122946 0.3947544303221458 0.002873141719983594 0.005688104183316256
1 0.3508234575387459 0.39646086157714067 0.004234103587344299 0.006256914601647818
1 0.3535453812734672 0.392905796462568 0.0036292316462950866 0.006541319810813645
1 0.3586111837797541 0.39503883553131164 0.0040828856020819725 0.005119293764984603
1 0.36080384456605735 0.3997315214825475 0.004838975528393416 0.00540369897415043
1 0.3677598718881229 0.39546544334506034 0.0030243597052458733 0.005972509392482037
1 0.34507717409877864 0.39219478343965347 0.0036292316462950866 0.006825725019979471
1 0.2987288616158852 0.39816729283213553 0.0040828856020819725 0.006256914601647818
1 0.25646343473507366 0.3970296719954723 0.0036292316462950866 0.006256914601647863
1 0.2541195559635081 0.39333240427631677 0.0034780136610328073 0.0056881041833162106
