1 0.8480125427246094 0.49525378565340994 0.020431137084960995 0.03129606929227163
1 0.6530410766601562 0.4919531376449026 0.019533157348632812 0.02830572022163616
1 0.9924420356750486 0.49988495246026016 0.015115928649902459 0.03264631808088394
1 0.17881867885589597 0.4754369834269173 0.018404245376586914 0.02616788609418274
1 0.26366615295410156 0.4785121714557107 0.018714332580566397 0.027319938162362462
1 0.08479591012001036 0.47246089375834005 0.018567907810211188 0.024672711558865006
1 0.7500403404235839 0.4945912167074569 0.01959514617919922 0.02796170093675863
1 0.4784952163696289 0.4339145014509677 0.009740447998046837 0.013182862043759836
1 0.9390597343444824 0.4470720732344731 0.011781311035156212 0.015122140723684823
1 0.15548782348632811 0.42577525269246064 0.007921123504638663 0.01125560072154419
1 0.013358807563781735 0.4209987117300351 0.008185669779777525 0.011802838906195642
1 0.10989118814468384 0.4247900984056045 0.007843255996704102 0.010423174495727381
1 0.9007662773132322 0.4461985727561865 0.011423873901367072 0.013900674962466775
1 0.180047070980072 0.42667171170487883 0.00804758071899414 0.011116235244823771
1 0.13304016590118406 0.4252078361086701 0.008135271072387715 0.011134530326709802
1 0.06327064633369445 0.4233394957119406 0.00802690982818603 0.011463483073563605
1 0.8238758087158202 0.44345709060826627 0.011201477050781212 0.013867313342556836
1 0.8621225357055664 0.44410665569699626 0.011640548706054783 0.01436307418896015
1 0.08551809191703796 0.42409398847619373 0.007598865032196037 0.009785716446480767
1 0.8451730728149414 0.4263163028347094 0.005374908447265625 0.007702588201137791
1 0.5064075946807861 0.4348662941179139 0.009737014770507812 0.013087619999823432
1 0.23939647674560546 0.42801559308754056 0.008780670166015645 0.011618453178951603
1 0.6754145622253418 0.4406008157896881 0.01089820861816412 0.013565265127888545
1 0.977875804901123 0.4484061793037742 0.011578750610351485 0.013771891935072512
1 0.03662466704845428 0.4221463693912912 0.008330196142196655 0.011699884229699455
1 0.7459223747253417 0.4426964994833844 0.010783004760742168 0.012096277670564636
2 0.9140359878540039 0.40962195093188264 0.027112960815429688 0.021349463743322018
1 0.20759859085083007 0.4280439325281092 0.007623577117919936 0.010692219817581486
2 0.4295186996459961 0.4245725304219984 0.3412490844726563 0.2428806643038751
1 0.8237180709838867 0.42466615819400366 0.005618858337402325 0.0070057608175354245
1 0.8131916046142578 0.4247646287818024 0.0047353744506836324 0.006813841821279341
1 0.2710091590881347 0.42841108971066616 0.008342552185058574 0.010948709691082577
1 0.7804726600646972 0.44307818511332164 0.010615730285644569 0.012112061662780137
1 0.8347207069396972 0.4260562256902503 0.005123138427734375 0.007761778171945714
1 0.6406564235687255 0.43895398937461855 0.010468864440918007 0.013124210163595584
1 0.7109351158142089 0.44191689582242494 0.010556221008300781 0.012764227522954724
1 0.8557151794433593 0.42599344844848436 0.005340957641601601 0.00754044355383359
1 0.9880926132202148 0.427723230504459 0.005025100708007736 0.008505240078002718
1 0.8679521560668946 0.42754870977234943 0.005499267578125039 0.0071164281265913955
1 0.5112069129943847 0.4166864533113561 0.004174327850341758 0.007314445483476066
1 0.527012300491333 0.4168245632432413 0.0040606498718262106 0.007293818675467244
1 0.5371608734130859 0.43520591899586786 0.009374237060546933 0.012341647004095718
1 0.6489891529083252 0.4220316664024074 0.004685974121093711 0.007075891964765346
1 0.948093032836914 0.42443621412559224 0.0049076080322265625 0.006890788783329713
1 0.7647074222564697 0.4234062189517604 0.0046032905578612705 0.0070572381557834725
1 0.5327570915222167 0.41714831444720574 0.0045029640197754095 0.007102975860498686
1 0.8016332387924193 0.42515886986009266 0.0049473285675049215 0.006864422341787966
1 0.6713036537170409 0.4220659248400568 0.004855155944824219 0.007891278653531479
1 0.7743422031402586 0.42199902223668906 0.005382728576660175 0.0077187309204490425
1 0.6913125038146972 0.4227039209799471 0.004868507385253906 0.007789041431226795
1 0.504938268661499 0.4163449451161492 0.004048538208007831 0.007815228509220621
1 0.5640050411224364 0.41892724211530585 0.004185199737548828 0.006443814821955907
1 0.5577970027923583 0.41852690267638676 0.004321765899658222 0.006726133046354891
1 0.8784578323364257 0.4283864272228295 0.0049392700195311735 0.007371841818804961
1 0.9422525405883787 0.4289023664683719 0.0051441192626953125 0.007231220797249186
1 0.2043077707290649 0.4083422816993701 0.004966545104980473 0.00800929986805153
1 0.7923324584960937 0.4231575313925933 0.004614257812499942 0.007354981645302116
1 0.588069725036621 0.41979643786844273 0.004387855529785156 0.006626406913721008
1 0.977692699432373 0.427529517872724 0.005667495727539139 0.007922667274414468
1 0.5799740314483642 0.41972675513008245 0.0041751861572265625 0.00632525551679214
1 0.5509999275207519 0.41832467027612635 0.004496192932128964 0.007081272871202429
1 0.9604426383972166 0.40815224602036704 0.008146667480468788 0.047787291977098516
5 0.11339248835124886 0.3776209265605073 0.08265466205638411 0.06965135753239839
1 0.7079782485961914 0.41848206178941105 0.004994201660156231 0.0072265573450036955
1 0.6324216365814208 0.42133573583654454 0.004467296600341873 0.007032485986172923
1 0.785552978515625 0.4211648920571671 0.004996967315673847 0.008624696200905998
1 0.7002313613891601 0.4226484976436451 0.004957962036132794 0.00786006939619641
1 0.6244117736816406 0.42138918617381954 0.004705238342285137 0.006738688494708087
1 0.5167954444885253 0.4166760502255777 0.004165077209472599 0.007687880390209635
1 0.5962964534759521 0.4208020395997598 0.004227733612060508 0.00696217547539499
1 0.7441619873046873 0.42380709648132314 0.00498218536376955 0.007080914144106678
1 0.5389124870300293 0.4185091456851443 0.0046705245971680074 0.0074643934095228225
1 0.713249397277832 0.42397542917103 0.00549640655517582 0.007060287336097766
2 0.7769046783447265 0.407129963479095 0.013635253906250058 0.011833330709339118
1 0.4994986057281494 0.41600424405690783 0.003927898406982441 0.00800194596258745
1 0.737898826599121 0.41887450923222236 0.00461139678955082 0.0069657627463529555
1 0.7485550880432128 0.418500536234845 0.004827117919921836 0.007094187046651467
1 0.645407485961914 0.415747395456311 0.004672813415527325 0.0066057801057120965
1 0.7536724090576171 0.4243016914646651 0.004702758789062519 0.006777789748150951
1 0.7234378814697265 0.42285889108533503 0.003951263427734394 0.00668990160967849
1 0.680824613571167 0.4221552478869124 0.005108165740966778 0.008399056857644315
1 0.5723929405212402 0.41922731733094715 0.004170227050781231 0.006199521669712261
1 0.6402102470397949 0.42136353718646946 0.004486083984375 0.007219024075991832
1 0.5445885181427002 0.4179729383586889 0.0045408248901367574 0.007797650881526183
1 0.7834794521331786 0.4236138322584579 0.005808925628662071 0.008057369298889398
1 0.9554984092712402 0.4283501061043793 0.0046684265136717985 0.0072550761491202214
1 0.654176902770996 0.4160081900549617 0.004883384704589805 0.007326462841185499
1 0.7333318710327148 0.4227597927251188 0.0037687301635742957 0.0069555390241225505
1 0.9606769561767579 0.42466373678610697 0.009015655517578087 0.009613348076946252
1 0.8208461761474609 0.4207439258102392 0.005053710937500019 0.007411839889987249
1 0.5212276458740234 0.4163422546629307 0.004440689086914005 0.0077137087411077105
1 0.7286194801330566 0.41925798849763846 0.0042711257934569926 0.006745145582432606
1 0.7591470241546631 0.419235029963507 0.004189205169677753 0.007212566988267313
1 0.7972258567810057 0.4206476075850154 0.0044099807739258 0.007161807104210768
1 0.689999485015869 0.42026260372944213 0.005059242248535156 0.008248212113858046
1 0.4937705993652344 0.4159362652722527 0.0044401168823242 0.007445739600540949
1 0.9974384307861328 0.4281477840223449 0.005123138427734375 0.009687963312873743
