2 0.8723899841308593 0.4589134753034679 0.025637435913086013 0.019793664328813174
1 0.7150663375854491 0.5329174402597788 0.020297527313232422 0.03129391692969685
1 0.812736701965332 0.5359766649328088 0.023583602905273362 0.031716138721460015
1 0.9295660018920898 0.5436039204438274 0.025482177734375 0.035148798301223715
1 0.19257726669311523 0.5032390508060425 0.019721841812133774 0.025810414543212503
1 0.11452066898345947 0.4978914163070945 0.01881074905395509 0.024602759775183006
1 0.9124954223632812 0.4913322707238371 0.009471893310546875 0.01278341942258018
1 0.9934179306030273 0.49685523309086 0.009542274475097734 0.012138248740773874
1 0.3580432891845703 0.5120337836503602 0.02129340171813965 0.029085054837273906
1 0.738326358795166 0.4807735870676693 0.007532501220703067 0.010583166780456623
1 0.7214101791381835 0.4795470991271098 0.007250785827636719 0.010945839874316113
1 0.7059895515441894 0.4793919496581739 0.007976818084716777 0.011140090596694806
1 0.8892826080322264 0.48970858220644703 0.008700942993164025 0.012812296953792638
1 0.8633831024169921 0.4890153420938027 0.009511947631835938 0.012000138808888809
1 0.756357192993164 0.4813439631500001 0.00875091552734375 0.011292011521768421
1 0.6205543994903564 0.5282077122189471 0.024059391021728476 0.035136601579966356
1 0.7960091590881347 0.4838003469385289 0.008590888977050801 0.01106170872626134
1 0.5326436519622803 0.5247129031698351 0.021097564697265665 0.03289096996022334
1 0.9676789283752439 0.49381170272827146 0.009976577758789178 0.012877405921681318
1 0.8194932937622069 0.4852607249455535 0.008985900878906288 0.012025429069143032
1 0.4498678684234619 0.5196479456223819 0.02363405227661129 0.03463079637488038
1 0.9381484031677244 0.49212622346862883 0.009691619873046913 0.012896239094211111
1 0.6896671772003173 0.4786791589188083 0.007096195220947304 0.00966697777776917
1 0.020234119892120362 0.4912199891428499 0.02130568623542786 0.02382755052114708
1 0.7741373062133788 0.4817625976708052 0.008106803894043026 0.012581276704093782
1 0.27769267559051514 0.5089026341946211 0.023709344863891632 0.027502888981223314
1 0.8406125068664551 0.48641672301178707 0.009225654602050761 0.012837049123403188
5 0.03391800507185125 0.3952405594869714 0.0678360101437025 0.07239646449187606
3 0.4161518954418363 0.43137934314404897 0.0419041839160182 0.03668827198238957
3 0.7866135234316015 0.45241610959886397 0.020066671516112335 0.016039778651054583
3 0.8396647862523233 0.45430314238134095 0.027842506728605804 0.014624504064196873
