1 0.13612380027770996 0.48787943274493434 0.019055652618408185 0.029140836900671603
1 0.7398343086242676 0.5096166804788222 0.020503234863281268 0.028566873547382743
1 0.44512252807617186 0.4968781019432177 0.018743515014648438 0.029892728893480165
1 0.5458992481231689 0.5022790970976666 0.0192716598510742 0.027604050022240475
1 0.22469358444213866 0.4895154076653558 0.02206234931945799 0.030846584241227295
1 0.6479330539703368 0.5072960748960558 0.01926698684692377 0.026884084740958575
1 0.4272243499755859 0.4496498861449322 0.008073043823242207 0.011484647972216098
2 0.277092170715332 0.4151189055844596 0.023360633850097696 0.017672690374862597
1 0.4051167488098144 0.4494760828670144 0.008150100708007812 0.010850239103283959
1 0.7137040138244628 0.46159047625591715 0.00994873046875 0.012861442565917987
1 0.3302537441253662 0.49337100649107424 0.023740673065185538 0.032712682593607885
1 0.2695265769958496 0.44208379360374844 0.008058357238769511 0.011243224636738915
1 0.4945758819580078 0.4521496759120534 0.008049964904785156 0.011356582399013519
1 0.6226222038269043 0.45689097193731604 0.009480857849121132 0.01344724391336845
1 0.22998287677764886 0.43967350624703067 0.007253313064575185 0.011042696190183533
1 0.38453147411346433 0.44763240495812145 0.008594226837158223 0.010804860125664497
1 0.5731297492980957 0.4548293673177212 0.00887260437011715 0.012790593964496381
1 0.051314757764339435 0.4824565552376412 0.025322392582893365 0.029380466600669758
1 0.5983414649963379 0.45591487550962895 0.00906715393066412 0.013295861078938508
1 0.31310229301452636 0.4442890684252133 0.008122634887695332 0.01142438182012074
1 0.46973743438720705 0.45145912625262763 0.007989692687988261 0.011463483073563515
1 0.24897198677062987 0.44082268849844397 0.007817649841308632 0.011767324923710925
1 0.6785826683044434 0.4602981618932775 0.008976173400878926 0.013099278630437023
1 0.4504124641418456 0.45066230369106947 0.008111000061035156 0.011240713547068295
1 0.29262413978576657 0.4435925997687068 0.0073662757873535255 0.011674773332993063
1 0.9779970169067382 0.47293414447948173 0.010540771484375077 0.013531544780882764
1 0.3362463235855102 0.4455577964813038 0.00751624107360836 0.010854543828433608
1 0.17252197265625 0.4374572902491438 0.007705736160278325 0.010348200532703957
1 0.5466106414794921 0.4538096855478938 0.009177207946777344 0.011933056841973091
1 0.18930461406707763 0.4386100597715149 0.006800127029418941 0.01064092184288136
1 0.20926132202148437 0.4389686075037727 0.007902717590332016 0.010802707763089628
1 0.36236801147460934 0.44692732685131564 0.008271312713623056 0.0106522217463992
1 0.6489431381225585 0.45775137887660566 0.009438896179199257 0.012711494639871231
1 0.11289305686950683 0.43558984667015377 0.006406569480895986 0.008673662449483427
1 0.1569638729095459 0.43726752361546256 0.007113885879516597 0.009748408828517022
1 0.5228221893310546 0.4532341079226737 0.008535003662109433 0.011726788761884875
1 0.1276850700378418 0.4359975400145368 0.007177543640136714 0.009899791662946964
1 0.9412975311279297 0.47088240485502153 0.009989929199218865 0.014155729927584498
1 0.7485476493835449 0.46301094587353336 0.010213661193847636 0.01295865760888125
1 0.1411720275878906 0.4360842622899478 0.007064867019653301 0.010482902557178977
1 0.992037296295166 0.4524171069619765 0.004572677612304572 0.006993743459825901
1 0.9679889678955078 0.45066239337284336 0.004725265502929572 0.00801288713900954
5 0.5044631004333495 0.4088735565282582 0.09169406890869133 0.057186121250753
1 0.9598497390747068 0.4511659565335805 0.004791259765625 0.009605994171482219
1 0.97048921585083 0.4464163201033405 0.004726982116699373 0.007028539988119025
1 0.9839780807495118 0.4512776103421501 0.004276657104492226 0.007656671132874567
1 0.9605430603027342 0.4458904261808895 0.004344177246093865 0.0073187502086257145
