1 0.22862391471862792 0.4747918127451109 0.018442583084106463 0.025221743378995486
1 0.9554028511047363 0.4984173102295455 0.020139122009277383 0.02830751385711528
1 0.8097999811172485 0.49437302095143326 0.020379590988159255 0.028081515786757664
2 0.3903093099594116 0.42366315723413117 0.34558787345886227 0.24009586585913628
1 0.050295531749725335 0.470645465608242 0.018087792396545403 0.02310991696598797
1 0.1445397138595581 0.4731007732154833 0.01682357788085938 0.022467436737400117
2 0.8744038581848143 0.4071296944337733 0.028215980529785117 0.022408426130140158
1 0.6163712501525879 0.4898909052528902 0.01905326843261717 0.023282105971974658
1 0.7422545433044433 0.44074511376397596 0.010978507995605449 0.012850501389495898
1 0.8999277114868164 0.4434489295668366 0.01169471740722664 0.015473693277574306
1 0.7129251480102539 0.49195887727843557 0.020455551147460862 0.02390378002900577
1 0.44324231147766113 0.4314532748466455 0.009201717376709004 0.013338549603339337
1 0.1457465052604675 0.42488381585938373 0.007155680656433096 0.009021986459510694
1 0.2043680429458618 0.42555920929901164 0.008927202224731454 0.011523749225658872
1 0.9855420112609863 0.4451999662032377 0.01166496276855484 0.015142229441049973
1 0.785773181915283 0.4417822834797239 0.010804939270019511 0.012400298884259878
1 0.8623374938964843 0.44314428058072375 0.01119270324707035 0.014207386629380559
1 0.47159700393676757 0.4327609247926308 0.009679794311523438 0.013390385668683318
1 0.6738296508789062 0.4390032246685179 0.01022033691406248 0.013433253556632068
1 0.07506806254386901 0.42163625946105565 0.008254134654998782 0.010808268033074723
1 0.726645565032959 0.4218301514563385 0.004968833923339863 0.006543002863946117
1 0.02929937839508056 0.42039138675683635 0.008013904094696041 0.011967135916074623
1 0.9383447647094726 0.44408208289093354 0.012406158447265702 0.01499533069531751
1 0.17255455255508423 0.42457324787619005 0.007870936393737808 0.010080410755685118
1 0.8242549896240233 0.4423849450006773 0.010771179199218788 0.01247060939503772
1 0.003048614040017128 0.42005633564935385 0.006097228080034256 0.011347972948714131
1 0.7863196372985839 0.42296435685150197 0.005211830139160156 0.006842001898300116
1 0.6388013839721679 0.43742356990213804 0.010457801818847636 0.013130846614867934
1 0.9392861366271971 0.42529446870230714 0.005510711669921914 0.006731155225696224
1 0.9701044082641601 0.42646373967108553 0.00580348968505844 0.008802086749781847
1 0.12116396427154541 0.42409425752151564 0.006966280937194829 0.00872406360644413
1 0.0512059211730957 0.4213036297614699 0.007550585269927977 0.011067448359794174
1 0.6860527038574218 0.42107512060144175 0.00463428497314457 0.005927606531091602
1 0.6707783222198486 0.4160959885116602 0.004866981506347599 0.006825500451893023
1 0.7546718597412109 0.4223226837588797 0.004983806610107364 0.006729540953765026
1 0.23597021102905275 0.4258808081404014 0.008156681060791007 0.0103894541487216
1 0.6760396003723144 0.4194635391235351 0.004465484619140664 0.00558950624329483
1 0.7086803436279296 0.44008801540623405 0.010274696350097636 0.011529130132095956
1 0.6963873386383056 0.4208501090305977 0.004494380950927753 0.006220865931912766
1 0.09831737875938415 0.42278714566617404 0.0071427226066589355 0.009712356755388542
1 0.7649080753326416 0.42151761047411795 0.004529762268066387 0.00653242041461987
1 0.6047047615051269 0.43655885823769863 0.010252380371093788 0.012427024052897466
1 0.9825138092041014 0.42706496628365576 0.006038665771484375 0.008784150394991566
1 0.775683307647705 0.42277719098926525 0.004944419860839805 0.006968094472475746
1 0.45795040130615233 0.4129649287376949 0.004153251647949219 0.0073409912885656434
5 0.08324775546789168 0.3795331776805447 0.09843545258045196 0.06029215980978573
1 0.9486816406249999 0.42534827776667794 0.005672454833984375 0.008599226577103856
1 0.9587674140930176 0.42619227294133455 0.005453491210937539 0.008540574696939605
1 0.915249443054199 0.42573785539272285 0.004958724975585899 0.00718494500189021
1 0.46381263732910144 0.41311146875633153 0.004383277893066425 0.007224404982428915
2 0.7388398170471191 0.4042753029324481 0.014138031005859452 0.011897722223036294
1 0.9352809906005859 0.42182208009668287 0.004898452758788909 0.007595866890135536
1 0.9283981323242188 0.4264380906837354 0.004619216918945274 0.006997330730783956
1 0.6609747886657714 0.4157138544728532 0.005303001403808651 0.0075705766298812234
1 0.4384425640106201 0.4131285979751562 0.0049386978149413676 0.006774202477192804
1 0.6908312797546386 0.41659533662902143 0.004375267028808575 0.00688325551431776
1 0.6538459300994872 0.4204068120219559 0.004842567443847733 0.006846844714093528
1 0.4851062297821045 0.4144004648933349 0.003556442260742207 0.007759087718727082
1 0.5013580799102783 0.43220480811235823 0.008903312683105449 0.012734811901098594
1 0.9970566749572753 0.4277493279006788 0.005138397216796875 0.0075018803910344885
1 0.7364556312561035 0.4213014773988951 0.0049615859985351176 0.0067659517539893485
1 0.49094066619873045 0.41499182651077043 0.0038038253784179305 0.007950109897243561
1 0.9225828170776367 0.4222681572403172 0.007037734985351716 0.007804825423442295
1 0.6085365295410156 0.4140191379904936 0.0045939445495606045 0.006820836999647532
1 0.7069099426269531 0.42156702513156513 0.004510688781738262 0.006828011541563644
1 0.7158467292785644 0.42114578983931544 0.00422992706298832 0.006942445485125683
1 0.9027497291564941 0.42489726812547635 0.005278205871582185 0.006536725139769519
1 0.8067092895507812 0.4242869836537372 0.005123901367187481 0.007305477306080926
1 0.5084983825683593 0.41588012448175904 0.004263877868652344 0.008160323975385676
1 0.745830488204956 0.4220064658239271 0.0052203178405762106 0.00652775696237438
1 0.6031680583953857 0.4186601697924785 0.0041302680969237705 0.006255124369562218
1 0.42603702545166006 0.4125329316325711 0.005195999145507803 0.007833882318202584
1 0.5029522895812988 0.41491344464033697 0.0044401168823242 0.00868119571849538
1 0.5955178260803222 0.4184634079804291 0.00426464080810545 0.006462827358033531
1 0.6812957763671874 0.41533548706855233 0.004454994201660195 0.006341218872555471
1 0.4754044532775878 0.41398900491444596 0.00388755798339838 0.007759267082275002
1 0.8907558441162109 0.42483906465418203 0.005664443969726716 0.007175259370303477
1 0.6515969276428222 0.41532777443599245 0.00512332916259758 0.007951544805626837
1 0.7007047653198242 0.41675416305068946 0.0039392471313476176 0.005786626782440076
1 0.5151379108428955 0.41648054395836365 0.004027557373046894 0.007294356766111006
1 0.79617280960083 0.42366548896025397 0.004883003234863205 0.007181716458027996
1 0.6363350687159253 0.4157586943047477 0.003998315784702114 0.005790036800012572
1 0.6174853324890136 0.41493927299123495 0.0054225921630859375 0.008445153289455372
1 0.6630866527557373 0.4207203395036899 0.004889202117919941 0.006933477307730543
1 0.5363319396972656 0.41620208205024456 0.0038338661193848232 0.008524970068272025
1 0.7112662315368652 0.41714069149641997 0.0038259506225585744 0.005903392452124725
1 0.9721796035766601 0.4227720791281501 0.004755401611327971 0.006754472486923497
1 0.6435888767242431 0.41902338097698166 0.005135726928710956 0.007711197651437089
1 0.4696026802062988 0.4136517117626147 0.0038818359375000383 0.0075947907088481014
1 0.45158777236938474 0.41298026432104057 0.004477310180664139 0.007289334586769674
1 0.6118780136108398 0.4192874041194946 0.004227161407470703 0.007104948859525544
1 0.9079850196838379 0.4221591938849662 0.0044073104858398824 0.006199701033260182
1 0.721592330932617 0.4171859807922653 0.004182624816894512 0.00624436255668796
1 0.6278667926788329 0.41465821031167127 0.004874801635742245 0.007437488877337402
1 0.5287515640258789 0.4163610878354605 0.0037479400634765625 0.007633353871647293
1 0.9216877937316894 0.400590547886107 0.008774566650390702 0.040217253437860916
1 0.4967612266540527 0.41554588051024227 0.004197692871093711 0.008017191864159279
1 0.5221123695373535 0.41654789497060113 0.004046821594238224 0.007735232366856045
1 0.48089923858642575 0.41485425466952897 0.004421234130859375 0.008177901603080113
1 0.9596000671386719 0.4235637898285931 0.005283355712890625 0.00818633168983158
1 0.7476627349853515 0.41957725561290543 0.004372024536132851 0.007170595918058077
1 0.6247663802090508 0.4192720618913738 0.0034798293143720677 0.005181248244511336
1 0.6337559392711788 0.41954475916740064 0.003769815090569844 0.0062720373486189855
1 0.5991751354596057 0.41409081364686245 0.003914807978668636 0.00681743190067272
1 0.58989559062128 0.4146362081989163 0.0033348364262732757 0.00463585369245742
1 0.5872132221914516 0.418453970063293 0.004349786642965109 0.004090459140403686
