1 0.04698337912559509 0.48839456485451116 0.018209254741668703 0.02321932873020868
1 0.1883497595787048 0.4984307624956382 0.01875271797180175 0.026529483006754798
1 0.3313819885253906 0.5098946042962976 0.020222759246826132 0.025469982529293028
1 0.5963865280151367 0.5311266745975172 0.020342254638671915 0.02957023323435088
1 0.11265878677368162 0.49299577794886157 0.017084836959838857 0.024389137789630755
1 0.2564087390899658 0.5037168752976555 0.018903923034667987 0.024885974817321414
1 0.5134784698486328 0.5254421056738339 0.019685649871826114 0.026584906343056745
1 0.8744035720825195 0.5520133803872501 0.026854324340820388 0.030597627636738157
1 0.41423316001892085 0.517123583049198 0.021694660186767578 0.026756736621947677
1 0.7743105411529541 0.544016187558682 0.023560047149658203 0.029831565923645293
1 0.6885399818420409 0.5370121306948518 0.025948524475097656 0.028234692256666635
1 0.967246150970459 0.5587694671461048 0.026981353759765625 0.028058198525530303
3 0.7912481078849594 0.4614867945921298 0.039971954104333296 0.03697267719155544
