2 0.9316041946411132 0.46390480411450696 0.02699680328369133 0.019687481108454682
1 0.07336012721061706 0.4968897605738313 0.020381271839141846 0.025902966133930363
1 0.16800959110260008 0.5016443295016387 0.02011120319366455 0.027115463717753183
1 0.7725130081176758 0.5356842126679533 0.021408843994140607 0.028153261205918875
1 0.412118911743164 0.5133454692761734 0.02171821594238283 0.0273289063397576
1 0.9883644104003906 0.5471002540830966 0.023271179199218905 0.02781247046490356
1 0.3310625076293945 0.5102993381421402 0.02243223190307621 0.029557319058901934
1 0.24610342979431146 0.5059461848345393 0.021193933486938446 0.029649153195428202
1 0.8333612442016601 0.4865062254221905 0.007909774780273438 0.011439627721692477
1 0.6775393486022949 0.5286607845409496 0.0269170761108399 0.030627222622142118
1 0.8733124732971191 0.5409227941297765 0.026970291137695352 0.030361585207698057
1 0.8778699874877928 0.48937442791670416 0.008665466308593788 0.010833558293328945
1 0.8993671417236329 0.49097130158368274 0.0090938568115234 0.012217527428946854
1 0.7458751678466796 0.48130109526205134 0.00760307312011713 0.011151211136664726
1 0.5890851497650146 0.5249361211052002 0.024343585968017636 0.028889010479416093
1 0.9717869758605957 0.4935322543206389 0.0091552734375 0.012558856260605931
1 0.8157183647155761 0.4856246535842483 0.008984756469726485 0.011961396282541698
1 0.9226563453674316 0.4926673632926516 0.009136199951171875 0.011726788761884875
1 0.7971916675567626 0.484383278469213 0.008946895599365234 0.012700015372805379
1 0.8546531677246093 0.4882496391078057 0.008894729614257793 0.011951710650954964
1 0.7630117416381835 0.4814402813752238 0.008392906188964901 0.011815753081644679
1 0.9967638969421386 0.4948023276033386 0.00647220611572281 0.011311024057846227
1 0.9487958908081052 0.49372291777205957 0.008966827392578163 0.012189905442569933
1 0.7796482086181639 0.4820838377850992 0.008390617370605489 0.012656609394212957
1 0.5036378860473633 0.5182060420607913 0.024265289306640625 0.029690765538541598
1 0.0025373017415404315 0.49605876925639764 0.005074603483080863 0.01781725739447227
3 0.4681015646182555 0.43532711401745805 0.038278122458093415 0.035246122926478086
3 0.8475045241155026 0.4569343314956119 0.021788382353831202 0.015556761309955144
3 0.9005632700327028 0.458831497509021 0.029454665033882763 0.016315627715318873
