2 0.13535502958579884 0.4485823560405422 0.2707100591715977 0.2449389569141526
1 0.5301660537719726 0.5278338289033437 0.018614006042480393 0.024497114645468186
1 0.6084547996520996 0.5338969445948759 0.01846809387207033 0.02562602881596837
1 0.7644518375396728 0.546870668741781 0.019875526428222656 0.026546163816709812
1 0.6802173614501953 0.540774101748565 0.01881847381591793 0.027136449252857846
1 0.37637155055999755 0.5134921886583579 0.01845388412475589 0.022380086689571508
1 0.4546383857727051 0.5213441866948987 0.01851387023925783 0.02256465178036347
1 0.9247182846069334 0.5636321922932974 0.022340774536132812 0.027056991201136943
1 0.8395950317382812 0.5540233283050487 0.01938705444335945 0.027453922732645887
1 0.2866644859313965 0.5043199852274787 0.017250347137451202 0.02193042227497916
