1 0.25629410743713377 0.5082032957213483 0.01826786994934082 0.02512775687989444
1 0.18822021484374998 0.5042373883136694 0.017835426330566412 0.02470087163588578
1 0.33136701583862305 0.5147073766953993 0.020347213745117197 0.025166499406241463
1 0.11219607591629026 0.49980029286565 0.018481755256652847 0.022948489772875454
1 0.5157995223999023 0.5296266572464061 0.020473480224609278 0.024498908280947213
1 0.41443448066711425 0.5191033978909491 0.021430110931396493 0.025307658518441
1 0.7748135089874267 0.548273112322833 0.023388576507568377 0.028737986372081904
1 0.045560595393180844 0.4940000344535694 0.018118280172348022 0.02042018120163761
1 0.8754304885864256 0.5542109425761552 0.027366638183593653 0.030806406806496996
1 0.5972329139709472 0.5345294701465552 0.020264053344726602 0.0284626633260512
1 0.6891474723815918 0.541761229034448 0.02559242248535162 0.029260293023574975
1 0.9694650650024415 0.5641019454252549 0.030192947387695273 0.030567853287786273
3 0.7764070865032404 0.45694223635400116 0.042705691744153215 0.04140169581346055
