0 0.2832613945007324 0.14826675151224544 0.012616539001464835 0.06064586472625004
0 0.6584950923919677 0.31955158585395266 0.01853799819946289 0.03865840484303778
0 0.25376570224761963 0.037569085175737094 0.014391565322875968 0.06353630830070361
0 0.45458312034606924 0.16422427796028755 0.011158561706543026 0.053989683463577236
0 0.27635178565979 0.04328634310602573 0.013717842102050801 0.0704095194563388
0 0.32108101844787595 0.05049406727849963 0.011126470565795918 0.055110974683291576
0 0.4478602409362793 0.1697938748497652 0.01250915527343748 0.05462265742412621
0 0.28528742790222167 0.04399133153105767 0.015624237060546895 0.07622466504289538
0 0.16450147628784179 0.12474124920576668 0.015523862838745113 0.08102640658380117
0 0.17568542957305908 0.1261258909546893 0.015331387519836426 0.08059315393384195
0 0.1864497661590576 0.1386221044961902 0.01365342140197753 0.07411247990279204
