0 0.4549117565155028 0.16717830591247265 0.010576438903808614 0.05611029869043201
0 0.6576560497283935 0.3203428481455258 0.020358276367187518 0.036972208129203564
0 0.4435683250427246 0.16704656338653806 0.009744834899902266 0.051163452039272875
0 0.1465142488479614 0.12004264170490499 0.014632844924926773 0.07503674026513515
0 0.1634023904800415 0.12542704573117303 0.015777778625488275 0.07916533041076176
0 0.27385010719299313 0.04363664011507989 0.017240619659423837 0.07340686370534244
0 0.3184843063354492 0.14932338217294083 0.013211345672607431 0.04832941830063472
0 0.25258665084838866 0.036887996943463196 0.01395864486694338 0.06511147897838598
0 0.3208881616592407 0.05000099688531484 0.010982179641723624 0.05378987247121353
0 0.32826557159423825 0.05056487103903426 0.011714172363281221 0.05575148191285246
0 0.14016363620758054 0.12464354091304664 0.011367154121398946 0.06220363713978584
