5 0.2112444637861339 0.34561624822631737 0.15152701139450073 0.08816059170163491
1 0.27318015098571774 0.44915035866402286 0.018230772018432626 0.027799556289454522
1 0.09592383503913879 0.44762523041620533 0.018056929111480713 0.026621137779733146
2 0.5441848754882812 0.37028277174277974 0.024244499206542987 0.017100879384148473
1 0.4052584648132324 0.4524839198835704 0.01717538833618161 0.02717788223242341
1 0.6024556159973143 0.45245199317204365 0.018622398376464844 0.028660142592292107
1 0.5031505584716797 0.4520591870021365 0.018501853942871054 0.02849423131048202
1 0.8263166427612304 0.45539651485618987 0.019335937500000018 0.028963266988247832
1 0.18533269166946406 0.44892346377592585 0.018782329559326166 0.026336308465663538
1 0.930511474609375 0.45660147917100086 0.019932556152343635 0.02764996709050361
1 0.2853338241577148 0.40406517853608004 0.01005411148071289 0.014044345164336934
1 0.9637676239013672 0.414239934517962 0.012552070617675859 0.015500239082663929
1 0.838400363922119 0.412894707908691 0.011583709716796913 0.013515940152215276
1 0.5365931510925293 0.4093225931704328 0.010787296295165996 0.01414927283986007
1 0.7163010120391845 0.4549733065649132 0.02272233963012701 0.03070165849452178
1 0.6176637649536132 0.410477425373605 0.011126327514648515 0.014386391450187514
1 0.5710733413696288 0.4098443617312821 0.01055345535278326 0.013370296951318214
1 0.8856639862060547 0.41163198853145533 0.011968612670898438 0.015184917965450802
1 0.7881386756896972 0.41193062883871345 0.01201934814453127 0.01397708383387334
1 0.35417666435241696 0.4066074774640542 0.01028108596801753 0.014367378914109843
1 0.4678399085998534 0.40883714572803387 0.011076736450195293 0.014902958468147568
1 0.6593697547912597 0.41041689017618777 0.010858917236328067 0.014341909290307656
1 0.500377607345581 0.4098083096581536 0.010418415069580078 0.013404196661871868
1 0.11759458780288694 0.4035449345653879 0.010007810592651363 0.012179322993243641
1 0.7443644518215154 0.40991723071421016 0.011700630187988281 0.014500107939558004
1 0.9256738662719725 0.41250746200876887 0.012858009338378868 0.015660590094488967
1 0.3880915164947509 0.4071979422637502 0.010165834426879874 0.015482302727873603
1 0.6988020896911621 0.41083113029006935 0.011575317382812462 0.013070221735676825
1 0.2507231473922729 0.40361515539439186 0.009518957138061532 0.013448320094655885
1 0.5859677089916816 0.3905998103365552 0.004382088515589878 0.00585264970370445
2 0.36254296350830517 0.3688587605985191 0.027985811233520508 0.017906580441327827
1 0.4300684452056884 0.4075962190218684 0.010668659210205069 0.014611313339257649
1 0.18111770153045653 0.40434166744517214 0.009680414199829093 0.01222075597280916
1 0.31999673843383786 0.40521875519441686 0.010730552673339873 0.014712833107370695
1 0.5290138721466064 0.3842374351331653 0.004765224456787128 0.007159834105183864
1 0.8973781585693359 0.39134704744493637 0.005701446533202971 0.00801324586610538
1 0.8703752517700195 0.38619393271368896 0.00540523529052742 0.0069682738360236675
1 0.2116302490234375 0.40413513031976206 0.010040712356567403 0.012783598786128145
1 0.8885103225708008 0.3865779500697488 0.0060279846191407015 0.008262919924786066
1 0.9312925338745117 0.39208638398939166 0.005719375610351678 0.008058804207272674
1 0.08643168210983275 0.4038520049593975 0.010085654258728023 0.012418235239050113
1 0.08001288175582885 0.38453553734977974 0.004584097862243655 0.007763930534520448
1 0.8572049140930175 0.3916966269997989 0.00619068145751957 0.008922260326876767
1 0.1008294939994812 0.385636650170355 0.004042172431945803 0.007499728028459619
1 0.9072924613952636 0.38645526540298336 0.0054264068603515625 0.008022214043500476
1 0.5118728160858154 0.3895460580604444 0.0055951118469237705 0.006864242978240045
1 0.14956352710723875 0.4040056298381763 0.009664058685302734 0.01342141556247051
1 0.8823226928710936 0.390554260563206 0.005526733398437615 0.008094318189757437
1 0.14789235591888428 0.38162913041956287 0.004458570480346694 0.006430541919411072
1 0.5462466239929199 0.3899718671231656 0.005225181579589844 0.007252744422997522
1 0.9136125564575195 0.3914835431048904 0.006039810180663986 0.009112565051201607
1 0.0946813941001892 0.3853159481467048 0.004081308841705322 0.007071587239615697
1 0.927177619934082 0.38626262895253577 0.005649948120117034 0.00777666534642161
1 0.8142854690551757 0.39098948621219215 0.0062103271484375 0.008942887134885587
1 0.5001391099855644 0.3896597239853657 0.005131754669615176 0.006028509973911091
1 0.8498695373535156 0.38630657302177196 0.0053844451904296875 0.007984906425536686
1 0.7212458133697509 0.3861573425499168 0.0041942596435546875 0.008022572770596318
1 0.5520763874053954 0.3840121545169993 0.004666805267333984 0.006859400162446678
1 0.9607572555541992 0.39141735795571425 0.0057844161987305074 0.008118711632272235
1 0.5235774040222168 0.3892913618224224 0.005446624755859394 0.006811510095156596
1 0.14118740558624265 0.3862630773614055 0.004735708236694336 0.007530937285794778
1 0.7109037399291992 0.3887636742644924 0.005610275268554669 0.0073409912885656885
1 0.07277119159698486 0.3842408430405754 0.004231381416320793 0.0068054117345279184
1 0.7998865127563476 0.39055623356223296 0.005813026428222599 0.008024545769623222
1 0.6014644145965575 0.3902965151448697 0.0054536819458007426 0.0077144261952993036
1 0.8068117141723632 0.38581834544438054 0.004967689514160156 0.0073422468334009994
1 0.9501134872436523 0.3872021352164506 0.006103134155273591 0.008450354832344489
1 0.5345698356628418 0.3894384399317027 0.005495548248291016 0.007221535165662408
1 0.7838346066962634 0.3912976003792403 0.00544997511127706 0.00612461252318654
1 0.15762428045272825 0.38192436281941083 0.004214906692504873 0.006171182229143655
1 0.6270033836364746 0.384475988651876 0.005663967132568321 0.008398160039904757
1 0.8432223320007324 0.39064824706230705 0.00603847503662117 0.008139876530924729
1 0.3635862588882446 0.38351101276415894 0.004303741455078106 0.00627700672240626
1 0.4736476042750937 0.3895189577791871 0.004355576987641293 0.004747306794441154
1 0.11475490331649778 0.3855015894187842 0.004756379127502446 0.008444435835263688
1 0.13013997077941894 0.38165908413206256 0.004686164855957012 0.006636809999499289
1 0.724207592010498 0.3888355990472014 0.005126571655273399 0.007423139793505179
1 0.12353814840316772 0.3858499134288114 0.005337262153625478 0.008514208255397903
1 0.9923908233642578 0.3862420918263009 0.0060901641845703125 0.009845265144384533
1 0.4598586082458495 0.3892233830377672 0.005375480651855526 0.007250592060422651
1 0.9735006332397459 0.3925187398216114 0.005740356445312615 0.008130190899337995
1 0.9698379516601562 0.3859708044600979 0.006057929992675705 0.009219465725751691
1 0.08696962594985962 0.3847272769824878 0.004572367668151853 0.007871010572618409
1 0.9464274406433103 0.3916917841840055 0.006118202209472695 0.008093421372017923
1 0.8293489433604584 0.39165727906462117 0.005207438722870169 0.005890074822406114
1 0.39985227040688265 0.38984645136968127 0.004352940166792662 0.005448069671000103
1 0.13283038139343262 0.3863701573995035 0.004330968856811509 0.006261760820834568
1 0.3014968872070312 0.38653221236503366 0.0049324989318847755 0.008094497553305312
1 0.1620596170425415 0.38687946019377345 0.004742527008056655 0.007134005754285879
1 0.4671440601348877 0.38317273311281425 0.0052050590515137106 0.007508516842306883
1 0.7700820922851562 0.38989778997788177 0.006092739105224628 0.009076871705168969
1 0.4862121794772018 0.3895963158318763 0.005063099493954516 0.005958385105292624
1 0.10678948163986206 0.3853622239420637 0.00438380241394043 0.008306146539830613
1 0.5764402389526366 0.3840282972363106 0.00542888641357418 0.007735591093951842
1 0.13919157981872557 0.38144510341941457 0.004571962356567387 0.006509820607584145
1 0.5650995254516601 0.3837177292531169 0.004721069335937442 0.007609857246871963
1 0.7531175181074103 0.3893324699665075 0.005348241750223583 0.006870050395003666
1 0.15378427505493164 0.38646468198924827 0.0041848659515381 0.007022441627490303
1 0.39186811447143555 0.3885021622116501 0.005361652374267588 0.007059031791262455
1 0.4429165693675305 0.3899878965475726 0.005157632143264189 0.005333063596054492
1 0.559054946899414 0.39022387290796906 0.005504989624023476 0.0070464763429093046
1 0.3592008590698242 0.38741647465619444 0.0049971580505370995 0.006978138831158321
1 0.7377262115478516 0.38832441293567843 0.006394577026367206 0.009577296003817772
1 0.06679930686950683 0.3835255412115391 0.0036832571029663135 0.006315031794561644
1 0.32700781448482796 0.3878619896945482 0.004080404303347638 0.005533640554918276
1 0.47736565590335084 0.38462170337872464 0.003846697627428344 0.00446005784277334
1 0.41859146577926576 0.3887713331932974 0.003819493905943614 0.0043084198281347665
1 0.9907992362976074 0.39147009083879764 0.005994987487792892 0.007558021181528073
1 0.029625678062438963 0.38346787583088837 0.00465116500854492 0.006601296017014572
1 0.4294446681070382 0.38938699134386734 0.004766983613978773 0.003779132453486328
1 0.34716263425203114 0.3833314503552044 0.003557800955094084 0.0034493081933158138
1 0.4880693496262026 0.3843599815766602 0.004157093207966844 0.0053450971792752015
1 0.5071182250976562 0.38474108797567635 0.004503631591796817 0.007654877497395584
1 0.6728601455688475 0.3824750089114724 0.004872322082519531 0.007513539021648171
1 0.3753390127754847 0.38369516368839063 0.007247390231926213 0.00807814619523892
1 0.045533877611160276 0.3833405277118774 0.004660749435424807 0.007386908356828823
1 0.6143456935882567 0.3841626405336898 0.005635452270507736 0.008619135930920993
1 0.33599266242310566 0.3832880930421211 0.0034836139544877 0.005415581937839759
1 0.751849184897618 0.38502554842424125 0.005333908467811629 0.005888241182358816
1 0.0903671085834503 0.38031206388731253 0.004866182804107666 0.006691336518061721
1 0.39776376712554 0.38304101386017186 0.004472465748919903 0.004873760629723648
1 0.6416081428527831 0.3849323791995147 0.0051702499389648824 0.008556538052702936
1 0.644172191619873 0.38963313906295116 0.005612754821777286 0.007680885211841489
1 0.02337081432342529 0.38373772828870806 0.0033954799175262462 0.0061858900400716755
1 0.6734214825498246 0.3904954825094845 0.005418786022500804 0.006360125028651904
5 0.7319834586212616 0.3600980491824249 0.06524144957268144 0.040913595206717446
1 0.38176622390747067 0.3886624235417013 0.004779052734374971 0.007447533236019932
1 0.09846113920211791 0.38133622974583753 0.004087758064270015 0.006075402094563535
1 0.33788818651116875 0.3875085636257587 0.003322725142357532 0.004777463441665875
1 0.6002615981446415 0.38522881919280083 0.004252094864745807 0.003913685795137437
1 0.6146500587463378 0.3912819384770476 0.005767250061035099 0.008101492731673548
1 0.5406982421875 0.3838743136304361 0.004599571228027344 0.007123782032055383
1 0.10784265995025634 0.3821972644575449 0.004361915588378911 0.007357851462068534
1 0.29270920753479 0.38711460580507406 0.004912281036376943 0.007066923787370206
1 0.013170205056667328 0.38032766851598016 0.0038200467824935926 0.006600578562822933
1 0.010051438212394714 0.3838575431387072 0.003317581117153167 0.006333326876447765
1 0.37067160606384275 0.38842360097766865 0.004920673370361347 0.0076150587897611715
1 0.5883286737543588 0.3846156345186209 0.00303015980465232 0.004800040857723572
1 0.6982453346252441 0.38931988062653894 0.005690956115722599 0.00728610604290746
2 0.03335901796817779 0.436214838952821 0.06671803593635559 0.09337845667367516
1 0.4081482968286045 0.3883067648816374 0.0043289346606270275 0.0052303819095386814
1 0.015936478972434998 0.38472996743570637 0.0037554115056991585 0.006337452238049494
1 0.830121179324333 0.3862702283267945 0.0034939050875976508 0.005926784157563514
1 0.0034055694006383417 0.3835214158499374 0.003738589771091938 0.006899756960724808
1 0.6882508754730224 0.3839258806504582 0.005568981170654297 0.008306863994022251
1 0.4436051820639372 0.38329784241942344 0.004154851285386187 0.004981422540590017
1 0.6854619026184081 0.3892623049276621 0.0055333137512206644 0.007561608452486129
1 0.05268594026565551 0.3833828575091824 0.004265213012695315 0.008152252615730049
1 0.019985044002532957 0.38051644865014783 0.003473222255706787 0.005748601710284647
1 0.6296465396881104 0.3897614736814756 0.0055602073669433405 0.00857088713653516
1 0.3141019821166992 0.3837133348461933 0.003782510757446289 0.006667660529738561
1 0.4558690071105956 0.3837863358101897 0.0048673629760742 0.00692737894710182
1 0.037380743026733394 0.38359477554102955 0.004704618453979488 0.007222252619854001
1 0.786584075990614 0.38646043995795076 0.0038394557956105647 0.005353312348333926
1 0.6584224700927734 0.3841447938606735 0.005711746215820331 0.009472009601198794
2 0.48206028427212994 0.36927167724010423 0.008912198639404317 0.01168242100397714
1 0.43034723177835876 0.38348580161165663 0.004394293839732094 0.005445371108845819
1 0.4191906568599643 0.3833600064790216 0.003557223081884475 0.00475362992462856
1 0.5716363881454605 0.38925802879291255 0.005148612355359079 0.0066902939679957165
1 0.30927661295759457 0.38831234699152417 0.0050562933998516656 0.005120602377910227
1 0.31809271427015645 0.388678104304232 0.004796996302423382 0.00487676416943832
1 0.3251585601750774 0.3838013401347937 0.0028522680717112106 0.005364440586382134
1 0.3477822319256958 0.3867273986364567 0.004019105010138485 0.005364440586382134
1 0.38680644508865364 0.3835575019263218 0.004278402107566815 0.004389087752494461
1 0.37494360288130935 0.3616120631638495 0.006223130338278988 0.024871497264135324
1 0.4089180050718512 0.3833068362480127 0.0043110735418427915 0.0047694753577106515
1 0.4983939137785292 0.38441971383147855 0.005240912933220664 0.006359300476947536
