1 0.6034667015075683 0.45506738274578823 0.019021797180175763 0.030693407771318324
1 0.40617618560791013 0.45191237793817807 0.017636775970458984 0.029499563996477195
1 0.09633189439773558 0.4500473557670848 0.019137144088745117 0.027440470466553176
1 0.2738750457763672 0.4481800018698688 0.018638229370117197 0.02914263053615063
5 0.19054928167060547 0.343717950235247 0.1229704218383795 0.08725339983550466
1 0.5040291309356689 0.45265225257327707 0.019095230102539044 0.030561575563609767
1 0.18595294952392577 0.45072463252396566 0.01898670196533203 0.028747492640120807
1 0.8268951416015624 0.45932475591880906 0.019312286376953165 0.02839324963301278
2 0.35999980182283076 0.3686423769349412 0.026472858803132313 0.0166592353682246
1 0.9309854507446289 0.45943183595690695 0.020004653930664102 0.0294688928297858
1 0.7168298244476318 0.4561708272924863 0.022281742095947323 0.02897151771145138
1 0.2504444599151611 0.4046475719761204 0.010149765014648418 0.013991432917705564
2 0.5429650231326725 0.3701904400777607 0.022531905944127687 0.014131417609371547
1 0.7445232391357421 0.408469719500155 0.011561393737792969 0.014888250657219593
1 0.2113981246948242 0.40402930582649943 0.010118103027343759 0.012671317205141022
1 0.38666419982910155 0.4055327310850207 0.009863948822021493 0.013531186053787014
1 0.4988807678222656 0.4054968583754401 0.010576629638671913 0.013601855291660697
1 0.8393339157104491 0.4110347975987129 0.012035369873046875 0.015225274763728931
1 0.4280210494995117 0.4048246037979004 0.010058403015136719 0.012870769470408968
1 0.9262121200561523 0.40990417947450764 0.013037872314453048 0.016694800311696602
1 0.4663884162902831 0.4056553260700122 0.009897804260253964 0.013142146518385864
1 0.35346159934997556 0.40654613513067145 0.008226060867309561 0.009501604586602756
1 0.9638053894042968 0.4116358448477352 0.012603759765625 0.017527226537513457
1 0.6298715591430664 0.38944408988346163 0.0056764602661133 0.007037328801966244
1 0.5350707054138183 0.4063631843118106 0.010229110717773438 0.01296116869855196
1 0.11684370040893555 0.4014822537645058 0.009735059738159175 0.013491187982604725
1 0.6588866233825683 0.4070757956876284 0.011753273010253926 0.015806233295386118
1 0.8868632316589355 0.4104628072444509 0.011863517761230354 0.015005733781095881
1 0.8971425056457517 0.39147663760829615 0.005618667602539024 0.007494347122022581
1 0.6165260314941405 0.40720170889825624 0.010830497741699181 0.014085778143902498
1 0.18076399564743037 0.40389747361879086 0.009037685394287105 0.011616300816376778
1 0.6987920761108398 0.4085485497794583 0.011471652984619178 0.013471278628787452
1 0.5695929050445556 0.40668478315320034 0.010723018646240272 0.014065330699441507
1 0.2857169151306152 0.40635511295215504 0.008422088623046846 0.010297261285099581
1 0.9312425613403318 0.3919351805185096 0.005823516845703164 0.007964100253979988
1 0.9504914283752441 0.3866509510337453 0.005323791503906289 0.007563043360869361
1 0.7894078731536864 0.41033779085156263 0.012831115722656288 0.015280877463578754
1 0.12314872741699216 0.38559862509819964 0.004994368553161607 0.0071680848283873656
1 0.9602005004882812 0.39200208312187734 0.006077957153320236 0.008171085788259798
1 0.9130532264709472 0.3918118680793265 0.005586433410644608 0.008400491766027501
1 0.9920974731445312 0.3867061950064994 0.0063789367675782015 0.010443442576640361
1 0.8497312545776367 0.38580453445119206 0.005519866943359375 0.009240092533760468
1 0.3187089443206787 0.406511876693022 0.0092392921447754 0.01056236060889988
1 0.6013910293579101 0.3869925489107262 0.005769920349121113 0.00904817353750452
1 0.8139942169189452 0.3901327562256344 0.0063037872314453125 0.008214133039756514
1 0.1491360068321228 0.40213217758033154 0.009336328506469711 0.013573695214639922
1 0.6145059585571289 0.38643302432304344 0.005880165100097637 0.009195610373880565
1 0.11405506134033203 0.3847947176764993 0.004735374450683584 0.00717705300578255
1 0.8563743591308594 0.3908519143709507 0.006281661987304669 0.00830220054177676
1 0.9729650497436523 0.39209086807808924 0.006280136108398361 0.009119560229569843
1 0.9071538925170899 0.3867930966454583 0.005489730834960976 0.008182565055325604
1 0.6443074703216553 0.38904940039630154 0.0057541847229004095 0.007304221761245616
1 0.3275057956916901 0.38831851214979807 0.0042068152938659455 0.004608530577413517
1 0.8702615737915037 0.38637168198966065 0.005728149414062539 0.00804427575989253
1 0.8426017761230468 0.3903854794646295 0.006000900268554726 0.007734873639760249
1 0.08512632846832274 0.40173399050398734 0.009682881832122807 0.012789697146756868
1 0.08585048740581967 0.386520527681473 0.00402644027319949 0.004095639358706486
1 0.5770028114318847 0.38432568199873346 0.004872035980224628 0.007242700064314947
1 0.96976842880249 0.3855598825718526 0.006340599060058555 0.009835220785701959
1 0.5231135368347167 0.3891017745522891 0.005328369140625019 0.006968991290215306
1 0.9908157348632812 0.3909596221814663 0.0066268920898438265 0.009489407865345401
1 0.8884694099426269 0.38716321332655573 0.00601959228515625 0.008226329761013913
1 0.5455893993377685 0.38912796163028296 0.005447769165039101 0.006929172582580894
1 0.7990223884582519 0.3898154621093944 0.0058454513549805074 0.0073582101891643305
1 0.4599579811096191 0.3890874254684569 0.005161190032959023 0.0068493558037641036
1 0.5655008792877196 0.38456979578742917 0.00437421798706047 0.008237091573888036
1 0.9274335861206054 0.38613456337933316 0.005754280090332108 0.008041585306674032
1 0.018783253431320188 0.40129132126776323 0.009301042556762692 0.012179322993243594
1 0.7835081577301025 0.39068734831574986 0.005481719970703125 0.006758777212073191
1 0.40851707458496084 0.38694761834197655 0.004741287231445322 0.0077824049799544905
1 0.8286432471596651 0.3911810054454824 0.0048935347246040215 0.003959173664598251
1 0.3486346136250455 0.3884874367326163 0.003525088088043824 0.0038599388870795503
1 0.5112314224243164 0.3889688661632932 0.0055836677551268955 0.006791780104887333
1 0.42972617149353026 0.3876761930735577 0.005643653869628935 0.007946881353381301
1 0.41853733062744136 0.387474588445715 0.005404281616210919 0.008290900638258875
1 0.3712305068969726 0.38649938883576745 0.005317974090576201 0.008993647018942088
1 0.5523609161376952 0.38408712848002274 0.004348564147949295 0.007435336514762578
1 0.5583789825439452 0.38869713038822046 0.005754280090332012 0.007566271904731575
1 0.6878525733947753 0.38475597515015225 0.0050203323364258 0.007367895820751063
1 0.30071928105193363 0.38825106846859303 0.0035385529485938874 0.0048357901669935895
1 0.4735435485839844 0.38804873116255184 0.005102348327636738 0.006944956574796304
1 0.8820355415344238 0.3910222200596844 0.005452346801757736 0.008007864959668253
1 0.359205675125122 0.38745665209092467 0.004569721221923847 0.006569010578392023
1 0.29135418666374147 0.3882079763762094 0.0033985283567799164 0.004749605982226332
1 0.6724313163962995 0.3837810690231637 0.00468328480065585 0.006601165528740796
1 0.4995129108428955 0.3885800059914399 0.006533336639404316 0.007568782994402196
1 0.28358550071716304 0.3822750185555608 0.004977703094482422 0.006632864001445437
1 0.5335379123687743 0.38880376201744865 0.005819225311279239 0.007226198617907853
1 0.39962356090545653 0.38767466848340054 0.0046007633209228516 0.007073739602190476
5 0.7371395380134841 0.3615837211504166 0.05820027893759383 0.032733254776334465
1 0.9458713531494141 0.39273388639732076 0.005692672729492303 0.0072670935068297
1 0.39166641235351557 0.3877201371427939 0.005161571502685528 0.0074582950488941
1 0.8061310768127441 0.3844489047561427 0.0056018829345703125 0.009393269003669484
1 0.5283174644110008 0.38334997199509907 0.0036554595226853583 0.007511689992255519
1 0.5715601444244385 0.3887742567138186 0.0056828498840331455 0.006899756960724808
1 0.4863246440887451 0.38879595970311487 0.005552482604980392 0.007010962360424542
1 0.09349808719157811 0.38645002028560244 0.00371594376564749 0.004606860513318959
1 0.516325569152832 0.3839173608819328 0.0042726516723633 0.006797340374872293
1 0.33883043328698725 0.38884230452494845 0.0045199195588378795 0.004931821423733922
1 0.09962168931961059 0.3848876279943129 0.003988146781921387 0.007454349050840248
1 0.38157010078430176 0.38877784398477666 0.004748249053955068 0.0069867482814576646
1 0.48857472277219327 0.38476892844715693 0.004203169812058534 0.005025665491799875
1 0.30952892303466795 0.3876593329000549 0.004975414276123057 0.007718372193353156
1 0.442897891998291 0.38895747657800134 0.0051942825317382426 0.007188173545752514
1 0.5884575801539886 0.3852000945070526 0.00391584300823309 0.00536818868798733
1 0.7695969581604003 0.39074958746687216 0.005219459533691406 0.00680684664291115
1 0.5414709568023681 0.3839622914506824 0.004817962646484375 0.008109205364233377
1 0.26148178051565873 0.38803462403406935 0.004854451206231333 0.005493242198015233
1 0.3182638645172119 0.38740051130043107 0.004574108123779278 0.006550177405862274
2 0.036642315983772274 0.4466650076625077 0.07328463196754455 0.09810020207221629
1 0.7243365287780761 0.3905555161080413 0.0052814483642578125 0.007146023111995312
1 0.1052236795425415 0.3851062721592064 0.004594326019287109 0.007249515879135262
1 0.7021466255187988 0.38381790379462066 0.0053991317749023824 0.00791638955023787
1 0.07910338697870756 0.3852625733101044 0.003536986151532623 0.006145382240444379
1 0.6276497840881348 0.38494699732866877 0.0054038047790527155 0.007211849534075629
1 0.5861513186238002 0.3898091279018533 0.00471364036039331 0.005128834255461541
1 0.270479212188643 0.38860775080675936 0.004134646210790777 0.004824860939345977
1 0.7386756420135497 0.39112840328004284 0.004881095886230488 0.007918183185716899
1 0.4549414634704589 0.3840628247192819 0.004560279846191387 0.006707837964468815
1 0.11687381267547604 0.37876648819503417 0.004669141769409175 0.006553944040368206
1 0.829908956848764 0.3859025620446165 0.004616271446716417 0.006447005789938195
1 0.08185263603714478 0.3832543479045805 0.0025820894793441903 0.0031072853489270843
1 0.6582647352795128 0.3840101162738355 0.0059665738305100195 0.006143071027397071
1 0.6983248710632324 0.39006585362226665 0.006092071533203125 0.006855274800844905
1 0.5081854820251465 0.3843477437151255 0.004762840270996017 0.007576854354057867
1 0.47704687939872126 0.3851133766149435 0.00519905090332037 0.006181944042017777
1 0.2808667659759521 0.38753288159878335 0.0050673961639404585 0.007538649918354562
1 0.7510146617889404 0.38401861160472384 0.005158424377441406 0.008353677880024899
1 0.31406407356262206 0.38271741874646303 0.004562854766845703 0.006674296981011001
1 0.7104026317596435 0.3903015373242109 0.005771923065185623 0.007650214045150093
1 0.7857379913330077 0.38407690475779227 0.005806922912597656 0.00843690256625178
1 0.07317765355110167 0.38346500601412187 0.003845047950744624 0.006652593991714744
1 0.7199159622192383 0.3840707167153896 0.0044252395629883 0.008252337475459774
1 0.7692436227595166 0.3840892349784279 0.004234103587344299 0.005403698974150385
2 0.4803434687484461 0.36892710184232674 0.007303217144846189 0.013735621434583352
1 0.442667285404275 0.38402243862514535 0.005776595929040248 0.005070057327862519
1 0.37567817606501547 0.36605967123185396 0.009338830085281791 0.039655091242924545
1 0.3255949412423918 0.38393190188714776 0.0028882979645201722 0.003802542995896889
1 0.336329782010525 0.3842940488391379 0.0035622341562415428 0.005975424707837943
1 0.34730531427570155 0.3849278060051208 0.0035622341562414946 0.004345763423882152
1 0.30282552562209125 0.3825738508171846 0.00433244694678021 0.00579435123184284
1 0.29406435512971346 0.38239277734118954 0.0035622341562414946 0.00543220427985268
1 0.2722095671981777 0.38275492429317964 0.0035622341562415428 0.00543220427985268
1 0.1247588703210005 0.3789287024581142 0.003814725708216819 0.00619624149035916
1 0.10581528924724191 0.378031878031878 0.003901424019767213 0.005707064530593945
1 0.0974055530268548 0.378439525498349 0.003901424019767213 0.004239533651298342
1 0.09068643388170014 0.3781949370184664 0.004508312200619889 0.004402592637886718
1 0.09055638641437458 0.38243447066976477 0.003728027396666449 0.004402592637886763
1 0.08362052149034398 0.37917329093799684 0.0032078375273641552 0.004728710611063558
1 0.006979214079805797 0.38300517712282417 0.005115200381472572 0.005217887570828774
1 0.004811756291046231 0.3770535241123476 0.002340854411860329 0.004076474664709967
1 0.007586102260658474 0.3771350536056418 0.0037280273966664493 0.005217887570828729
1 0.011747621215076836 0.37729811259223023 0.003901424019767215 0.005870123517182365
1 0.013308190822983724 0.38243447066976477 0.0035546307735656855 0.004728710611063558
1 0.015909140169495198 0.3777057600587012 0.004248217265968746 0.005707064530593945
1 0.019377072631510502 0.3819452937099996 0.004941803758371806 0.006685418450124331
1 0.02215141860112274 0.3777872895519954 0.004074820642867981 0.00587012351718232
1 0.02670307995751783 0.3775427010721128 0.0039881223313175986 0.006359300476947536
1 0.028393697032750288 0.38276058864294155 0.0037280273966664515 0.006359300476947536
1 0.03138478878123849 0.37737964208552444 0.0032945358389145376 0.00603318250377074
1 0.03602314844918395 0.3775427010721128 0.003728027396666449 0.00603318250377074
1 0.03550295857988166 0.3830867066161184 0.005115200381472577 0.004728710611063558
1 0.041355094609532475 0.37852105499164324 0.003121139215813767 0.006359300476947536
1 0.04464963044844701 0.38324976560270674 0.004161518954418366 0.00603318250377074
1 0.047293928950733685 0.3781134075251722 0.003728027396666449 0.005544005544005524
1 0.0019507120098836074 0.38276058864294155 0.002167457788759564 0.005054828584240354
1 0.05379630231701237 0.38316823610941253 0.003901424019767207 0.004239533651298387
1 0.05336281075926046 0.3781134075251722 0.003554630773565678 0.005544005544005524
1 0.05886815354270975 0.37827646651176056 0.003988122331317595 0.006196241490359115
1 0.061555801200771615 0.3822714116831764 0.003814725708216831 0.005380946557417149
1 0.07074582222511215 0.3777057600587012 0.003467932462015302 0.006359300476947536
1 0.25979149056072137 0.38218988218988215 0.003554630773565708 0.003913415678121547
1 0.6583869779136051 0.3900167135461253 0.004855105446821406 0.005217887570828774
1 0.6737325790580229 0.39091353797236145 0.0057220885623253 0.006359300476947536
