1 0.8992533485223974 0.26581601332341853 0.014115293846552293 0.01630566532332523
1 0.3757755552109736 0.2959041925940804 0.015476839864918043 0.015687686461442925
1 0.8608620045475163 0.2672351403108758 0.013799738465149662 0.01346741134841068
1 0.9374271782015516 0.26398119247533647 0.016424774673559985 0.017792411264590868
1 0.6195357322692872 0.28372184620347135 0.0163360595703125 0.01784997485404791
1 0.701538548720837 0.2770146073715475 0.014945023573290365 0.015847924352999896
1 0.9754297163344933 0.2586409216983145 0.016872297796055983 0.016001706848730545
1 0.8205107351984385 0.270129442738043 0.015126870527000713 0.012615182097411151
1 0.7819616135328562 0.27177490127248793 0.015777488614183564 0.01206669591926286
1 0.7419486011711126 0.27383172444054416 0.015777488614183464 0.013986397542781942
1 0.6602147039687702 0.27986507240017555 0.015940143135979225 0.013437911364633608
1 0.5786434612882239 0.28589842035980695 0.015452179570592138 0.0139863975427819
1 0.535946649316851 0.28768100043878897 0.014313597918022102 0.01535761298815269
1 0.5258957944664538 0.25537393640841916 0.03173606058760754 0.09021651964715315
1 0.4935442346699953 0.2898689887403978 0.014627867061944182 0.01282489740082078
1 0.45307380246528317 0.2921708934020835 0.015603058199407126 0.011509523308428908
1 0.41474879076298954 0.29332184573292647 0.015408019971914507 0.0124960538777228
1 0.33371040723981904 0.2971035462485531 0.01482290528943675 0.010851836262232992
1 0.2900218442814792 0.298090076817847 0.01482290528943675 0.012824897400820821
1 0.24340770791075053 0.30154293381037567 0.014432828834451562 0.013811427970114714
1 0.19952410672491808 0.30384483847206145 0.015212981744421913 0.013811427970114714
1 0.15398268060539866 0.30631116489529625 0.015798096426899673 0.012167210354624822
1 0.10990404119207366 0.308777491318531 0.014627867061944144 0.013153740923918756
1 0.06202215634264316 0.3100928654109229 0.014432828834451556 0.013811427970114672
1 0.016968325791855206 0.3107505524571188 0.0136526759244812 0.010522992739135014
