1 0.37623929702745545 0.29887302794868076 0.014506334533426517 0.01543312562570797
1 0.8996713273557032 0.2654156218118877 0.014750298811831946 0.01582673093851499
1 0.112338502046991 0.3068355667376035 0.015203055876032996 0.014807925648841761
1 0.5289789315868382 0.2631845032196264 0.036889450011836224 0.0941275078495024
1 0.9758936321313026 0.25786280666276407 0.015387043320445094 0.013636847426959718
1 0.937919198295589 0.2615214730456069 0.016373392251242767 0.01563248363578309
1 0.8602935374418054 0.2663442605502634 0.01459796417580684 0.013304241392155844
1 0.8212341197822141 0.26933771486349845 0.014992503748125966 0.015965089670586963
1 0.7818787974433836 0.271000745037518 0.015189773534285482 0.015299877600979173
1 0.7429180146768721 0.27299638124634135 0.014203424603487712 0.013304241392155802
1 0.7021818038349246 0.27582353254217445 0.014795233961966353 0.014302059496567508
1 0.6620374023514558 0.27831807780320367 0.01499250374812587 0.015299877600979214
1 0.6194271285409927 0.2819767441860465 0.014992503748125966 0.013304241392155844
1 0.5799731713090823 0.28580171358629125 0.01459796417580684 0.014302059496567508
1 0.5365738183539809 0.2887951678995263 0.01459796417580684 0.014302059496567508
1 0.49514716326047503 0.293119046351977 0.014203424603487712 0.014967271566175298
1 0.45312869880849044 0.29611250066521205 0.012625266314211299 0.010975999148528558
1 0.4153515347589363 0.2966114097174179 0.01558431310660461 0.013969453461763634
1 0.33496409689891893 0.3001037730828588 0.013808885031168634 0.013636847426959718
1 0.29156474394381754 0.2997711670480549 0.013414345458849555 0.012306423287744138
1 0.24491043951708355 0.3019331062742802 0.013611615245009069 0.013969453461763634
1 0.20160972145506192 0.3029309243786919 0.01459796417580684 0.015299877600979173
1 0.15623767063836502 0.30592437869192696 0.014992503748125918 0.014634665531371424
1 0.06480312475341277 0.3082526209355542 0.013611615245009069 0.013304241392155802
1 0.019529708829795628 0.3085852269703581 0.01301980588653042 0.013304241392155844
