1 0.4796483516693115 0.3668709183345728 0.01952638626098627 0.030921916931346424
1 0.3119645118713379 0.3614262481562094 0.01946535110473632 0.026940942985643843
1 0.13810677528381346 0.3496028721237789 0.020387601852416986 0.02525689863438445
1 0.8434865951538085 0.3814960426670189 0.020889663696289005 0.030592605457396914
1 0.9442663192749023 0.38434343898997586 0.024629974365234415 0.03054220430043621
1 0.2335358619689941 0.3568111343868965 0.01797008514404297 0.02483611175100447
1 0.3996395111083984 0.36531153164910585 0.024261856079101553 0.02936540006264594
1 0.6597749710083007 0.373363878768654 0.025941848754882812 0.029362171518783682
1 0.9830142974853515 0.33810028779677254 0.009634399414062347 0.011748671114729006
1 0.05860200077295303 0.3498312019202591 0.019917866587638857 0.024240624771967187
1 0.5736485481262207 0.3706567012074337 0.0243224143981934 0.03112603264885986
1 0.9601399421691894 0.3368788220355544 0.00894680023193344 0.010819926663688315
1 0.8423347473144531 0.331773776735145 0.008108901977539043 0.012424512963226756
1 0.7485842704772948 0.37667824808857586 0.027182483673095743 0.035890466571801775
1 0.9164613723754881 0.33609195415090487 0.0086673736572266 0.011289500432097846
1 0.827192687988281 0.33121147201246975 0.007674407958984394 0.0114071629195221
1 0.8770257949829101 0.33282556458004703 0.008261871337890548 0.011382052022815708
1 0.858935546875 0.3319888336290805 0.00875129699707035 0.012297523571311565
1 0.894892692565918 0.3333840129864424 0.008210945129394416 0.011457205349386962
1 0.9393991470336912 0.336730219336117 0.008640289306640625 0.010811675940484813
1 0.8117117881774901 0.3296662550472872 0.007844924926757812 0.010540119528959951
5 0.37998018264770506 0.28422297559595633 0.06052789688110348 0.03291087931404052
2 0.9932238578796386 0.31050556467902296 0.012396430969238434 0.01633051294590596
3 0.5332075126828928 0.3173001341030646 0.03918102517988411 0.012922631135381156
0 0.5381797689489997 0.3103390334380291 0.007284772763196687 0.012666899324001191
0 0.5422345009587036 0.30749544379386556 0.006047735878880321 0.01732004601445058
5 0.2688406268287925 0.2794423382658677 0.022758306781975456 0.02568179038767275
5 0.8802400200016669 0.3036901856288766 0.013989261009845998 0.016234129738686476
1 0.7468936534020624 0.3734985978501021 0.027182483673095743 0.035890466571801775
0 0.5173321794200915 0.3099212658036188 0.005534758282011117 0.01104045221692278
0 0.5246279971554697 0.30944810356575064 0.008050557501106947 0.011986776692659032
