1 0.8443963050842285 0.3852551439039657 0.02287616729736332 0.027630595827330098
1 0.31230998039245605 0.3575084998611426 0.01922006607055661 0.02898514934109201
1 0.13889971971511839 0.3485044497564221 0.020272469520568857 0.026535402003835598
1 0.060175967216491696 0.3457554343394899 0.019600749015808105 0.027781440571116367
1 0.47902665138244627 0.3663152500631699 0.01967258453369133 0.026236223605933726
1 0.2337244987487793 0.3524651556212117 0.017764377593994123 0.026217928524047692
1 0.8589469909667968 0.33263624635523564 0.008366584777832031 0.01182597680387513
1 0.7476243495941162 0.3784787890641981 0.025889205932617263 0.02948198636878276
1 0.9441194534301758 0.38889030492931176 0.024913406372070273 0.028666958407112468
1 0.6602585792541503 0.3753311381620519 0.027469062805175724 0.031859988286878055
1 0.8280366897583007 0.331332811452626 0.0066165924072265625 0.009057321078447537
1 0.5732694625854492 0.37054356634143043 0.02614593505859375 0.02957059196144672
1 0.894182014465332 0.33436037845945127 0.00888710021972664 0.012008568895640141
1 0.9387165069580078 0.33631131576999 0.008453369140625 0.01227707612685062
1 0.8430837631225585 0.3325883562879456 0.006672286987304726 0.00990642811421936
1 0.9825054168701169 0.3383838615660068 0.010034942626953163 0.012654098304542335
1 0.9600358963012695 0.33818369184654734 0.00912361145019539 0.0116188119060474
1 0.8767682075500486 0.3331259985227842 0.008248901367187462 0.011536484037560033
1 0.8116588592529296 0.3314769300633659 0.006852722167968711 0.008974634482864374
1 0.39711608886718747 0.3620282819047452 0.01959676742553708 0.02633989573662155
1 0.9157930374145505 0.3354776339993378 0.0090023040771484 0.011882117594368715
5 0.4350042501692694 0.28225234613452044 0.05610461427461448 0.030049047405455803
2 0.9935251235961912 0.3105531857009912 0.012052154541015587 0.015275675920689591
3 0.47326155625750754 0.312107773408083 0.035814388041108675 0.012551250941343815
0 0.48060239355785905 0.30562296042172205 0.005116341148729838 0.011296125847209444
0 0.48405036259287265 0.3043678353275876 0.0035591938425946572 0.012132875909965677
5 0.24256642056945205 0.267677341206753 0.04117235549596292 0.02460443636914226
5 0.901144185484845 0.3055303202362026 0.016604274846033062 0.014904610492845787
0 0.46208542588633084 0.30273309641821755 0.005283178360101437 0.009936406995230525
0 0.45788996071801497 0.3009796128308239 0.0037293023718362804 0.009351912466099307
