1 0.058557464182376846 0.34810769758846116 0.019576045870780937 0.022006472419289973
1 0.4803344726562499 0.37181220471574694 0.019715881347656308 0.02715743478796251
1 0.845754337310791 0.39026064243528913 0.022323036193847696 0.029258499388095854
1 0.5745717048645019 0.37689518829976426 0.02709350585937496 0.027963853299333458
1 0.13849785327911376 0.3522460630474485 0.02020442485809326 0.023333403946674873
1 0.6624135971069335 0.38266136763774344 0.02749347686767578 0.02712730171191483
1 0.2334425926208496 0.3597713503814842 0.017479228973388654 0.02325484271269344
1 0.3127923011779785 0.3627799945340058 0.0197680950164795 0.026535043276739802
1 0.9462430953979492 0.39389203682612917 0.02594833374023445 0.03239054566157449
1 0.7498566627502441 0.3855232924080804 0.026268196105956956 0.02928181664932322
1 0.9828353881835937 0.3380426224161217 0.009326171874999923 0.011538815763682734
1 0.3998377799987793 0.36716561264377706 0.025061798095703094 0.027571405856522173
1 0.8428719520568847 0.32976723672475644 0.008143234252929668 0.01223008287730014
1 0.938598346710205 0.3359393157716396 0.008533287048339921 0.010458329751116302
1 0.9588443756103515 0.336470052509884 0.008349418640136719 0.010695448361443791
1 0.8948217391967773 0.33481954914208245 0.00839118957519539 0.011851625791225194
1 0.8600620269775389 0.33129066101886884 0.008826446533203145 0.012615535141743189
1 0.8778217315673827 0.33346006313075316 0.00891990661621086 0.01190920149010201
1 0.826913833618164 0.3289306851373378 0.0079799652099609 0.012416620967119004
1 0.915651798248291 0.33536239291981024 0.008819770812988396 0.010976331677459589
1 0.8112908363342285 0.3287204710591958 0.007563591003417969 0.010564692335022625
2 0.993180670374075 0.31060354201706486 0.011692619323730431 0.01795689191651457
5 0.22595747447818454 0.26933947522182816 0.030705652007427173 0.021061785767668127
3 0.4608683464801441 0.3154814369383099 0.03657163880360367 0.01070866660625882
0 0.46798558157665376 0.3090974241538094 0.007445722870194786 0.01606299990938823
0 0.4458674048151928 0.30374309085068 0.003941853284220764 0.013591769154097703
0 0.4499187540239753 0.3072440010873415 0.005036812529837663 0.013179897361549299
0 0.45528405432749797 0.30765587287988994 0.004379836982467504 0.013179897361549299
5 0.9051077128000203 0.3034398034398035 0.01767463305924832 0.014452955629426221
