1 0.059490084648132324 0.3468659637463301 0.018200063705444337 0.025646117533333523
1 0.31225035190582273 0.3584402934924976 0.018960189819335956 0.026700057740810378
1 0.6617107391357422 0.37651108126193045 0.026657867431640607 0.025668896703917213
1 0.13836083412170408 0.3487171749242348 0.02056412696838377 0.026210933345679456
1 0.9438100814819333 0.38857354890371537 0.023028945922851523 0.029616509029709855
1 0.23395767211914056 0.3559849858852562 0.01777229309082032 0.02372746566141731
1 0.8444343566894531 0.3852074332002236 0.021194076538085995 0.029385847507106842
1 0.4793264865875244 0.3669160282668703 0.019991493225097714 0.02862247624723252
1 0.749026870727539 0.37878568009465974 0.02686939239501959 0.030444630530377062
1 0.5736695766448974 0.37240742264946236 0.025344371795654297 0.031203338338005895
1 0.8431906700134277 0.3317708172366047 0.007974433898925761 0.011371110846393619
1 0.3976126432418823 0.3646882433201436 0.019972848892211896 0.026751355715510593
1 0.9392223358154297 0.3364646716034469 0.008923721313476678 0.011783826370117928
1 0.8944164276123047 0.33334993391234086 0.00831489562988289 0.011918887121688789
1 0.9828353881835935 0.33944354140701655 0.008792495727539025 0.011692350960687546
1 0.8768924713134764 0.33270225214086385 0.008052253723144569 0.01164123234953525
1 0.9162179946899414 0.33583761663997874 0.009052467346191329 0.011092917983596363
1 0.9600581169128416 0.3369213311964074 0.009204292297363319 0.011737191847663246
1 0.8274648666381835 0.33061526757924087 0.008269882202148495 0.011106370249689117
1 0.8597438812255859 0.3315901981438665 0.00848083496093748 0.01234128827699983
1 0.8104447364807128 0.3296623090492333 0.008064842224121056 0.011112647973865715
2 0.9944564819335937 0.3109498481871782 0.010252952575683594 0.017269122392081306
0 0.41979552851751517 0.30685502547475685 0.0069887713739924485 0.01220535032485012
0 0.40831397554595616 0.30732446202571256 0.004991979552851769 0.011892392624212919
0 0.39857961541789527 0.3051337581212524 0.004825580234423367 0.01377013882803599
0 0.40257319906017663 0.3049772792709337 0.0051583788712801235 0.01408309652867319
3 0.4119747605513808 0.31389657373909347 0.032947065048821514 0.009388731019115446
5 0.49217923203386565 0.2882340422868445 0.05258218462337184 0.03630309327391311
5 0.9219054718751872 0.3049772792709337 0.021465512077262456 0.017838588936319334
3 0.31356921466811577 0.29323441088146973 0.011002428584846164 0.009084714967067921
