1 0.3128685235977173 0.3590034950329124 0.018729305267333993 0.027970848477701694
1 0.48032426834106445 0.3670061584496915 0.020264625549316406 0.027712385605173744
5 0.5575646400451659 0.2887027595683766 0.0635227203369141 0.041128778988302965
1 0.06100692749023436 0.34666615275396634 0.01938552856445312 0.02728926699567102
1 0.8443635940551757 0.3885289770620616 0.020934104919433594 0.027238148384518768
1 0.2348064661026001 0.35376437548044565 0.019390583038330078 0.026396753981306774
1 0.13989969491958618 0.34901384223246606 0.019456934928894037 0.027541631507570292
1 0.9814662933349609 0.33867550669489677 0.009717559814453087 0.011988300814727161
1 0.5732631206512451 0.3717948961333743 0.024232101440429706 0.029396968047076807
1 0.6606411933898926 0.3771759819340061 0.025335502624511737 0.027268819551210164
1 0.7484547615051269 0.381599266388837 0.025919723510742263 0.027903587147238146
1 0.8938039779663084 0.33375986930107265 0.007738494873046914 0.01032273090890177
1 0.9582315444946287 0.33639023573106724 0.00926933288574215 0.011663652793023054
1 0.9455352783203123 0.3950114447285905 0.024745559692382773 0.027806192740726873
1 0.8591165542602538 0.3327806340112974 0.008594512939453125 0.012013232347885632
1 0.3991464376449585 0.362726006106087 0.023541593551635733 0.0297592824138405
1 0.9150707244873046 0.3346540862691421 0.008937454223632966 0.011629932446017364
1 0.9376953125 0.3352901990917794 0.008954429626464882 0.01148285433673707
1 0.842617130279541 0.33217483362825573 0.007831573486328125 0.01158867882999972
1 0.8765522003173826 0.3334936937959849 0.008226776123046913 0.011628856264729974
1 0.8115466117858886 0.3308053929400179 0.0075223922729492 0.01208946185574432
1 0.8277792930603027 0.33068880663388106 0.008077430725097636 0.012554551535456282
3 0.327111108152901 0.3096716447804915 0.031615870501394444 0.011579434923575717
0 0.31696074972876914 0.2996569983601017 0.0033279863685678466 0.012831265726124476
0 0.31987273780126596 0.30075235031233183 0.0024959897764258846 0.00813690021656673
0 0.33085509281753983 0.30278657536647346 0.0034943856869962485 0.009701688719752646
0 0.33409987952689346 0.3009088291626504 0.0039935836422813585 0.011579434923575717
2 0.9959495632572555 0.3097509273979862 0.006410256410256538 0.010068892421833613
5 0.9454748986574989 0.3064781564123793 0.017284264027935602 0.014730009091971162
3 0.35195919261853337 0.2972762678645032 0.01118132986264858 0.006729418494124367
