5 0.5810969352722167 0.29349737140825327 0.061449432373046814 0.03997071824126858
1 0.23457117080688478 0.3560952944672164 0.017886543273925772 0.025348015316719083
1 0.3994924545288085 0.36272080456319783 0.022723579406738272 0.02625523614201144
1 0.3133296489715576 0.3589843928150607 0.018407344818115234 0.02617452254545518
1 0.8454127311706542 0.3873658941356859 0.02185497283935543 0.025968971919558603
1 0.48042736053466795 0.3663877129365226 0.020609283447265665 0.028258726972085684
1 0.7490980625152587 0.3810081738167233 0.02674722671508789 0.02928468646608968
1 0.6618151664733887 0.37740440141226034 0.02645092010498045 0.027820003733915424
1 0.9815992355346678 0.33810342665886084 0.009464645385742225 0.011796023091375327
1 0.13909857273101806 0.34959031667542567 0.019356060028076178 0.02744621010008601
1 0.06100991368293762 0.3467323379031425 0.019393277168273926 0.024949469513279077
1 0.5738402843475341 0.37186511696237823 0.024598312377929612 0.028330831118342642
1 0.945613956451416 0.3940548989276249 0.024343299865722732 0.02924092176040142
1 0.915855598449707 0.33573771114379686 0.008799362182617265 0.010487027918780704
1 0.9590056419372559 0.3368235780628004 0.008769607543945275 0.010836428110095362
1 0.8944358825683594 0.3343777767235978 0.008476066589355354 0.012133405924980507
1 0.8427767753601073 0.33183135243402184 0.007769584655761719 0.012246225596611348
1 0.8276144027709961 0.33074360219776533 0.00808296203613287 0.01166813688172067
1 0.8768642425537109 0.3327777641945309 0.008668708801269609 0.01201054189466709
1 0.8115438461303709 0.33035016825544056 0.007273483276367169 0.01088664990350819
1 0.938654899597168 0.33626880660913705 0.007644081115722695 0.009466808058309632
1 0.8595163345336914 0.33180597249199356 0.008732604980468827 0.012875612286202289
3 0.3003069804689238 0.3091791481884361 0.03025314766205454 0.011714500878587537
0 0.304644747964586 0.302275960170697 0.00422654268808115 0.010459375784453166
0 0.307314143346532 0.29871977240398295 0.00422654268808115 0.012551250941343815
0 0.2906304222093695 0.30081164756087353 0.0033367442274325095 0.01004100075307507
0 0.2932998175913155 0.3006024600451845 0.0037816434577568054 0.009622625721696932
2 0.8525075938431813 0.30520274637921696 0.01579147817524823 0.008735302852949904
5 0.9528299257800524 0.30782333723510197 0.017649299137042305 0.014850014850014876
2 0.9969662703736506 0.31010411647081587 0.004376842177466338 0.012542164514648
3 0.36729159119269006 0.2969093042622455 0.016101115002213895 0.008043758043758068
