5 0.5943821907043456 0.2899840430728203 0.06397743225097649 0.04483963143086397
1 0.31367042064666745 0.3595010495147947 0.019287919998168954 0.029003803150073885
1 0.06146448850631714 0.3486859656668998 0.01966860294342041 0.025106233254146102
1 0.845078945159912 0.387531805417496 0.020946884155273477 0.028922730826421827
1 0.4805582046508789 0.3681469106143533 0.020714759826660156 0.033730032637312585
1 0.39908418655395506 0.3636240793904363 0.021552753448486346 0.030408937184344422
1 0.7496621131896972 0.3818646347579592 0.026184654235839804 0.030934472379699575
1 0.9818442344665528 0.3387695828757718 0.010099029541015587 0.012732838902071645
1 0.14094088077545164 0.35325166477876546 0.0200653314590454 0.023537878391284062
1 0.23549556732177734 0.35823671586562794 0.018724536895751962 0.02690542900315908
1 0.9151456832885742 0.33502509976797906 0.008770751953125077 0.011997986446313894
1 0.8591051101684569 0.332762787338281 0.008852577209472618 0.012055741508738631
1 0.8419667243957519 0.33178086159528725 0.008224296569824199 0.012634906404916746
1 0.5747925758361816 0.37384080644252754 0.024769210815429727 0.029633548566760624
1 0.6610140323638916 0.3779993503006539 0.024802112579345743 0.0287867732571115
1 0.9585380554199219 0.3366689666845082 0.00922393798828125 0.011421153276258481
1 0.893671989440918 0.3335223919636494 0.00850677490234375 0.011934850477452073
1 0.9456371307373045 0.39214754695922655 0.02473583221435551 0.03329382048881304
1 0.81130313873291 0.3309616185902412 0.007281875610351524 0.010643253569004104
1 0.8768719673156736 0.3330287834798209 0.008417701721191368 0.011512269958593111
1 0.9375740051269529 0.3353565636045034 0.00911674499511715 0.011977359638305074
1 0.8275535583496093 0.33130097442287326 0.007999420166015625 0.012167126271986196
2 0.8580494199223295 0.30391004815557243 0.0181312555894495 0.010598834128245922
2 0.9970842980876424 0.31025782816064146 0.004140786749482455 0.012234741134996917
5 0.9563012238597524 0.3069053708439898 0.01862128952429946 0.014746204004516046
3 0.37597853651365354 0.2953848989654616 0.013475933208374683 0.008294739752540244
3 0.2836826720822868 0.3075842337128247 0.027521673317737708 0.011091803157466641
0 0.28942895552225406 0.2989098748332675 0.003931667616819693 0.010238587529969206
0 0.2738535030402376 0.29848326701951877 0.00332679567577048 0.011091803157466641
0 0.27748273468653273 0.29805665920577 0.0051414114989180235 0.010807397948300814
