5 0.592768096923828 0.2917609080601193 0.06746978759765618 0.053030088482297275
1 0.3140222549438476 0.36187268402693945 0.019795227050781232 0.026251828234601305
1 0.9455396652221679 0.3923156106036115 0.023243331909179533 0.03494396512951868
1 0.23517193794250488 0.35815779590455066 0.018285560607910138 0.02578135764845226
1 0.48126001358032217 0.37068418736298625 0.020368957519531192 0.02738845503766132
1 0.9585791587829587 0.33737852888001163 0.008599662780761757 0.011886063592422521
1 0.14036724567413328 0.3510740119436776 0.021258974075317374 0.02497350422869808
1 0.8939308166503904 0.33291650189883376 0.0084228515625 0.011696655685837195
1 0.7495237350463867 0.3820266000417154 0.026420974731445255 0.03238929011673918
1 0.06081717014312744 0.34817155101151454 0.018592357635498047 0.024287618021517757
1 0.575036334991455 0.3725738720219161 0.02485942840576172 0.029703500350442714
1 0.8468660354614256 0.3872970185332912 0.024039077758789044 0.03151525154780888
1 0.4010868191719055 0.36510903020352353 0.023792624473571777 0.027197432859144843
1 0.8122848510742186 0.3307801923615375 0.007391738891601544 0.01064791702124955
1 0.9814863204956055 0.33798325308176597 0.009721374511718712 0.011787413641076029
1 0.9152967453002929 0.3341758133686593 0.00909538269042961 0.012665936298703892
1 0.8275732040405273 0.3304099859986661 0.0080570220947266 0.012710777185679593
1 0.858812141418457 0.3317890226367168 0.008170700073242245 0.01150975886892249
1 0.8422551155090331 0.33083785774218827 0.008604621887206993 0.013492802254535788
1 0.937905406951904 0.3359975192429341 0.008803749084472694 0.011822210169369154
1 0.6585807800292969 0.37955604653290226 0.021185684204101544 0.030819679709041828
1 0.8765199661254882 0.3324770612064719 0.007832336425781327 0.011073905447518692
2 0.8556777456998642 0.30292263697638633 0.018634597155118178 0.012698283699975086
2 0.9966207913492258 0.3107917633852609 0.0050678002263158245 0.011166870685758098
5 0.9551972971732127 0.30774798478237686 0.016744130777062573 0.013206215047974128
3 0.3744091673846806 0.29802831013347375 0.017667220239567523 0.007156769025503691
3 0.29069372378796077 0.30876346367172924 0.029082962548211123 0.013291142475935342
0 0.2943630695300248 0.29879510681477767 0.005436067766020762 0.011757549113327463
0 0.27941388317346766 0.29981750238984967 0.0038052474362145336 0.012779944688399412
0 0.283307555729457 0.298668434681792 0.0029530429261702155 0.012149318596788422
