5 0.5940754890441894 0.29014618772012435 0.06318359374999998 0.04432665168386196
1 0.3139097213745117 0.36124482192750573 0.018863868713378924 0.029291861008005793
1 0.39990620613098143 0.365429373500078 0.02191019058227539 0.030285893790483086
1 0.4809102058410644 0.36892911504675735 0.021265411376953165 0.0354551512410417
1 0.06153004169464111 0.34939642468014276 0.020139360427856436 0.02604107606581547
1 0.7497728824615478 0.3828288931914846 0.026286315917968768 0.03259771055940222
1 0.8452774047851562 0.388173926918988 0.02086639404296875 0.029400914045130705
1 0.5746642589569091 0.3742692162766934 0.024927997589111368 0.029677313272448932
1 0.9150389671325682 0.3342110583058222 0.008892440795898475 0.01226272704301844
1 0.2357265710830688 0.35851141113924107 0.018181896209716806 0.026337743374046724
1 0.8593194961547851 0.33278825696208325 0.008858299255371151 0.011885346138230928
1 0.9459197998046874 0.3922562412692557 0.025109481811523362 0.031820528306339434
1 0.9587787628173826 0.3367963148035191 0.008975601196289025 0.011644102166301667
1 0.8426946640014648 0.3315952203232078 0.008141899108886757 0.012879020193612424
1 0.14050556421279906 0.35245546998962496 0.020178008079528815 0.024190761705650245
1 0.8940237045288086 0.3340193186731141 0.008454895019531212 0.011641591076631045
1 0.8274183273315429 0.3304940178208586 0.008333206176757812 0.012157620003947383
1 0.9377050399780273 0.33533826852261733 0.009032058715820197 0.011655043342723756
1 0.8764770507812499 0.3329199098062439 0.0078117370605467985 0.011618811906047355
1 0.9819804191589355 0.3385634044774575 0.009674072265625 0.011622757904101206
1 0.6624139785766601 0.3792426984147161 0.028306770324707107 0.03170358327310682
1 0.81101655960083 0.33015071599017265 0.0077222824096680074 0.011619170633143196
2 0.8590269233519691 0.30428942404188036 0.015402585067193648 0.010001069079798211
2 0.9972105735079202 0.3109358241743083 0.0038882359089268998 0.010878749107663212
5 0.9533677568885309 0.3080829330031831 0.020353415981648932 0.017588087002403732
3 0.37798980267196525 0.2962953624350069 0.019051194086509352 0.007166156630950904
3 0.2866916737109045 0.30880489864864863 0.027571587066779375 0.009625894276629571
0 0.28966346153846156 0.2988684916534181 0.004127483093829248 0.011488970588235295
0 0.29222250105663566 0.29809220985691576 0.003632185122569738 0.012420508744038156
0 0.2756300190194421 0.29855797893481717 0.004787880388841927 0.01273102146263911
0 0.2793447538038884 0.2976264407790143 0.004952979712595097 0.013352046899841017
